data/working_set_collections/6091692-Cassins_Sparrow-MC/1990/bio6.asc
NCOLS 265 
NROWS 230 
XLLCORNER -115.5625 
YLLCORNER 24.8333333333333 
CELLSIZE 0.0833333333333333 
NODATA_value -9999 
[rows 0 to 19 of 230, columns 44 to 87 of 265]
-13.5013127221001 -13.8304644690619 -14.1596162160237 -14.4887679629855 -14.8179197099473 -15.1470714569091 -15.4762232038709 -15.8053749508327 -16.0960019429524 -16.3737873501247 -16.6515727572971 -16.9293581644694 -17.2071435716417 -17.484928978814 -17.7627143859863 -18.0025399949815 -18.1284862094455 -18.2544324239095 -18.3803786383735 -18.5063248528374 -18.6322710673014 -18.7582172817654 -18.8841634962294 -18.7335208892823 -18.4906820085314 -18.2478431277805 -18.0050042470297 -17.7621653662788 -17.5193264855279 -17.2764876047771 -16.8723046620689 -15.9840895334881 -15.0958744049074 -14.2076592763267 -13.3194441477459 -12.4312290191652 -11.5430138905845 -10.6547987620037 -10.2338090260824 -9.96856108771435 -9.70331314934626 -9.43806521097822 -9.17281727261018 -8.90756933424209
-13.3446900685628 -13.7039877573649 -14.0632854461669 -14.422583134969 -14.7818808237711 -15.1411785125732 -15.5004762013752 -15.8597738901774 -16.1445739746093 -16.4045415242512 -16.6645090738932 -16.9244766235351 -17.184444173177 -17.444411722819 -17.7043792724609 -17.9320765177409 -18.0629628499349 -18.1938491821289 -18.3247355143229 -18.4556218465169 -18.5865081787109 -18.7173945109049 -18.8482808430989 -18.6898487091065 -18.4349770863852 -18.1801054636638 -17.9252338409424 -17.6703622182211 -17.4154905954997 -17.1606189727784 -16.755082066854 -15.8975493113201 -15.0400165557863 -14.1824838002525 -13.3249510447185 -12.4674182891847 -11.6098855336509 -10.752352778117 -10.3468318939209 -10.0919816335043 -9.83713137308758 -9.58228111267093 -9.32743085225428 -9.07258059183758
-13.1880674150254 -13.5775110456678 -13.9669546763102 -14.3563983069525 -14.7458419375949 -15.1352855682372 -15.5247291988796 -15.914172829522 -16.1931460062662 -16.4352956983778 -16.6774453904893 -16.9195950826009 -17.1617447747124 -17.403894466824 -17.6460441589355 -17.8616130405002 -17.9974394904243 -18.1332659403483 -18.2690923902723 -18.4049188401964 -18.5407452901204 -18.6765717400445 -18.8123981899685 -18.6461765289307 -18.3792721642389 -18.112367799547 -17.8454634348552 -17.5785590701634 -17.3116547054715 -17.0447503407797 -16.6378594716392 -15.8110090891521 -14.9841587066652 -14.1573083241783 -13.3304579416912 -12.5036075592042 -11.6767571767173 -10.8499067942302 -10.4598547617595 -10.2154021792942 -9.97094959682889 -9.72649701436363 -9.48204443189836 -9.23759184943306
-13.0314447614881 -13.4510343339708 -13.8706239064534 -14.290213478936 -14.7098030514187 -15.1293926239013 -15.5489821963839 -15.9685717688666 -16.2417180379231 -16.4660498725043 -16.6903817070855 -16.9147135416666 -17.1390453762478 -17.363377210829 -17.5877090454101 -17.7911495632595 -17.9319161309136 -18.0726826985677 -18.2134492662218 -18.3542158338759 -18.4949824015299 -18.635748969184 -18.7765155368381 -18.6025043487549 -18.3235672420926 -18.0446301354303 -17.765693028768 -17.4867559221057 -17.2078188154433 -16.928881708781 -16.5206368764243 -15.7244688669842 -14.9283008575441 -14.132132848104 -13.3359648386638 -12.5397968292238 -11.7436288197837 -10.9474608103435 -10.572877629598 -10.3388227250841 -10.1047678205702 -9.87071291605634 -9.63665801154246 -9.40260310702855
-12.8748221079508 -13.3245576222737 -13.7742931365966 -14.2240286509195 -14.6737641652425 -15.1234996795654 -15.5732351938882 -16.0229707082112 -16.29029006958 -16.4968040466308 -16.7033180236816 -16.9098320007324 -17.1163459777832 -17.322859954834 -17.5293739318847 -17.7206860860189 -17.866392771403 -18.0120994567871 -18.1578061421712 -18.3035128275553 -18.4492195129394 -18.5949261983235 -18.7406328837077 -18.5588321685792 -18.2678623199464 -17.9768924713135 -17.6859226226807 -17.3949527740479 -17.1039829254151 -16.8130130767823 -16.4034142812095 -15.6379286448162 -14.872443008423 -14.1069573720298 -13.3414717356365 -12.5759860992433 -11.8105004628501 -11.0450148264568 -10.6859004974365 -10.4622432708741 -10.2385860443115 -10.014928817749 -9.79127159118656 -9.56761436462403
-12.7181994544134 -13.1980809105767 -13.6779623667398 -14.157843822903 -14.6377252790662 -15.1176067352294 -15.5974881913926 -16.0773696475558 -16.3388621012369 -16.5275582207573 -16.7162543402778 -16.9049504597981 -17.0936465793185 -17.282342698839 -17.4710388183594 -17.6502226087782 -17.8008694118924 -17.9515162150065 -18.1021630181206 -18.2528098212348 -18.4034566243489 -18.5541034274631 -18.7047502305772 -18.5151599884034 -18.2121573978001 -17.9091548071968 -17.6061522165935 -17.3031496259902 -17.0001470353869 -16.6971444447836 -16.2861916859946 -15.5513884226482 -14.8165851593019 -14.0817818959556 -13.3469786326091 -12.6121753692628 -11.8773721059165 -11.1425688425701 -10.7989233652751 -10.585663816664 -10.3724042680528 -10.1591447194417 -9.94588517083065 -9.73262562221951
-12.7108446333142 -13.1940928565131 -13.6773410797118 -14.1605893029106 -14.6438375261094 -15.1270857493082 -15.6103339725069 -16.0935821957058 -16.3519917805989 -16.5354551527235 -16.7189185248481 -16.9023818969726 -17.0858452690972 -17.2693086412218 -17.4527720133463 -17.6267386118571 -17.7722148895263 -17.9176911671956 -18.0631674448649 -18.2086437225342 -18.3541200002034 -18.4995962778727 -18.645072555542 -18.4490063985189 -18.1390927632651 -17.8291791280111 -17.5192654927572 -17.2093518575033 -16.8994382222494 -16.5895245869955 -16.1761619144018 -15.452452129788 -14.7287423451743 -14.0050325605606 -13.2813227759468 -12.5576129913331 -11.8339032067195 -11.1101934221057 -10.7832647959392 -10.5885965559218 -10.3939283159044 -10.1992600758871 -10.0045918358697 -9.80992359585235
-12.8527576446532 -13.3125934600829 -13.7724292755126 -14.2322650909423 -14.692100906372 -15.1519367218017 -15.6117725372313 -16.0716083526611 -16.329679107666 -16.5204948425293 -16.7113105773926 -16.9021263122558 -17.0929420471191 -17.2837577819824 -17.4745735168457 -17.6502340952555 -17.780429204305 -17.9106243133545 -18.0408194224039 -18.1710145314534 -18.3012096405029 -18.4314047495524 -18.5615998586019 -18.3603713989258 -18.0486684163412 -17.7369654337566 -17.4252624511719 -17.1135594685873 -16.8018564860026 -16.490153503418 -16.0733249664308 -15.3411197662354 -14.6089145660402 -13.8767093658449 -13.1445041656495 -12.4122989654542 -11.680093765259 -10.9478885650636 -10.6389247894288 -10.4710414886475 -10.3031581878662 -10.135274887085 -9.96739158630375 -9.79950828552248
-12.9946706559922 -13.4310940636528 -13.8675174713134 -14.303940878974 -14.7403642866346 -15.1767876942952 -15.6132111019557 -16.0496345096164 -16.307366434733 -16.505534532335 -16.703702629937 -16.901870727539 -17.100038825141 -17.298206922743 -17.496375020345 -17.6737295786539 -17.7886435190836 -17.9035574595133 -18.018471399943 -18.1333853403727 -18.2482992808024 -18.3632132212321 -18.4781271616618 -18.2717363993327 -17.9582440694174 -17.644751739502 -17.3312594095867 -17.0177670796713 -16.7042747497559 -16.3907824198406 -15.9704880184599 -15.2297874026829 -14.4890867869061 -13.7483861711292 -13.0076855553522 -12.2669849395753 -11.5262843237985 -10.7855837080215 -10.4945847829183 -10.3534864213732 -10.212388059828 -10.0712896982829 -9.93019133673778 -9.78909297519262
-13.1365836673312 -13.5495946672227 -13.9626056671142 -14.3756166670056 -14.7886276668972 -15.2016386667887 -15.6146496666801 -16.0276606665717 -16.2850537618001 -16.4905742221408 -16.6960946824815 -16.9016151428222 -17.1071356031629 -17.3126560635037 -17.5181765238444 -17.6972250620524 -17.7968578338623 -17.8964906056722 -17.9961233774821 -18.095756149292 -18.1953889211019 -18.2950216929118 -18.3946544647217 -18.1831013997396 -17.8678197224936 -17.5525380452474 -17.2372563680014 -16.9219746907553 -16.6066930135092 -16.2914113362631 -15.867651070489 -15.1184550391304 -14.369259007772 -13.6200629764135 -12.8708669450549 -12.1216709136964 -11.372474882338 -10.6232788509794 -10.3502447764079 -10.2359313540989 -10.1216179317898 -10.0073045094808 -9.8929910871718 -9.77867766486275
-13.2784966786701 -13.6680952707926 -14.057693862915 -14.4472924550373 -14.8368910471598 -15.2264896392822 -15.6160882314045 -16.005686823527 -16.2627410888672 -16.4756139119466 -16.688486735026 -16.9013595581054 -17.1142323811848 -17.3271052042643 -17.5399780273437 -17.7207205454508 -17.8050721486409 -17.889423751831 -17.9737753550211 -18.0581269582113 -18.1424785614014 -18.2268301645915 -18.3111817677816 -18.0944664001465 -17.7773953755697 -17.4603243509929 -17.1432533264161 -16.8261823018393 -16.5091112772624 -16.1920402526856 -15.7648141225181 -15.0071226755779 -14.2494312286378 -13.4917397816978 -12.7340483347576 -11.9763568878175 -11.2186654408775 -10.4609739939373 -10.2059047698975 -10.1183762868246 -10.0308478037516 -9.94331932067873 -9.85579083760582 -9.76826235453289
-13.4204096900091 -13.7865958743625 -14.1527820587157 -14.518968243069 -14.8851544274224 -15.2513406117756 -15.6175267961289 -15.9837129804823 -16.2404284159342 -16.4606536017523 -16.6808787875705 -16.9011039733886 -17.1213291592068 -17.3415543450249 -17.5617795308431 -17.7442160288493 -17.8132864634196 -17.8823568979899 -17.9514273325602 -18.0204977671305 -18.0895682017008 -18.1586386362712 -18.2277090708415 -18.0058314005535 -17.6869710286459 -17.3681106567383 -17.0492502848308 -16.7303899129233 -16.4115295410157 -16.0926691691081 -15.6619771745472 -14.8957903120254 -14.1296034495037 -13.3634165869821 -12.5972297244603 -11.8310428619386 -11.064855999417 -10.2986691368952 -10.0615647633871 -10.0008212195503 -9.94007767571346 -9.87933413187665 -9.81859058803984 -9.75784704420303
-13.5240939246283 -13.8702941470676 -14.2164943695068 -14.562694591946 -14.9088948143853 -15.2550950368245 -15.6012952592637 -15.947495481703 -16.2068194071451 -16.4371845669216 -16.6675497266981 -16.8979148864746 -17.128280046251 -17.3586452060275 -17.589010365804 -17.7729910108778 -17.8178181118435 -17.8626452128092 -17.907472313775 -17.9522994147407 -17.9971265157064 -18.0419536166721 -18.0867807176378 -17.8679312388103 -17.5611895667183 -17.2544478946262 -16.9477062225342 -16.6409645504422 -16.3342228783502 -16.0274812062582 -15.6122680240209 -14.8716403113472 -14.1310125986736 -13.390384886 -12.6497571733263 -11.9091294606528 -11.1685017479792 -10.4278740353055 -10.2074011484781 -10.1603132035997 -10.1132252587212 -10.0661373138427 -10.0190493689643 -9.97196142408579
-13.5895493825276 -13.9191900889078 -14.248830795288 -14.5784715016682 -14.9081122080485 -15.2377529144287 -15.5673936208088 -15.8970343271891 -16.1619140625 -16.4052068074544 -16.6484995524088 -16.8917922973632 -17.1350850423176 -17.3783777872721 -17.6216705322265 -17.8070454915365 -17.8186670939128 -17.8302886962891 -17.8419102986654 -17.8535319010417 -17.865153503418 -17.8767751057943 -17.8883967081706 -17.6807659149171 -17.4000509897869 -17.1193360646566 -16.8386211395264 -16.5579062143962 -16.277191289266 -15.9964763641358 -15.6156866709393 -14.9346726735434 -14.2536586761476 -13.5726446787518 -12.8916306813559 -12.2106166839601 -11.5296026865643 -10.8485886891683 -10.6434139251709 -10.596852238973 -10.550290552775 -10.5037288665771 -10.4571671803792 -10.4106054941813
-13.6550048404269 -13.9680860307481 -14.2811672210693 -14.5942484113904 -14.9073296017117 -15.2204107920328 -15.533491982354 -15.8465731726752 -16.1170087178548 -16.3732290479871 -16.6294493781195 -16.8856697082519 -17.1418900383843 -17.3981103685167 -17.654330698649 -17.8410999721951 -17.819516075982 -17.7979321797689 -17.7763482835558 -17.7547643873427 -17.7331804911296 -17.7115965949165 -17.6900126987034 -17.4936005910238 -17.2389124128554 -16.984224234687 -16.7295360565186 -16.4748478783502 -16.2201597001818 -15.9654715220134 -15.6191053178577 -14.9977050357395 -14.3763047536215 -13.7549044715035 -13.1335041893853 -12.5121039072673 -11.8907036251493 -11.2693033430312 -11.0794267018636 -11.0333912743462 -10.9873558468288 -10.9413204193115 -10.8952849917941 -10.8492495642767
-13.7204602983262 -14.0169819725884 -14.3135036468505 -14.6100253211127 -14.9065469953749 -15.203068669637 -15.4995903438991 -15.7961120181613 -16.0721033732096 -16.3412512885199 -16.6103992038303 -16.8795471191406 -17.1486950344509 -17.4178429497613 -17.6869908650716 -17.8751544528537 -17.8203650580512 -17.7655756632487 -17.7107862684462 -17.6559968736437 -17.6012074788412 -17.5464180840387 -17.4916286892361 -17.3064352671306 -17.077773835924 -16.8491124047174 -16.6204509735108 -16.3917895423042 -16.1631281110976 -15.934466679891 -15.6225239647761 -15.0607373979357 -14.4989508310955 -13.9371642642552 -13.3753776974149 -12.8135911305746 -12.2518045637344 -11.690017996894 -11.5154394785563 -11.4699303097195 -11.4244211408827 -11.3789119720459 -11.3334028032091 -11.2878936343722
-13.7859157562255 -14.0658779144287 -14.3458400726318 -14.6258022308349 -14.9057643890381 -15.1857265472412 -15.4656887054443 -15.7456508636474 -16.0271980285644 -16.3092735290527 -16.591349029541 -16.8734245300292 -17.1555000305175 -17.4375755310058 -17.7196510314941 -17.9092089335124 -17.8212140401205 -17.7332191467285 -17.6452242533366 -17.5572293599447 -17.4692344665528 -17.3812395731608 -17.2932446797689 -17.1192699432374 -16.9166352589926 -16.7140005747478 -16.511365890503 -16.3087312062582 -16.1060965220134 -15.9034618377686 -15.6259426116945 -15.1237697601319 -14.6215969085694 -14.1194240570069 -13.6172512054444 -13.1150783538819 -12.6129055023194 -12.1107326507569 -11.951452255249 -11.9064693450927 -11.8614864349365 -11.8165035247802 -11.771520614624 -11.7265377044677
-13.8513712141248 -14.114773856269 -14.378176498413 -14.6415791405571 -14.9049817827012 -15.1683844248453 -15.4317870669894 -15.6951897091335 -15.9822926839192 -16.2772957695854 -16.5722988552517 -16.8673019409179 -17.1623050265841 -17.4573081122504 -17.7523111979166 -17.943263414171 -17.8220630221897 -17.7008626302084 -17.579662238227 -17.4584618462457 -17.3372614542644 -17.216061062283 -17.0948606703017 -16.9321046193441 -16.7554966820612 -16.5788887447781 -16.4022808074952 -16.2256728702122 -16.0490649329292 -15.8724569956462 -15.6293612586128 -15.1868021223281 -14.7442429860434 -14.3016838497586 -13.8591247134739 -13.4165655771892 -12.9740064409045 -12.5314473046197 -12.3874650319417 -12.343008380466 -12.2985517289903 -12.2540950775146 -12.2096384260389 -12.1651817745632
-13.6848896026611 -13.9477608998617 -14.2106321970622 -14.4735034942627 -14.7363747914632 -14.9992460886637 -15.2621173858642 -15.5249886830648 -15.8136207580566 -16.1108397589789 -16.4080587599013 -16.7052777608236 -17.0024967617458 -17.2997157626682 -17.5969347635905 -17.7867689344619 -17.6544486151802 -17.5221282958985 -17.3898079766168 -17.2574876573351 -17.1251673380534 -16.9928470187718 -16.8605266994901 -16.7076964060466 -16.5480294545492 -16.3883625030518 -16.2286955515544 -16.069028600057 -15.9093616485596 -15.7496946970622 -15.5332568274605 -15.1465062035455 -14.7597555796306 -14.3730049557157 -13.9862543318007 -13.5995037078858 -13.2127530839709 -12.8260024600559 -12.6944634755452 -12.6479950375027 -12.6015265994602 -12.5550581614176 -12.5085897233751 -12.4621212853326
-13.2864709218343 -13.5648390452067 -13.8432071685791 -14.1215752919515 -14.3999434153239 -14.6783115386963 -14.9566796620686 -15.2350477854411 -15.5211822509765 -15.809905497233 -16.0986287434896 -16.3873519897461 -16.6760752360026 -16.9647984822591 -17.2535217285156 -17.4397254943848 -17.3183708190918 -17.1970161437989 -17.0756614685059 -16.9543067932129 -16.83295211792 -16.711597442627 -16.590242767334 -16.4460453033448 -16.2942335764568 -16.1424218495687 -15.9906101226807 -15.8387983957927 -15.6869866689047 -15.5351749420166 -15.3376293182374 -15.0028820037842 -14.6681346893311 -14.333387374878 -13.9986400604248 -13.6638927459717 -13.3291454315186 -12.9943981170655 -12.8724475860596 -12.8214293162028 -12.770411046346 -12.7193927764893 -12.6683745066325 -12.6173562367757
