data/working_set_collections/6091692-Cassins_Sparrow-MC/1990/bio6.asc
NCOLS 265 
NROWS 230 
XLLCORNER -115.5625 
YLLCORNER 24.8333333333333 
CELLSIZE 0.0833333333333333 
NODATA_value -9999 
[rows 60 to 79 of 230, columns 44 to 87 of 265]
-8.36148134867337 -8.68692080179843 -9.01236025492342 -9.33779970804841 -9.66323916117347 -9.98867861429846 -10.3141180674235 -10.6395575205485 -10.4115693887076 -9.99910539521125 -9.58664140171483 -9.17417740821849 -8.76171341472214 -8.34924942122572 -7.93678542772938 -7.59892307917281 -7.48486566543582 -7.37080825169885 -7.25675083796188 -7.14269342422488 -7.02863601048791 -6.91457859675094 -6.80052118301395 -6.87466592788696 -7.01154472563 -7.14842352337307 -7.28530232111612 -7.42218111885917 -7.55905991660223 -7.69593871434528 -7.84723408487104 -8.04177917374503 -8.23632426261899 -8.43086935149294 -8.62541444036693 -8.81995952924089 -9.01450461811485 -9.20904970698883 -9.42619819641109 -9.65088115268279 -9.87556410895452 -10.1002470652262 -10.3249300214979 -10.5496129777696
-8.84560813903796 -9.0431423187255 -9.24067649841301 -9.43821067810052 -9.63574485778807 -9.83327903747558 -10.0308132171631 -10.2283473968506 -9.99727597236647 -9.62333601315831 -9.24939605395009 -8.87545609474194 -8.50151613553378 -8.12757617632556 -7.7536362171174 -7.44413436253871 -7.32794682184859 -7.21175928115849 -7.0955717404684 -6.97938419977828 -6.86319665908818 -6.74700911839809 -6.63082157770797 -6.71477518081665 -6.86544249852497 -7.01610981623332 -7.16677713394165 -7.31744445164997 -7.46811176935832 -7.61877908706664 -7.78506757418311 -7.99821956952411 -8.21137156486508 -8.42452356020605 -8.63767555554705 -8.85082755088802 -9.06397954622899 -9.27713154156999 -9.45535316467282 -9.62193133036292 -9.78850949605306 -9.95508766174316 -10.1216658274333 -10.2882439931234
-9.32973492940259 -9.39936383565261 -9.46899274190262 -9.53862164815264 -9.60825055440266 -9.67787946065268 -9.74750836690269 -9.81713727315272 -9.5829825560253 -9.24756663110534 -8.91215070618532 -8.57673478126536 -8.2413188563454 -7.90590293142538 -7.57048700650541 -7.28934564590459 -7.17102797826135 -7.05271031061813 -6.9343926429749 -6.81607497533166 -6.69775730768844 -6.57943964004522 -6.46112197240197 -6.55488443374633 -6.71934027141993 -6.88379610909356 -7.04825194676716 -7.21270778444076 -7.37716362211439 -7.54161945978799 -7.72290106349517 -7.95465996530319 -8.18641886711117 -8.41817776891915 -8.64993667072717 -8.88169557253515 -9.11345447434313 -9.34521337615115 -9.48450813293455 -9.59298150804306 -9.70145488315158 -9.80992825826009 -9.9184016333686 -10.0268750084771
-9.81386171976721 -9.75558535257972 -9.69730898539224 -9.63903261820475 -9.58075625101726 -9.52247988382978 -9.4642035166423 -9.4059271494548 -9.16868913968414 -8.87179724905237 -8.57490535842055 -8.27801346778878 -7.98112157715701 -7.68422968652519 -7.38733779589342 -7.13455692927047 -7.0141091346741 -6.89366134007776 -6.77321354548141 -6.65276575088504 -6.5323179562887 -6.41187016169235 -6.29142236709598 -6.39499368667601 -6.57323804431489 -6.7514824019538 -6.92972675959267 -7.10797111723155 -7.28621547487046 -7.46445983250934 -7.66073455280723 -7.91110036108227 -8.16146616935726 -8.41183197763225 -8.66219778590729 -8.91256359418229 -9.16292940245728 -9.41329521073232 -9.51366310119628 -9.56403168572319 -9.61440027025011 -9.66476885477703 -9.71513743930394 -9.76550602383086
-10.2979885101318 -10.1118068695068 -9.92562522888183 -9.73944358825686 -9.55326194763186 -9.36708030700689 -9.18089866638193 -8.99471702575693 -8.75439572334301 -8.49602786699943 -8.23766001065581 -7.97929215431223 -7.72092429796865 -7.46255644162503 -7.20418858528145 -6.97976821263637 -6.85719029108687 -6.7346123695374 -6.61203444798793 -6.48945652643844 -6.36687860488897 -6.24430068333949 -6.12172276179 -6.23510293960571 -6.42713581720986 -6.61916869481405 -6.8112015724182 -7.00323445002235 -7.19526732762654 -7.38730020523069 -7.59856804211929 -7.86754075686135 -8.13651347160335 -8.40548618634536 -8.67445890108741 -8.94343161582942 -9.21240433057142 -9.48137704531347 -9.542818069458 -9.53508186340333 -9.52734565734865 -9.51960945129397 -9.51187324523929 -9.50413703918462
-10.7821153004964 -10.4680283864339 -10.1539414723714 -9.83985455830897 -9.52576764424646 -9.211680730184 -8.89759381612153 -8.58350690205901 -8.34010230700185 -8.12025848494646 -7.90041466289104 -7.68057084083565 -7.46072701878026 -7.24088319672484 -7.02103937466946 -6.82497949600225 -6.70027144749963 -6.57556339899703 -6.45085535049444 -6.32614730199182 -6.20143925348922 -6.07673120498663 -5.95202315648401 -6.07521219253539 -6.28103359010482 -6.48685498767428 -6.69267638524371 -6.89849778281315 -7.10431918038261 -7.31014057795204 -7.53640153143135 -7.82398115264042 -8.11156077384944 -8.39914039505846 -8.68672001626753 -8.97429963747655 -9.26187925868557 -9.54945887989464 -9.57197303771973 -9.50613204108346 -9.44029104444718 -9.3744500478109 -9.30860905117463 -9.24276805453835
-10.925471201208 -10.5486791465018 -10.1718870917957 -9.79509503708956 -9.41830298238337 -9.04151092767724 -8.66471887297111 -8.28792681826492 -8.04896947940196 -7.85595704582009 -7.66294461223818 -7.46993217865631 -7.27691974507443 -7.08390731149253 -6.89089487791066 -6.71948980755279 -6.61290682686701 -6.50632384618125 -6.39974086549549 -6.29315788480971 -6.18657490412394 -6.07999192343818 -5.9734089427524 -6.11336907943083 -6.33551025523072 -6.55765143103064 -6.77979260683053 -7.00193378263041 -7.22407495843033 -7.44621613423022 -7.67953198618349 -7.94637186659701 -8.21321174701048 -8.48005162742395 -8.74689150783746 -9.01373138825094 -9.28057126866441 -9.54741114907792 -9.57711041768393 -9.52776281568739 -9.47841521369085 -9.42906761169431 -9.37972000969778 -9.33037240770124
-10.7280562122664 -10.3537591497104 -9.97946208715448 -9.60516502459856 -9.23086796204257 -8.85657089948664 -8.48227383693071 -8.10797677437472 -7.88099724054342 -7.70312354962038 -7.5252498586973 -7.34737616777425 -7.1695024768512 -6.99162878592813 -6.81375509500508 -6.66329914728803 -6.59509642918906 -6.5268937110901 -6.45869099299114 -6.39048827489216 -6.3222855567932 -6.25408283869424 -6.18588012059527 -6.34957360029212 -6.59056581258764 -6.8315580248832 -7.07255023717871 -7.31354244947423 -7.55453466176978 -7.7955268740653 -8.02795940637578 -8.23471289873116 -8.4414663910865 -8.64821988344185 -8.85497337579723 -9.06172686815258 -9.26848036050792 -9.4752338528633 -9.55823020935058 -9.59997418721515 -9.64171816507972 -9.68346214294429 -9.72520612080885 -9.76695009867342
-10.5306412233248 -10.158839152919 -9.78703708251326 -9.41523501210754 -9.04343294170175 -8.67163087129602 -8.29982880089029 -7.9280267304845 -7.71302500168488 -7.55029005342066 -7.38755510515641 -7.22482015689219 -7.06208520862796 -6.89935026036372 -6.7366153120995 -6.60710848702326 -6.5772860315111 -6.54746357599895 -6.51764112048679 -6.48781866497463 -6.45799620946247 -6.42817375395031 -6.39835129843815 -6.58577812115344 -6.84562136994458 -7.10546461873578 -7.36530786752692 -7.62515111631807 -7.88499436510926 -8.14483761390041 -8.3763868265681 -8.52305393086534 -8.66972103516255 -8.81638813945976 -8.963055243757 -9.10972234805422 -9.25638945235143 -9.40305655664867 -9.53935000101723 -9.6721855587429 -9.8050211164686 -9.93785667419428 -10.07069223192 -10.2035277896456
-10.3332262343832 -9.96391915612757 -9.59461207787204 -9.22530499961652 -8.85599792136093 -8.4866908431054 -8.11738376484987 -7.74807668659428 -7.54505276282633 -7.39745655722093 -7.24986035161551 -7.10226414601012 -6.95466794040473 -6.8070717347993 -6.65947552919391 -6.5509178267585 -6.55947563383315 -6.56803344090779 -6.57659124798244 -6.58514905505709 -6.59370686213174 -6.60226466920639 -6.61082247628103 -6.82198264201475 -7.10067692730153 -7.37937121258835 -7.65806549787513 -7.93675978316191 -8.21545406844874 -8.49414835373552 -8.72481424676042 -8.81139496299951 -8.8979756792386 -8.98455639547768 -9.07113711171678 -9.15771782795586 -9.24429854419494 -9.33087926043404 -9.52046979268388 -9.74439693027067 -9.96832406785749 -10.1922512054443 -10.4161783430311 -10.6401054806179
-10.1358112454416 -9.76899915933617 -9.40218707323084 -9.03537498712551 -8.66856290102012 -8.3017508149148 -7.93493872880947 -7.56812664270408 -7.3770805239678 -7.24462306102123 -7.11216559807463 -6.97970813512806 -6.8472506721815 -6.7147932092349 -6.58233574628833 -6.49472716649373 -6.54166523615519 -6.58860330581664 -6.63554137547809 -6.68247944513955 -6.729417514801 -6.77635558446244 -6.8232936541239 -7.05818716287604 -7.35573248465845 -7.65327780644091 -7.95082312822332 -8.24836845000573 -8.54591377178819 -8.8434590935706 -9.0732416669527 -9.09973599513367 -9.12623032331462 -9.15272465149558 -9.17921897967654 -9.2057133078575 -9.23220763603846 -9.25870196421942 -9.50158958435054 -9.81660830179842 -10.1316270192464 -10.4466457366942 -10.7616644541421 -11.0766831715901
-9.93839625649993 -9.57407916254475 -9.20976206858962 -8.84544497463449 -8.4811278806793 -8.11681078672418 -7.75249369276905 -7.38817659881387 -7.20910828510925 -7.0917895648215 -6.97447084453374 -6.857152124246 -6.73983340395826 -6.62251468367049 -6.50519596338275 -6.43853650622897 -6.52385483847723 -6.60917317072549 -6.69449150297374 -6.77980983522201 -6.86512816747026 -6.95044649971852 -7.03576483196678 -7.29439168373735 -7.61078804201539 -7.92718440029349 -8.24358075857153 -8.55997711684957 -8.87637347512767 -9.19276983340571 -9.42166908714502 -9.38807702726784 -9.35448496739067 -9.32089290751349 -9.28730084763632 -9.25370878775914 -9.22011672788197 -9.18652466800479 -9.48270937601719 -9.88881967332618 -10.2949299706352 -10.7010402679442 -11.1071505652532 -11.5132608625623
-9.58650437593474 -9.24079757928858 -8.89509078264247 -8.54938398599637 -8.20367718935021 -7.85797039270411 -7.512263596058 -7.16655679941184 -6.99915679295863 -6.89119238323641 -6.78322797351417 -6.67526356379196 -6.56729915406974 -6.4593347443475 -6.35137033462529 -6.29871199925741 -6.41197188695273 -6.52523177464803 -6.63849166234334 -6.75175155003866 -6.86501143773396 -6.97827132542927 -7.09153121312459 -7.34084172646201 -7.63550244834684 -7.93016317023171 -8.22482389211653 -8.51948461400136 -8.81414533588623 -9.10880605777106 -9.31892293029368 -9.27540825472944 -9.2318935791652 -9.18837890360096 -9.14486422803672 -9.10134955247248 -9.05783487690824 -9.014320201344 -9.35707540909444 -9.82858724461653 -10.3000990801387 -10.7716109156608 -11.2431227511829 -11.7146345867051
-9.08013560374594 -8.76915440956763 -8.45817321538938 -8.14719202121113 -7.83621082703282 -7.52522963285457 -7.21424843867632 -6.90326724449802 -6.74722604751593 -6.64283151626594 -6.53843698501592 -6.43404245376593 -6.32964792251593 -6.22525339126592 -6.12085886001593 -6.07525364557903 -6.20601638158164 -6.33677911758424 -6.46754185358683 -6.59830458958945 -6.72906732559204 -6.85983006159464 -6.99059279759725 -7.19753729104994 -7.42987570365268 -7.66221411625546 -7.8945525288582 -8.12689094146094 -8.35922935406372 -8.59156776666646 -8.76500319639851 -8.7617296775183 -8.75845615863808 -8.75518263975787 -8.75190912087765 -8.74863560199744 -8.74536208311722 -8.742088564237 -9.12468768358226 -9.63591101566942 -10.1471343477567 -10.6583576798438 -11.169581011931 -11.6808043440182
-8.57376683155709 -8.29751123984665 -8.02125564813625 -7.74500005642585 -7.46874446471541 -7.19248887300501 -6.91623328129461 -6.63997768958417 -6.49529530207321 -6.39447064929544 -6.29364599651765 -6.19282134373988 -6.09199669096211 -5.99117203818432 -5.89034738540654 -5.85179529190063 -6.00006087621054 -6.14832646052043 -6.29659204483031 -6.44485762914022 -6.59312321345011 -6.74138879775999 -6.8896543820699 -7.05423285563786 -7.22424895895851 -7.39426506227919 -7.56428116559984 -7.73429726892049 -7.90431337224117 -8.07432947556182 -8.21108346250329 -8.24805110030711 -8.28501873811092 -8.32198637591473 -8.35895401371855 -8.39592165152236 -8.43288928932617 -8.46985692712999 -8.89229995807006 -9.4432347867223 -9.99416961537463 -10.5451044440269 -11.0960392726791 -11.6469741013314
-8.06739805936825 -7.82586807012566 -7.58433808088312 -7.34280809164057 -7.10127810239799 -6.85974811315544 -6.6182181239129 -6.37668813467032 -6.2433645566305 -6.14610978232495 -6.04885500801938 -5.95160023371383 -5.85434545940828 -5.75709068510271 -5.65983591079716 -5.62833693822224 -5.79410537083944 -5.95987380345662 -6.12564223607379 -6.291410668691 -6.45717910130817 -6.62294753392535 -6.78871596654255 -6.91092842022578 -7.01862221426434 -7.12631600830292 -7.23400980234148 -7.34170359638004 -7.44939739041862 -7.55709118445718 -7.65716372860807 -7.73437252309592 -7.81158131758376 -7.8887901120716 -7.96599890655945 -8.04320770104729 -8.12041649553513 -8.19762529002298 -8.65991223255786 -9.25055855777517 -9.84120488299259 -10.4318512082099 -11.0224975334272 -11.6131438586446
-7.56102928717944 -7.35422490040472 -7.14742051363002 -6.94061612685533 -6.7338117400806 -6.52700735330591 -6.32020296653122 -6.11339857975649 -5.9914338111878 -5.89774891535447 -5.80406401952113 -5.7103791236878 -5.61669422785447 -5.52300933202113 -5.4293244361878 -5.40487858454386 -5.58814986546836 -5.77142114639282 -5.95469242731729 -6.13796370824179 -6.32123498916625 -6.50450627009072 -6.68777755101522 -6.76762398481371 -6.81299546957019 -6.85836695432667 -6.90373843908315 -6.94910992383963 -6.99448140859611 -7.03985289335259 -7.1032439947129 -7.22069394588478 -7.33814389705664 -7.4555938482285 -7.57304379940038 -7.69049375057224 -7.80794370174411 -7.92539365291599 -8.42752450704568 -9.05788232882806 -9.68824015061056 -10.3185979723929 -10.9489557941753 -11.5793136159578
-7.0546605149906 -6.88258173068373 -6.71050294637689 -6.53842416207005 -6.36634537776319 -6.19426659345634 -6.0221878091495 -5.85010902484264 -5.73950306574509 -5.64938804838398 -5.55927303102286 -5.46915801366175 -5.37904299630065 -5.28892797893952 -5.19881296157842 -5.18142023086546 -5.38219436009726 -5.58296848932901 -5.78374261856077 -5.98451674779256 -6.18529087702432 -6.38606500625608 -6.58683913548787 -6.62431954940163 -6.60736872487601 -6.5904179003504 -6.57346707582479 -6.55651625129918 -6.53956542677356 -6.52261460224795 -6.54932426081768 -6.70701536867359 -6.86470647652948 -7.02239758438537 -7.18008869224128 -7.33777980009717 -7.49547090795306 -7.65316201580897 -8.19513678153348 -8.86520609988094 -9.53527541822852 -10.205344736576 -10.8754140549234 -11.545483373271
-6.70719622506041 -6.55427704917064 -6.40135787328089 -6.24843869739114 -6.09551952150137 -5.94260034561162 -5.78968116972187 -5.6367619938321 -5.54212528864546 -5.4669160736932 -5.39170685874093 -5.31649764378868 -5.24128842883642 -5.16607921388415 -5.0908699989319 -5.0833768314785 -5.27903180652192 -5.47468678156532 -5.67034175660871 -5.86599673165214 -6.06165170669554 -6.25730668173893 -6.45296165678236 -6.46678806940717 -6.42000496122575 -6.37322185304432 -6.3264387448629 -6.27965563668148 -6.23287252850005 -6.18608942031863 -6.19463713963824 -6.36917734146118 -6.54371754328409 -6.71825774510699 -6.89279794692993 -7.06733814875284 -7.24187835057575 -7.41641855239868 -7.94439193805051 -8.59017638497872 -9.23596083190704 -9.88174527883525 -10.5275297257635 -11.1733141726918
-6.51863641738898 -6.36931085586553 -6.2199852943421 -6.07065973281867 -5.92133417129521 -5.77200860977178 -5.62268304824835 -5.4733574867249 -5.39930047988895 -5.35033299128218 -5.3013655026754 -5.25239801406862 -5.20343052546185 -5.15446303685507 -5.1054955482483 -5.11074838638301 -5.27866220474241 -5.44657602310178 -5.61448984146115 -5.78240365982055 -5.95031747817992 -6.11823129653929 -6.28614511489869 -6.29502954483036 -6.25090417861942 -6.20677881240848 -6.16265344619755 -6.11852807998661 -6.07440271377567 -6.03027734756473 -6.03918263117471 -6.20717986424765 -6.37517709732056 -6.54317433039346 -6.7111715634664 -6.87916879653931 -7.04716602961222 -7.21516326268516 -7.67528997659678 -8.23279318412138 -8.79029639164608 -9.34779959917068 -9.90530280669528 -10.46280601422
