data/working_set_collections/6091692-Cassins_Sparrow-MC/1990/bio6.asc
NCOLS 265 
NROWS 230 
XLLCORNER -115.5625 
YLLCORNER 24.8333333333333 
CELLSIZE 0.0833333333333333 
NODATA_value -9999 
[rows 40 to 59 of 230, columns 88 to 131 of 265]
-10.8428340911866 -10.8747778574625 -11.1891129811605 -11.5034481048584 -11.8177832285563 -12.1321183522542 -12.4464534759521 -12.76078859965 -13.0751237233479 -13.6120990753173 -14.2232878367105 -14.8344765981038 -15.4456653594969 -16.0568541208901 -16.6680428822834 -17.2792316436766 -17.7080163319905 -17.589588801066 -17.4711612701416 -17.3527337392171 -17.2343062082926 -17.1158786773681 -16.9974511464437 -16.8790236155192 -16.3353076934815 -15.649828974406 -14.9643502553304 -14.278871536255 -13.5933928171795 -12.9079140981039 -12.2224353790284 -11.5245421250663 -10.7894052664441 -10.0542684078218 -9.3191315491996 -8.58399469057742 -7.84885783195511 -7.11372097333293 -6.37858411471075 -6.15874261856085 -6.11066624323532 -6.0625898679098 -6.01451349258427 -5.96643711725875
-10.6111242930095 -10.6493085649278 -10.995156817966 -11.3410050710042 -11.6868533240424 -12.0327015770806 -12.3785498301188 -12.7243980831569 -13.0702463361952 -13.6492109934488 -14.3058811187743 -14.9625512440998 -15.6192213694253 -16.2758914947508 -16.9325616200764 -17.5892317454019 -18.0505274878608 -17.9257000817193 -17.8008726755778 -17.6760452694363 -17.5512178632948 -17.4263904571533 -17.3015630510118 -17.1767356448703 -16.6108229319255 -15.8978817833796 -15.1849406348335 -14.4719994862875 -13.7590583377416 -13.0461171891955 -12.3331760406495 -11.601796187295 -10.8151002195149 -10.0284042517346 -9.24170828395439 -8.45501231617422 -7.66831634839392 -6.88162038061375 -6.09492441283358 -5.8792183876038 -5.85384234322446 -5.82846629884512 -5.80309025446577 -5.77771421008643
-10.5700311024984 -10.6270610809325 -11.0029277801513 -11.37879447937 -11.7546611785888 -12.1305278778075 -12.5063945770263 -12.882261276245 -13.2581279754638 -13.8351773579914 -14.4792876349553 -15.1233979119194 -15.7675081888833 -16.4116184658473 -17.0557287428113 -17.6998390197753 -18.1537606133355 -18.0371161566841 -17.9204717000326 -17.8038272433811 -17.6871827867296 -17.5705383300781 -17.4538938734267 -17.3372494167752 -16.7605497996014 -16.0304984622533 -15.3004471249051 -14.5703957875571 -13.840344450209 -13.1102931128609 -12.3802417755128 -11.6289121574828 -10.8137476974066 -9.99858323733026 -9.18341877725408 -8.3682543171779 -7.55308985710158 -6.73792539702541 -5.92276093694923 -5.7087675412496 -5.69516450034248 -5.68156145943537 -5.66795841852825 -5.65435537762113
-10.7195545196533 -10.8080354054768 -11.2124258677164 -11.6168163299559 -12.0212067921955 -12.4255972544351 -12.8299877166747 -13.2343781789142 -13.6387686411539 -14.1699981689452 -14.7435073852537 -15.3170166015624 -15.890525817871 -16.4640350341795 -17.0375442504882 -17.6110534667968 -18.0177157084148 -17.9238370259603 -17.8299583435059 -17.7360796610515 -17.642200978597 -17.5483222961426 -17.4544436136882 -17.3605649312337 -16.7844882965089 -16.0476790110272 -15.3108697255453 -14.5740604400636 -13.8372511545819 -13.1004418691 -12.3636325836183 -11.6058900356295 -10.7853477001193 -9.96480536460891 -9.1442630290987 -8.3237206935885 -7.50317835807815 -6.68263602256794 -5.86209368705774 -5.6473900794983 -5.63463271458945 -5.6218753496806 -5.60911798477174 -5.59636061986289
-10.8690779368082 -10.989009730021 -11.4219239552815 -11.8548381805419 -12.2877524058023 -12.7206666310627 -13.1535808563231 -13.5864950815835 -14.019409306844 -14.504818979899 -15.0077271355521 -15.5106352912054 -16.0135434468586 -16.5164516025118 -17.0193597581651 -17.5222679138183 -17.881670803494 -17.8105578952366 -17.7394449869792 -17.6683320787218 -17.5972191704644 -17.526106262207 -17.4549933539497 -17.3838804456923 -16.8084267934165 -16.0648595598011 -15.3212923261855 -14.5777250925701 -13.8341578589547 -13.0905906253392 -12.3470233917238 -11.5828679137762 -10.7569477028319 -9.93102749188755 -9.10510728094332 -8.27918706999909 -7.45326685905471 -6.62734664811048 -5.80142643716625 -5.586012617747 -5.57410092883641 -5.56218923992582 -5.55027755101523 -5.53836586210464
-11.0186013539632 -11.1699840545653 -11.6314220428466 -12.0928600311278 -12.554298019409 -13.0157360076903 -13.4771739959716 -13.9386119842528 -14.4000499725341 -14.8396397908528 -15.2719468858506 -15.7042539808485 -16.1365610758463 -16.5688681708441 -17.001175265842 -17.4334823608398 -17.7456258985732 -17.6972787645128 -17.6489316304525 -17.6005844963922 -17.5522373623318 -17.5038902282715 -17.4555430942112 -17.4071959601508 -16.832365290324 -16.0820401085749 -15.3317149268257 -14.5813897450766 -13.8310645633275 -13.0807393815783 -12.3304141998292 -11.5598457919229 -10.7285477055446 -9.8972496191662 -9.06595153278794 -8.23465344640968 -7.40335536003128 -6.57205727365301 -5.74075918727475 -5.5246351559957 -5.51356914308337 -5.50250313017104 -5.49143711725872 -5.48037110434639
-11.1681247711181 -11.3509583791096 -11.8409201304117 -12.3308818817137 -12.8208436330158 -13.3108053843179 -13.80076713562 -14.290728886922 -14.7806906382242 -15.1744606018065 -15.536166636149 -15.8978726704915 -16.2595787048339 -16.6212847391763 -16.9829907735188 -17.3446968078613 -17.6095809936524 -17.5839996337891 -17.5584182739258 -17.5328369140625 -17.5072555541992 -17.4816741943359 -17.4560928344727 -17.4305114746094 -16.8563037872316 -16.0992206573488 -15.3421375274659 -14.5850543975831 -13.8279712677004 -13.0708881378175 -12.3138050079347 -11.5368236700696 -10.7001477082573 -9.86347174644485 -9.02679578463256 -8.19011982282027 -7.35344386100784 -6.51676789919555 -5.68009193738326 -5.4632576942444 -5.45303735733034 -5.44281702041627 -5.43259668350221 -5.42237634658815
-11.3176481882731 -11.5319327036538 -12.0504182179768 -12.5689037322997 -13.0873892466226 -13.6058747609455 -14.1243602752684 -14.6428457895913 -15.1613313039143 -15.5092814127603 -15.8003863864474 -16.0914913601345 -16.3825963338215 -16.6737013075086 -16.9648062811957 -17.2559112548828 -17.4735360887316 -17.4707205030653 -17.4679049173991 -17.4650893317329 -17.4622737460666 -17.4594581604004 -17.4566425747342 -17.4538269890679 -16.8802422841391 -16.1164012061227 -15.3525601281061 -14.5887190500896 -13.8248779720732 -13.0610368940566 -12.2971958160402 -11.5138015482163 -10.67174771097 -9.8296938737235 -8.98764003647718 -8.14558619923086 -7.3035323619844 -6.46147852473809 -5.61942468749177 -5.40188023249309 -5.3925055715773 -5.3831309106615 -5.3737562497457 -5.3643815888299
-11.3570606231689 -11.5808355967203 -12.1039740244547 -12.6271124521891 -13.1502508799234 -13.6733893076578 -14.1965277353922 -14.7196661631265 -15.242804590861 -15.5633252461751 -15.8163066440158 -16.0692880418566 -16.3222694396973 -16.575250837538 -16.8282322353787 -17.0812136332194 -17.2796410454644 -17.3144065009223 -17.3491719563802 -17.3839374118381 -17.418702867296 -17.4534683227539 -17.4882337782118 -17.5229992336697 -16.9607504526775 -16.1994969262019 -15.4382433997261 -14.6769898732504 -13.9157363467748 -13.154482820299 -12.3932292938233 -11.6109726534951 -10.765706671609 -9.92044068972282 -9.07517470783674 -8.22990872595067 -7.38464274406445 -6.53937676217838 -5.6941107802923 -5.46847620010374 -5.44938542048135 -5.43029464085896 -5.41120386123656 -5.39211308161417
-11.2863620758057 -11.4976670583088 -12.0015875498453 -12.5055080413818 -13.0094285329182 -13.5133490244547 -14.0172695159912 -14.5211900075276 -15.0251104990641 -15.3365921020508 -15.5839274088541 -15.8312627156576 -16.0785980224609 -16.3259333292643 -16.5732686360677 -16.8206039428711 -17.0278958638509 -17.11505762736 -17.2022193908691 -17.2893811543783 -17.3765429178874 -17.4637046813965 -17.5508664449056 -17.6380282084147 -17.0978282928468 -16.3485078175864 -15.5991873423259 -14.8498668670655 -14.1005463918052 -13.3512259165446 -12.6019054412843 -11.8283369859061 -10.9820245901746 -10.1357121944429 -9.2893997987113 -8.44308740297974 -7.59677500724803 -6.75046261151647 -5.90415021578491 -5.66304559707639 -5.62367690404254 -5.58430821100869 -5.54493951797484 -5.50557082494099
-11.2156635284424 -11.4144985198974 -11.899201075236 -12.3839036305745 -12.868606185913 -13.3533087412516 -13.8380112965901 -14.3227138519286 -14.8074164072672 -15.1098589579264 -15.3515481736925 -15.5932373894586 -15.8349266052246 -16.0766158209906 -16.3183050367567 -16.5599942525228 -16.7761506822374 -16.9157087537978 -17.0552668253581 -17.1948248969184 -17.3343829684787 -17.473941040039 -17.6134991115994 -17.7530571831597 -17.2349061330161 -16.497518708971 -15.7601312849257 -15.0227438608806 -14.2853564368355 -13.5479690127903 -12.8105815887452 -12.0457013183172 -11.1983425087401 -10.3509836991629 -9.50362488958587 -8.65626608000882 -7.80890727043163 -6.96154846085459 -6.11418965127754 -5.85761499404906 -5.79796838760375 -5.73832178115844 -5.67867517471313 -5.61902856826782
-11.1449649810791 -11.3313299814859 -11.7968146006266 -12.2622992197672 -12.7277838389078 -13.1932684580485 -13.6587530771891 -14.1242376963297 -14.5897223154703 -14.8831258138021 -15.1191689385308 -15.3552120632596 -15.5912551879883 -15.827298312717 -16.0633414374458 -16.2993845621745 -16.5244055006239 -16.7163598802355 -16.908314259847 -17.1002686394585 -17.2922230190701 -17.4841773986816 -17.6761317782931 -17.8680861579047 -17.3719839731853 -16.6465296003555 -15.9210752275256 -15.1956208546957 -14.4701664818659 -13.744712109036 -13.0192577362062 -12.2630656507282 -11.4146604273057 -10.566255203883 -9.71784998046044 -8.86944475703791 -8.02103953361523 -7.1726343101927 -6.32422908677017 -6.05218439102172 -5.97225987116496 -5.89233535130819 -5.81241083145141 -5.73248631159465
-11.0742664337158 -11.2481614430745 -11.6944281260172 -12.1406948089599 -12.5869614919026 -13.0332281748454 -13.479494857788 -13.9257615407307 -14.3720282236735 -14.6563926696777 -14.8867897033691 -15.1171867370606 -15.347583770752 -15.5779808044433 -15.8083778381348 -16.0387748718262 -16.2726603190104 -16.5170110066732 -16.7613616943359 -17.0057123819987 -17.2500630696614 -17.4944137573242 -17.7387644449869 -17.9831151326497 -17.5090618133546 -16.79554049174 -16.0820191701254 -15.3684978485108 -14.6549765268963 -13.9414552052816 -13.2279338836671 -12.4804299831392 -11.6309783458712 -10.781526708603 -9.932075071335 -9.08262343406698 -8.23317179679882 -7.3837201595308 -6.53426852226278 -6.24675378799437 -6.14655135472615 -6.04634892145793 -5.94614648818969 -5.84594405492147
-11.0035678863525 -11.164992904663 -11.5920416514078 -12.0190903981526 -12.4461391448974 -12.8731878916422 -13.300236638387 -13.7272853851318 -14.1543341318766 -14.4296595255534 -14.6544104682074 -14.8791614108616 -15.1039123535156 -15.3286632961697 -15.5534142388238 -15.7781651814779 -16.0209151373969 -16.3176621331109 -16.6144091288248 -16.9111561245388 -17.2079031202528 -17.5046501159667 -17.8013971116807 -18.0981441073947 -17.6461396535239 -16.9445513831246 -16.2429631127252 -15.5413748423259 -14.8397865719267 -14.1381983015273 -13.436610031128 -12.6977943155502 -11.8472962644367 -10.9967982133231 -10.1463001622096 -9.29580211109606 -8.44530405998241 -7.59480600886891 -6.74430795775541 -6.44132318496703 -6.32084283828736 -6.20036249160768 -6.07988214492798 -5.9594017982483
-10.9653697967529 -11.129439247979 -11.5359062618679 -11.9423732757568 -12.3488402896456 -12.7553073035346 -13.1617743174234 -13.5682413313123 -13.9747083452013 -14.2692929585774 -14.5265834384494 -14.7838739183214 -15.0411643981933 -15.2984548780652 -15.5557453579372 -15.8130358378092 -16.0809012518988 -16.3804914686414 -16.680081685384 -16.9796719021266 -17.2792621188693 -17.5788523356119 -17.8784425523545 -18.1780327690972 -17.7245873769126 -17.0201301150853 -16.315672853258 -15.6112155914308 -14.9067583296036 -14.2023010677762 -13.497843805949 -12.7647686998051 -11.9458400607111 -11.126911421617 -10.307982782523 -9.48905414342902 -8.67012550433488 -7.85119686524089 -7.03226822614689 -6.71633179585137 -6.56805943515565 -6.41978707445993 -6.27151471376419 -6.12324235306847
-10.959672164917 -11.1415004730224 -11.5260219573974 -11.9105434417724 -12.2950649261474 -12.6795864105224 -13.0641078948974 -13.4486293792724 -13.8331508636474 -14.17529296875 -14.503308614095 -14.8313242594401 -15.1593399047851 -15.4873555501301 -15.8153711954752 -16.1433868408202 -16.4526186625162 -16.7054990132649 -16.9583793640136 -17.2112597147623 -17.464140065511 -17.7170204162597 -17.9699007670084 -18.2227811177571 -17.7444049835206 -17.0222766876222 -16.3001483917237 -15.5780200958253 -14.8558917999269 -14.1337635040284 -13.41163520813 -12.6813531359039 -11.9266097346944 -11.1718663334848 -10.4171229322753 -9.66237953106581 -8.9076361298562 -8.15289272864672 -7.39814932743723 -7.0717796206474 -6.88820114533105 -6.7046226700147 -6.52104419469832 -6.33746571938197
-10.953974533081 -11.1535616980658 -11.5161376529269 -11.878713607788 -12.2412895626491 -12.6038655175103 -12.9664414723714 -13.3290174272325 -13.6915933820936 -14.0812929789225 -14.4800337897406 -14.8787746005588 -15.2775154113769 -15.676256222195 -16.0749970330132 -16.4737378438313 -16.8243360731336 -17.0305065578884 -17.2366770426432 -17.4428475273979 -17.6490180121527 -17.8551884969075 -18.0613589816623 -18.2675294664171 -17.7642225901287 -17.0244232601591 -16.2846239301894 -15.5448246002199 -14.8050252702503 -14.0652259402806 -13.325426610311 -12.5979375720026 -11.9073794086776 -11.2168212453525 -10.5262630820276 -9.83570491870261 -9.14514675537754 -8.45458859205257 -7.76403042872761 -7.42722744544346 -7.20834285550648 -6.9894582655695 -6.77057367563248 -6.5516890856955
-10.9482769012451 -11.1656229231092 -11.5062533484565 -11.8468837738037 -12.1875141991509 -12.5281446244981 -12.8687750498453 -13.2094054751925 -13.5500359005398 -13.987292989095 -14.4567589653862 -14.9262249416775 -15.3956909179687 -15.8651568942599 -16.3346228705511 -16.8040888468423 -17.196053483751 -17.3555141025119 -17.5149747212727 -17.6744353400336 -17.8338959587944 -17.9933565775553 -18.1528171963161 -18.312277815077 -17.7840401967368 -17.026569832696 -16.2690994686551 -15.5116291046144 -14.7541587405736 -13.9966883765328 -13.239218012492 -12.5145220081013 -11.8881490826609 -11.2617761572203 -10.6354032317799 -10.0090303063394 -9.38265738089887 -8.75628445545843 -8.12991153001799 -7.78267527023952 -7.5284845656819 -7.27429386112429 -7.02010315656663 -6.76591245200902
-10.9425792694091 -11.1776841481526 -11.496369043986 -11.8150539398193 -12.1337388356526 -12.452423731486 -12.7711086273193 -13.0897935231526 -13.408478418986 -13.8932929992675 -14.4334841410318 -14.9736752827962 -15.5138664245604 -16.0540575663247 -16.5942487080891 -17.1344398498534 -17.5677708943684 -17.6805216471353 -17.7932723999023 -17.9060231526692 -18.0187739054362 -18.1315246582031 -18.24427541097 -18.357026163737 -17.8038578033449 -17.0287164052329 -16.2535750071209 -15.4784336090089 -14.703292210897 -13.9281508127849 -13.153009414673 -12.4311064442 -11.8689187566441 -11.3067310690881 -10.7445433815321 -10.1823556939762 -9.62016800642019 -9.05798031886426 -8.49579263130834 -8.13812309503554 -7.8486262758573 -7.55912945667906 -7.26963263750077 -6.98013581832253
-10.9368816375732 -11.189745373196 -11.4864847395155 -11.7832241058349 -12.0799634721543 -12.3767028384738 -12.6734422047933 -12.9701815711127 -13.2669209374322 -13.79929300944 -14.4102093166774 -15.0211256239149 -15.6320419311522 -16.2429582383896 -16.8538745456271 -17.4647908528644 -17.9394883049858 -18.0055291917588 -18.0715700785318 -18.1376109653049 -18.2036518520779 -18.2696927388509 -18.3357336256239 -18.4017745123969 -17.8236754099529 -17.0308629777698 -16.2380505455866 -15.4452381134035 -14.6524256812203 -13.8596132490371 -13.066800816854 -12.3476908802987 -11.8496884306273 -11.3516859809558 -10.8536835312844 -10.355681081613 -9.85767863194153 -9.35967618227012 -8.86167373259871 -8.4935709198316 -8.16876798603273 -7.84396505223385 -7.51916211843493 -7.19435918463605
