data/working_set_collections/6091692-Cassins_Sparrow-MC/1990/bio7.asc
NCOLS 265 
NROWS 230 
XLLCORNER -115.5625 
YLLCORNER 24.8333333333333 
CELLSIZE 0.0833333333333333 
NODATA_value -9999 
[rows 180 to 199 of 230, columns 184 to 229 of 265]
31.5282231648763 31.4385503133138 31.3488774617513 31.2867891947428 31.2338957892524 31.181002383762 31.1281089782715 31.075215572781 31.0223221672906 30.9694287618001 30.909309217665 30.8275112575955 30.7457132975261 30.6639153374566 30.5821173773872 30.5003194173177 30.4185214572483 30.3367234971789 30.2666748046875 30.2005425347223 30.134410264757 30.0682779947917 30.0021457248264 29.9360134548612 29.8698811848959 29.7799257066515 29.61850060357 29.4570755004883 29.2956503974068 29.1342252943252 28.9728001912436 28.811375088162 28.6499499850804 28.4262629191082 28.1818218655058 27.9373808119034 27.6929397583009 27.4484987046985 27.2040576510961 26.9596165974936 26.7062299092612 26.4260063171389 26.1457827250165 25.8655591328941 25.5853355407718 25.3051119486493
31.5172439575195 31.4368565877279 31.3564692179362 31.2965614318848 31.2434801737468 31.1903989156087 31.1373176574707 31.0842363993327 31.0311551411947 30.9780738830566 30.9158894856771 30.8263956705729 30.7369018554688 30.6474080403646 30.5579142252604 30.4684204101563 30.3789265950521 30.289432779948 30.2063659667969 30.1254414876302 30.0445170084636 29.9635925292969 29.8826680501302 29.8017435709636 29.7208190917969 29.6172449747722 29.4457219441733 29.2741989135743 29.1026758829753 28.9311528523764 28.7596298217774 28.5881067911785 28.4165837605795 28.1570785522462 27.8682459513348 27.5794133504233 27.2905807495118 27.0017481486004 26.712915547689 26.4240829467775 26.115365346273 25.7469927469892 25.3786201477053 25.0102475484215 24.6418749491376 24.2735023498538
31.5062647501628 31.4351628621419 31.3640609741211 31.3063336690267 31.2530645582411 31.1997954474555 31.1465263366699 31.0932572258843 31.0399881150988 30.9867190043132 30.9224697536893 30.8252800835504 30.7280904134115 30.6309007432726 30.5337110731337 30.4365214029948 30.3393317328559 30.242142062717 30.1460571289063 30.0503404405382 29.9546237521702 29.8589070638021 29.7631903754341 29.667473687066 29.571756998698 29.4545642428929 29.2729432847766 29.0913223266602 28.9097013685439 28.7280804104276 28.5464594523113 28.364838494195 28.1832175360786 27.8878941853842 27.5546700371637 27.2214458889433 26.8882217407228 26.5549975925023 26.2217734442818 25.8885492960613 25.5245007832847 25.0679791768394 24.6114575703941 24.1549359639488 23.6984143575035 23.2418927510582
31.495285542806 31.433469136556 31.371652730306 31.3161059061686 31.2626489427355 31.2091919793023 31.1557350158691 31.102278052436 31.0488210890028 30.9953641255697 30.9290500217014 30.8241644965278 30.7192789713542 30.6143934461806 30.509507921007 30.4046223958334 30.2997368706597 30.1948513454861 30.0857482910157 29.9752393934462 29.8647304958768 29.7542215983073 29.6437127007379 29.5332038031685 29.422694905599 29.2918835110135 29.1001646253799 28.9084457397462 28.7167268541125 28.5250079684788 28.3332890828451 28.1415701972115 27.9498513115778 27.6187098185223 27.2410941229928 26.8634784274633 26.4858627319337 26.1082470364043 25.7306313408748 25.3530156453452 24.9336362202965 24.3889656066897 23.8442949930829 23.2996243794762 22.7549537658695 22.2102831522627
31.4843063354492 31.4317754109701 31.3792444864909 31.3258781433106 31.2722333272298 31.2185885111491 31.1649436950684 31.1112988789876 31.0576540629069 31.0040092468262 30.9356302897136 30.8230489095052 30.7104675292969 30.5978861490886 30.4853047688802 30.3727233886719 30.2601420084636 30.1475606282552 30.025439453125 29.9001383463542 29.7748372395834 29.6495361328125 29.5242350260417 29.3989339192709 29.2736328125 29.1292027791342 28.9273859659832 28.7255691528321 28.5237523396811 28.32193552653 28.120118713379 27.918301900228 27.7164850870769 27.3495254516603 26.9275182088218 26.5055109659833 26.0835037231447 25.6614964803062 25.2394892374677 24.8174819946291 24.3427716573082 23.70995203654 23.0771324157717 22.4443127950035 21.8114931742354 21.1786735534671
31.4733271280925 31.4300816853841 31.3868362426758 31.3356503804525 31.2818177117242 31.2279850429959 31.1741523742676 31.1203197055393 31.066487036811 31.0126543680827 30.9422105577257 30.8219333224827 30.7016560872396 30.5813788519966 30.4611016167535 30.3408243815104 30.2205471462674 30.1002699110243 29.9651306152344 29.8250372992622 29.68494398329 29.5448506673177 29.4047573513455 29.2646640353733 29.1245707194011 28.9665220472548 28.7546073065865 28.542692565918 28.3307778252496 28.1188630845813 27.9069483439128 27.6950336032444 27.4831188625761 27.0803410847983 26.6139422946508 26.1475435045032 25.6811447143556 25.2147459242081 24.7483471340605 24.2819483439129 23.7519070943199 23.0309384663903 22.3099698384605 21.5890012105309 20.8680325826013 -9999
31.4324467976888 31.3939878675673 31.3555289374458 31.3036908467611 31.2473930358887 31.1910952250163 31.1347974141439 31.0784996032715 31.0222017923991 30.9659039815267 30.8916628519695 30.7635917663575 30.6355206807455 30.5074495951335 30.3793785095215 30.2513074239096 30.1232363382976 29.9951652526856 29.8494135538738 29.6977683173286 29.5461230807835 29.3944778442383 29.2428326076932 29.0911873711481 28.9395421346029 28.7676094902887 28.5348146226672 28.3020197550457 28.0692248874242 27.8364300198027 27.6036351521811 27.3708402845596 27.1380454169381 26.6756874084475 26.1368083530005 25.5979292975535 25.0590502421064 24.5201711866594 23.9812921312124 23.4424130757653 22.8547858344188 22.1209140353737 21.3870422363285 20.6531704372834 19.9192986382382 19.185426839193
31.3616653442383 31.3234939575196 31.2853225708008 31.2299995422363 31.1689592997233 31.1079190572103 31.0468788146973 30.9858385721843 30.9247983296713 30.8637580871582 30.7839871724447 30.6480242411296 30.5120613098145 30.3760983784994 30.2401354471843 30.1041725158692 29.9682095845541 29.832246653239 29.678288269043 29.5183314005534 29.3583745320639 29.1984176635743 29.0384607950847 28.8785039265951 28.7185470581055 28.5324651082358 28.2680079142254 28.0035507202149 27.7390935262045 27.4746363321942 27.2101791381837 26.9457219441733 26.6812647501629 26.1355644226076 25.4961163838707 24.8566683451338 24.2172203063967 23.5777722676598 22.9383242289229 22.2988761901859 21.6514078776045 20.97987874349 20.3083496093753 19.6368204752607 18.9652913411462 -9999
31.2908838907878 31.2530000474718 31.2151162041558 31.1563082377116 31.090525563558 31.0247428894043 30.9589602152507 30.893177541097 30.8273948669434 30.7616121927897 30.67631149292 30.5324567159017 30.3886019388835 30.2447471618653 30.1008923848471 29.9570376078288 29.8131828308106 29.6693280537924 29.5071629842123 29.3388944837783 29.1706259833443 29.0023574829102 28.8340889824762 28.6658204820422 28.4975519816081 28.2973207261828 28.0012012057835 27.7050816853842 27.4089621649849 27.1128426445856 26.8167231241863 26.520603603787 26.2244840833877 25.5954414367678 24.8554244147409 24.1154073927141 23.3753903706871 22.6353733486602 21.8953563266334 21.1553393046064 20.4480299207902 19.8388434516062 19.2296569824221 18.6204705132381 18.0112840440541 -9999
31.2201024373373 31.1825061374241 31.1449098375109 31.0826169331869 31.0120918273926 30.9415667215983 30.8710416158041 30.8005165100098 30.7299914042155 30.6594662984213 30.5686358133952 30.4168891906739 30.2651425679525 30.1133959452312 29.9616493225098 29.8099026997885 29.6581560770671 29.5064094543458 29.3360376993816 29.1594575670031 28.9828774346247 28.8062973022462 28.6297171698677 28.4531370374892 28.2765569051108 28.0621763441299 27.7343944973417 27.4066126505535 27.0788308037653 26.7510489569772 26.4232671101889 26.0954852634008 25.7677034166126 25.055318450928 24.2147324456112 23.3741464402944 22.5335604349775 21.6929744296608 20.852388424344 20.0118024190271 19.2446519639761 18.6978081597226 18.1509643554691 -9999 -9999 -9999
31.1493209838867 31.1120122273763 31.0747034708659 31.0089256286621 30.9336580912272 30.8583905537924 30.7831230163575 30.7078554789226 30.6325879414877 30.5573204040528 30.4609601338705 30.301321665446 30.1416831970215 29.9820447285971 29.8224062601726 29.6627677917481 29.5031293233236 29.3434908548992 29.1649124145508 28.9800206502279 28.795128885905 28.6102371215821 28.4253453572592 28.2404535929363 28.0555618286133 27.8270319620769 27.4675877888999 27.1081436157228 26.7486994425457 26.3892552693687 26.0298110961915 25.6703669230145 25.3109227498374 24.5151954650881 23.5740404764814 22.6328854878747 21.6917304992679 20.7505755106612 19.8094205220545 18.8682655334476 18.0412740071618 17.5567728678389 -9999 -9999 -9999 -9999
31.0785395304362 31.0415183173286 31.0044971042209 30.9352343241374 30.8552243550619 30.7752143859864 30.6952044169108 30.6151944478353 30.5351844787598 30.4551745096843 30.3532844543458 30.1857541402182 30.0182238260905 29.8506935119629 29.6831631978354 29.5156328837077 29.3481025695801 29.1805722554525 28.9937871297201 28.8005837334528 28.6073803371854 28.414176940918 28.2209735446507 28.0277701483833 27.8345667521159 27.591887580024 27.200781080458 26.809674580892 26.4185680813261 26.0274615817601 25.6363550821941 25.2452485826282 24.8541420830622 23.9750724792483 22.9333485073517 21.891624535455 20.8499005635582 19.8081765916616 -9999 -9999 -9999 -9999 -9999 -9999 -9999 -9999
30.996316019694 30.9574305216472 30.9185450236003 30.842724609375 30.7545925564237 30.6664605034723 30.5783284505209 30.4901963975695 30.4020643446181 30.3139322916667 30.2054330613879 30.0358322991266 29.8662315368653 29.696630774604 29.5270300123427 29.3574292500814 29.1878284878202 29.0182277255589 28.8274274190268 28.6295605977377 28.4316937764487 28.2338269551596 28.0359601338705 27.8380933125815 27.6402264912924 27.3843939887154 26.9546644422745 26.5249348958335 26.0952053493925 25.6654758029516 25.2357462565106 24.8060167100696 24.3762871636287 23.4446558634443 22.3457239786787 21.2467920939132 20.1478602091474 19.0489283243819 -9999 -9999 -9999 -9999 -9999 -9999 -9999 -9999
30.9026504516602 30.8597488403321 30.8168472290039 30.731396484375 30.6317626953125 30.5321289062501 30.4324951171875 30.332861328125 30.2332275390626 30.13359375 30.0174059549968 29.8515561421713 29.6857063293458 29.5198565165202 29.3540067036947 29.1881568908692 29.0223070780437 28.8564572652182 28.6658332824708 28.4669512430828 28.2680692036947 28.0691871643067 27.8703051249187 27.6714230855307 27.4725410461426 27.2045511881512 26.7292378743491 26.253924560547 25.778611246745 25.3032979329429 24.8279846191408 24.3526713053387 23.8773579915367 22.9239456176761 21.8111668904626 20.6983881632491 19.5856094360354 -9999 -9999 -9999 -9999 -9999 -9999 -9999 -9999 -9999
30.8089848836263 30.762067159017 30.7151494344076 30.620068359375 30.5089328342014 30.3977973090278 30.2866617838542 30.1755262586806 30.064390733507 29.9532552083334 29.8293788486057 29.667279985216 29.5051811218262 29.3430822584365 29.1809833950467 29.018884531657 28.8567856682672 28.6946868048775 28.5042391459148 28.3043418884278 28.1044446309408 27.9045473734538 27.7046501159669 27.5047528584799 27.3048556009929 27.0247083875869 26.5038113064238 25.9829142252605 25.4620171440974 24.9411200629342 24.420222981771 23.8993259006078 23.3784288194447 22.4032353719078 21.2766098022464 20.149984232585 -9999 -9999 -9999 -9999 -9999 -9999 -9999 -9999 -9999 -9999
30.7153193155925 30.6643854777019 30.6134516398112 30.508740234375 30.3861029730903 30.2634657118056 30.1408284505209 30.0181911892362 29.8955539279515 29.7729166666667 29.6413517422147 29.4830038282607 29.3246559143067 29.1663080003527 29.0079600863987 28.8496121724447 28.6912642584907 28.5329163445368 28.3426450093588 28.1417325337729 27.9408200581869 27.739907582601 27.538995107015 27.3380826314291 27.1371701558432 26.8448655870227 26.2783847384985 25.7119038899741 25.1454230414498 24.5789421929256 24.0124613444012 23.445980495877 22.8794996473527 21.8825251261396 20.7420527140303 -9999 -9999 -9999 -9999 -9999 -9999 -9999 -9999 -9999 -9999 -9999
30.6216537475586 30.5667037963867 30.5117538452149 30.397412109375 30.2632731119792 30.1291341145834 29.9949951171876 29.8608561197917 29.7267171223959 29.592578125 29.4533246358236 29.2987276713054 29.1441307067872 28.9895337422689 28.8349367777507 28.6803398132325 28.5257428487143 28.371145884196 28.1810508728028 27.9791231791179 27.777195485433 27.5752677917481 27.3733400980632 27.1714124043783 26.9694847106934 26.6650227864585 26.0529581705731 25.4408935546877 24.8288289388023 24.2167643229169 23.6046997070314 22.992635091146 22.3805704752607 21.3618148803714 20.2074956258142 -9999 17.8988571166995 -9999 -9999 -9999 -9999 -9999 -9999 -9999 -9999 -9999
30.5279881795248 30.4690221150716 30.4100560506185 30.286083984375 30.1404432508681 29.9948025173612 29.8491617838542 29.7035210503473 29.5578803168403 29.4122395833334 29.2652975294326 29.1144515143501 28.9636054992676 28.8127594841852 28.6619134691027 28.5110674540202 28.3602214389378 28.2093754238553 28.0194567362468 27.816513824463 27.6135709126791 27.4106280008952 27.2076850891114 27.0047421773276 26.8017992655437 26.4851799858943 25.8275316026478 25.1698832194012 24.5122348361547 23.8545864529082 23.1969380696616 22.5392896864151 21.8816413031687 20.8411046346031 19.672938537598 -9999 -9999 -9999 -9999 -9999 -9999 -9999 -9999 -9999 -9999 -9999
30.4287920633952 30.365416208903 30.3020403544108 30.1714055379232 30.0183510674371 29.865296596951 29.7122421264649 29.5591876559788 29.4061331854927 29.2530787150066 29.1005779690213 28.9497383965387 28.798898824056 28.6480592515734 28.4972196790908 28.3463801066081 28.1955405341255 28.0447009616429 27.8582717895508 27.659979417589 27.4616870456273 27.2633946736654 27.0651023017036 26.8668099297418 26.66851755778 26.3426875644262 25.6342447068958 24.9258018493654 24.2173589918351 23.5089161343047 22.8004732767743 22.092030419244 21.3835875617136 20.3422080993655 19.1898497687449 18.0374914381243 -9999 -9999 -9999 -9999 -9999 -9999 -9999 -9999 -9999 -9999
30.32406539917 30.2558860778809 30.1877067565918 30.0533767700196 29.8969965616863 29.7406163533529 29.5842361450196 29.4278559366863 29.2714757283529 29.1150955200196 28.9591659545899 28.8045883178712 28.6500106811524 28.4954330444337 28.3408554077149 28.1862777709961 28.0317001342774 27.8771224975587 27.6974960327149 27.5095199584962 27.3215438842774 27.1335678100586 26.9455917358399 26.7576156616212 26.5696395874024 26.2375455220542 25.4730974833173 24.7086494445802 23.9442014058433 23.1797533671064 22.4153053283693 21.6508572896324 20.8864092508955 19.8651252746585 18.7582293192549 -9999 -9999 -9999 -9999 -9999 -9999 -9999 -9999 -9999 -9999 -9999
