data/working_set_collections/6091692-Cassins_Sparrow-MC/1990/bio7.asc
NCOLS 265 
NROWS 230 
XLLCORNER -115.5625 
YLLCORNER 24.8333333333333 
CELLSIZE 0.0833333333333333 
NODATA_value -9999 
[rows 80 to 99 of 230, columns 92 to 137 of 265]
37.65650100708 37.7979387919108 37.9393765767415 38.0808143615722 38.2222521464029 38.2872098286946 38.3266741434733 38.3661384582519 38.4056027730306 38.4450670878092 38.4845314025879 38.5239957173665 38.568766869439 38.629458533393 38.690150197347 38.750841861301 38.811533525255 38.872225189209 38.932916853163 38.993608517117 38.9477312723796 38.8663310580784 38.7849308437771 38.7035306294759 38.6221304151747 38.5407302008735 38.4593299865723 38.323021443685 38.0219879150392 37.7209543863933 37.4199208577475 37.1188873291017 36.8178538004558 36.51682027181 36.2157867431642 36.1099202473958 36.0691094292535 36.0282986111111 35.9874877929688 35.9466769748264 35.9058661566841 35.8650553385417 35.8581470065647 35.9529461330838 36.0477452596029 36.142544386122
37.905702972412 38.0417432149251 38.1777834574381 38.3138236999511 38.4498639424642 38.4807924906413 38.476683807373 38.4725751241048 38.4684664408366 38.4643577575684 38.4602490743001 38.4561403910319 38.4711002773709 38.5432658725315 38.6154314676921 38.6875970628526 38.7597626580132 38.8319282531738 38.9040938483344 38.976259443495 38.9269482930502 38.8371448940701 38.7473414950901 38.65753809611 38.56773469713 38.47793129815 38.3881278991699 38.2449900309246 37.9418487548829 37.6387074788412 37.3355662027996 37.0324249267579 36.7292836507162 36.4261423746746 36.1230010986329 36.0092875162761 35.9587164984809 35.9081454806858 35.8575744628906 35.8070034450955 35.7564324273004 35.7058614095052 35.6872082180447 35.7643085055881 35.8414087931315 35.9185090806749
38.1549049377441 38.2855476379394 38.4161903381347 38.54683303833 38.6774757385253 38.6743751525879 38.6266934712728 38.5790117899577 38.5313301086426 38.4836484273275 38.4359667460124 38.3882850646973 38.3734336853027 38.4570732116699 38.5407127380371 38.6243522644043 38.7079917907715 38.7916313171387 38.8752708435058 38.958910369873 38.9061653137207 38.8079587300619 38.709752146403 38.6115455627442 38.5133389790853 38.4151323954265 38.3169258117676 38.1669586181642 37.8617095947267 37.5564605712891 37.2512115478516 36.9459625244142 36.6407135009766 36.3354644775391 36.0302154541017 35.9086547851563 35.8483235677084 35.7879923502605 35.7276611328125 35.6673299153646 35.6069986979167 35.5466674804688 35.5162694295247 35.5756708780925 35.6350723266602 35.6944737752279
38.4041069030761 38.5293520609537 38.6545972188313 38.7798423767089 38.9050875345865 38.8679578145345 38.7767031351725 38.6854484558105 38.5941937764486 38.5029390970866 38.4116844177246 38.3204297383627 38.2757670932346 38.3708805508084 38.4659940083822 38.5611074659559 38.6562209235297 38.7513343811035 38.8464478386773 38.9415612962511 38.8853823343913 38.7787725660536 38.6721627977159 38.5655530293783 38.4589432610406 38.3523334927029 38.2457237243653 38.0889272054037 37.7815704345704 37.474213663737 37.1668568929037 36.8595001220704 36.552143351237 36.2447865804037 35.9374298095704 35.8080220540365 35.7379306369358 35.6678392198351 35.5977478027344 35.5276563856337 35.457564968533 35.3874735514323 35.3453306410048 35.3870332505968 35.4287358601888 35.4704384697808
38.4908804999457 38.6001381768121 38.7093958536784 38.8186535305447 38.927911207411 38.8790992736817 38.7775974697537 38.6760956658258 38.5745938618978 38.4730920579699 38.3715902540419 38.270088450114 38.2182596842448 38.3154500325521 38.4126403808594 38.5098307291667 38.607021077474 38.7042114257812 38.8014017740885 38.8985921223958 38.8311406453451 38.7088085598416 38.5864764743381 38.4641443888347 38.3418123033312 38.2194802178277 38.0971481323243 37.9300690544977 37.6287489997017 37.3274289449057 37.0261088901097 36.7247888353137 36.4234687805177 36.1221487257217 35.8208286709257 35.6922945658366 35.6213557773167 35.5504169887967 35.4794782002767 35.4085394117568 35.3376006232368 35.2666618347168 35.2204886542426 35.2486122979058 35.276735941569 35.3048595852322
38.4152257283529 38.4979059855143 38.5805862426758 38.6632664998372 38.7459467569987 38.7077995300293 38.6293764750163 38.5509534200033 38.4725303649903 38.3941073099772 38.3156842549642 38.2372611999512 38.2009114583333 38.290781656901 38.3806518554687 38.4705220540364 38.5603922526042 38.6502624511719 38.7401326497396 38.8300028483073 38.7434402465821 38.5980667114258 38.4526931762696 38.3073196411133 38.1619461059571 38.0165725708008 37.8711990356446 37.6903841654461 37.4032452901206 37.116106414795 36.8289675394695 36.541828664144 36.2546897888184 35.9675509134929 35.6804120381674 35.5614723205567 35.498598988851 35.4357256571452 35.3728523254395 35.3099789937338 35.247105662028 35.1842323303223 35.1417434692383 35.1604080200195 35.1790725708008 35.197737121582
38.33957095676 38.3956737942166 38.4517766316732 38.5078794691298 38.5639823065864 38.536499786377 38.4811554802789 38.4258111741808 38.3704668680827 38.3151225619846 38.2597782558865 38.2044339497884 38.1835632324219 38.26611328125 38.3486633300781 38.4312133789062 38.5137634277344 38.5963134765625 38.6788635253906 38.7614135742188 38.655739847819 38.48732486301 38.318909878201 38.150494893392 37.982079908583 37.8136649237739 37.6452499389649 37.4506992763944 37.1777415805394 36.9047838846843 36.6318261888293 36.3588684929743 36.0859107971192 35.8129531012642 35.5399954054092 35.4306500752767 35.3758422003852 35.3210343254937 35.2662264506022 35.2114185757108 35.1566107008193 35.1018028259278 35.062998284234 35.0722037421333 35.0814092000326 35.0906146579319
38.2639161851671 38.2934416029188 38.3229670206706 38.3524924384223 38.3820178561741 38.3652000427246 38.3329344855415 38.3006689283583 38.2684033711751 38.236137813992 38.2038722568088 38.1716066996257 38.1662150065104 38.2414449055989 38.3166748046875 38.391904703776 38.4671346028646 38.5423645019531 38.6175944010417 38.6928243001302 38.568039449056 38.3765830145942 38.1851265801324 37.9936701456706 37.8022137112088 37.610757276747 37.4193008422852 37.2110143873428 36.9522378709582 36.6934613545736 36.4346848381891 36.1759083218046 35.91713180542 35.6583552890355 35.3995787726509 35.2998278299968 35.2530854119195 35.2063429938423 35.159600575765 35.1128581576877 35.0661157396105 35.0193733215332 34.9842530992296 34.983999464247 34.9837458292643 34.9834921942817
38.1882614135742 38.1912094116211 38.194157409668 38.1971054077149 38.2000534057618 38.1939002990723 38.1847134908041 38.1755266825358 38.1663398742676 38.1571530659994 38.1479662577311 38.1387794494629 38.1488667805989 38.2167765299479 38.2846862792969 38.3525960286458 38.4205057779948 38.4884155273437 38.5563252766927 38.6242350260417 38.480339050293 38.2658411661785 38.0513432820639 37.8368453979493 37.6223475138347 37.4078496297201 37.1933517456055 36.9713294982911 36.7267341613771 36.482138824463 36.2375434875489 35.9929481506349 35.7483528137208 35.5037574768067 35.2591621398927 35.1690055847168 35.1303286234538 35.0916516621908 35.0529747009278 35.0142977396647 34.9756207784017 34.9369438171387 34.9055079142253 34.8957951863607 34.8860824584961 34.8763697306315
38.1126066419814 38.0889772203234 38.0653477986654 38.0417183770074 38.0180889553494 38.02260055542 38.0364924960666 38.0503844367133 38.06427637736 38.0781683180067 38.0920602586534 38.1059521993001 38.1315185546875 38.1921081542969 38.2526977539062 38.3132873535156 38.373876953125 38.4344665527344 38.4950561523437 38.5556457519531 38.39263865153 38.1550993177627 37.9175599839953 37.6800206502279 37.4424813164606 37.2049419826932 36.9674026489259 36.7316446092394 36.5012304517959 36.2708162943523 36.0404021369087 35.8099879794652 35.5795738220216 35.349159664578 35.1187455071344 35.0381833394369 35.0075718349881 34.9769603305393 34.9463488260905 34.9157373216417 34.885125817193 34.8545143127442 34.8267627292209 34.8075909084744 34.7884190877279 34.7692472669814
37.9658834669325 37.9312850104438 37.8966865539551 37.8620880974664 37.8274896409777 37.8393559773763 37.8667105780708 37.8940651787652 37.9214197794597 37.9487743801541 37.9761289808485 38.003483581543 38.0380998399523 38.0945010715061 38.1509023030599 38.2073035346137 38.2637047661675 38.3201059977214 38.3765072292752 38.432908460829 38.2588287353516 38.0079220241971 37.7570153130426 37.5061086018881 37.2552018907336 37.004295179579 36.7533884684245 36.5112730238173 36.2955313788521 36.0797897338868 35.8640480889215 35.6483064439562 35.4325647989909 35.2168231540257 35.0010815090604 34.9359479268392 34.9210170321994 34.9060861375597 34.8911552429199 34.8762243482802 34.8612934536404 34.8463625590006 34.831531270345 34.8169987996419 34.8024663289388 34.7879338582357
37.7480918884278 37.7181327819825 37.6881736755372 37.6582145690918 37.6282554626465 37.6441665649414 37.6753677368164 37.7065689086914 37.7377700805664 37.7689712524414 37.8001724243164 37.8313735961914 37.8686106363932 37.9239552815755 37.9792999267578 38.0346445719401 38.0899892171224 38.1453338623047 38.200678507487 38.2560231526693 38.0789093017579 37.8243092854819 37.5697092692058 37.3151092529298 37.0605092366537 36.8059092203777 36.5513092041016 36.3102147420248 36.1096369425457 35.9090591430665 35.7084813435873 35.5079035441082 35.307325744629 35.1067479451498 34.9061701456707 34.8622993469238 34.8706642150879 34.879029083252 34.887393951416 34.8957588195801 34.9041236877441 34.9124885559082 34.9198135375976 34.9240188598633 34.9282241821289 34.9324295043945
37.530300309923 37.5049805535211 37.4796607971192 37.4543410407173 37.4290212843154 37.4489771525065 37.4840248955621 37.5190726386176 37.5541203816732 37.5891681247288 37.6242158677843 37.6592636108399 37.6991214328342 37.753409491645 37.8076975504557 37.8619856092665 37.9162736680773 37.970561726888 38.0248497856988 38.0791378445096 37.8989898681641 37.6406965467666 37.382403225369 37.1241099039714 36.8658165825739 36.6075232611763 36.3492299397787 36.1091564602323 35.9237425062392 35.7383285522462 35.5529145982531 35.3675006442601 35.182086690267 34.9966727362739 34.8112587822809 34.7886507670085 34.8203113979763 34.8519720289442 34.8836326599121 34.91529329088 34.9469539218479 34.9786145528157 35.0080958048502 35.0310389200846 35.053982035319 35.0769251505534
37.3125087314182 37.2918283250597 37.2711479187012 37.2504675123427 37.2297871059842 37.2537877400716 37.2926820543077 37.3315763685438 37.37047068278 37.4093649970161 37.4482593112522 37.4871536254883 37.5296322292752 37.5828637017144 37.6360951741537 37.6893266465929 37.7425581190321 37.7957895914714 37.8490210639106 37.9022525363498 37.7190704345704 37.4570838080513 37.1950971815322 36.9331105550131 36.671123928494 36.4091373019749 36.1471506754558 35.9080981784397 35.7378480699328 35.5675979614258 35.3973478529189 35.227097744412 35.056847635905 34.886597527398 34.7163474188911 34.7150021870931 34.7699585808648 34.8249149746365 34.8798713684082 34.9348277621799 34.9897841559516 35.0447405497233 35.0963780721028 35.138058980306 35.1797398885091 35.2214207967122
37.0947171529135 37.0786760965983 37.0626350402832 37.0465939839681 37.030552927653 37.0585983276368 37.1013392130534 37.1440800984701 37.1868209838867 37.2295618693034 37.2723027547201 37.3150436401367 37.3601430257162 37.4123179117839 37.4644927978516 37.5166676839193 37.568842569987 37.6210174560547 37.6731923421224 37.7253672281901 37.5391510009766 37.273471069336 37.0077911376954 36.7421112060548 36.4764312744142 36.2107513427735 35.9450714111329 35.7070398966472 35.5519536336264 35.3968673706055 35.2417811075847 35.0866948445639 34.931608581543 34.7765223185222 34.6214360555014 34.6413536071777 34.7196057637532 34.7978579203288 34.8761100769043 34.9543622334798 35.0326143900553 35.1108665466308 35.1846603393554 35.2450790405273 35.3054977416992 35.3659164428711
36.8769255744087 36.865523868137 36.8541221618653 36.8427204555936 36.8313187493219 36.8634089152018 36.9099963717991 36.9565838283963 37.0031712849935 37.0497587415907 37.096346198188 37.1429336547852 37.1906538221571 37.2417721218533 37.2928904215495 37.3440087212457 37.3951270209419 37.446245320638 37.4973636203342 37.5484819200304 37.3592315673829 37.0898583306207 36.8204850938586 36.5511118570964 36.2817386203343 36.0123653835721 35.74299214681 35.5059816148547 35.36605919732 35.2261367797852 35.0862143622505 34.9462919447158 34.806369527181 34.6664471096463 34.5265246921116 34.5677050272624 34.6692529466417 34.770800866021 34.8723487854004 34.9738967047797 35.075444624159 35.1769925435384 35.272942606608 35.3520991007487 35.4312555948893 35.5104120890299
36.6889356825087 36.6797471788195 36.6705586751302 36.661370171441 36.6521816677518 36.6937454223633 36.7522265964084 36.8107077704536 36.8691889444987 36.9276701185438 36.986151292589 37.0446324666341 37.0994676378038 37.1433648003472 37.1872619628906 37.231159125434 37.2750562879774 37.3189534505208 37.3628506130642 37.4067477756076 37.2161974589031 36.9474979824491 36.678798505995 36.4100990295411 36.1413995530871 35.8727000766331 35.6040006001791 35.3722004360623 35.2510982089573 35.1299959818522 35.0088937547472 34.8877915276422 34.7666893005371 34.6455870734321 34.5244848463271 34.5834299723307 34.702390882704 34.8213517930772 34.9403127034505 35.0592736138237 35.178234524197 35.2971954345703 35.4096600002712 35.5026355319552 35.5956110636393 35.6885865953233
36.5307474772136 36.5213460286459 36.5119445800782 36.5025431315104 36.4931416829427 36.5496078491211 36.6280298868815 36.7064519246419 36.7848739624023 36.8632960001628 36.9417180379232 37.0201400756836 37.0865844726562 37.1170959472656 37.147607421875 37.1781188964844 37.2086303710938 37.2391418457031 37.2696533203125 37.3001647949219 37.1100486755372 36.846390024821 36.5827313741049 36.3190727233887 36.0554140726726 35.7917554219564 35.5280967712403 35.3056963602702 35.2070706685384 35.1084449768067 35.0098192850749 34.9111935933431 34.8125679016113 34.7139422098796 34.6153165181478 34.6885284423828 34.8190195719401 34.9495107014973 35.0800018310546 35.2104929606119 35.3409840901692 35.4714752197265 35.594812520345 35.6966883341471 35.7985641479492 35.9004399617512
36.3725592719184 36.3629448784722 36.3533304850261 36.3437160915799 36.3341016981337 36.4054702758789 36.5038331773546 36.6021960788303 36.700558980306 36.7989218817817 36.8972847832574 36.9956476847331 37.0737013075087 37.090827094184 37.1079528808594 37.1250786675347 37.1422044542101 37.1593302408854 37.1764560275608 37.1935818142361 37.0038998921713 36.745282067193 36.4866642422147 36.2280464172364 35.9694285922581 35.7108107672798 35.4521929423015 35.2391922844781 35.1630431281196 35.0868939717611 35.0107448154026 34.9345956590441 34.8584465026856 34.782297346327 34.7061481899685 34.7936269124349 34.9356482611762 35.0776696099175 35.2196909586588 35.3617123074001 35.5037336561414 35.6457550048828 35.7799650404188 35.8907411363389 36.0015172322591 36.1122933281792
36.2143710666233 36.2045437282986 36.194716389974 36.1848890516493 36.1750617133247 36.2613327026367 36.3796364678277 36.4979402330187 36.6162439982096 36.7345477634006 36.8528515285916 36.9711552937825 37.0608181423611 37.0645582411024 37.0682983398438 37.0720384385851 37.0757785373264 37.0795186360677 37.083258734809 37.0869988335504 36.8977511088054 36.644174109565 36.3905971103245 36.137020111084 35.8834431118436 35.6298661126031 35.3762891133627 35.172688208686 35.1190155877008 35.0653429667155 35.0116703457303 34.957997724745 34.9043251037598 34.8506524827745 34.7969798617893 34.8987253824869 35.0522769504123 35.2058285183376 35.359380086263 35.5129316541883 35.6664832221136 35.820034790039 35.9651175604926 36.0847939385308 36.204470316569 36.3241466946072
