data/working_set_collections/6091692-Cassins_Sparrow-MC/1990/bio7.asc
NCOLS 265 
NROWS 230 
XLLCORNER -115.5625 
YLLCORNER 24.8333333333333 
CELLSIZE 0.0833333333333333 
NODATA_value -9999 
[rows 0 to 19 of 230, columns 138 to 183 of 265]
38.2905660841201 38.0518308003744 37.8130955166287 37.5743602328831 37.5772549947102 37.6606931050618 37.7441312154134 37.8275693257649 37.9110074361165 37.994445546468 38.0778836568196 38.1860037061903 38.3681695726182 38.5503354390462 38.7325013054741 38.9146671719021 39.09683303833 39.278998904758 39.4611647711859 39.5383504231771 39.5805426703559 39.6227349175347 39.6649271647135 39.7071194118924 39.7493116590712 39.79150390625 39.8472238328722 39.9435267978244 40.0398297627767 40.136132727729 40.2324356926812 40.3287386576335 40.4250416225857 40.521344587538 40.5499262491862 40.5559341430664 40.5619420369466 40.5679499308268 40.573957824707 40.5799657185873 40.5859736124675 40.5923974778917 40.6000692579482 40.6077410380046 40.615412818061 40.6230845981174
38.4906700134278 38.2845634460449 38.0784568786621 37.8723503112793 37.8684104919433 37.931859588623 37.9953086853027 38.0587577819824 38.1222068786621 38.1856559753418 38.2491050720215 38.3362968444824 38.494716644287 38.6531364440918 38.8115562438964 38.9699760437011 39.1283958435058 39.2868156433105 39.4452354431152 39.5070922851562 39.5367614746094 39.5664306640625 39.5960998535156 39.6257690429687 39.6554382324219 39.685107421875 39.727828725179 39.8097063700358 39.8915840148926 39.9734616597493 40.0553393046061 40.1372169494629 40.2190945943197 40.3009722391764 40.3301071166992 40.3416610717774 40.3532150268555 40.3647689819336 40.3763229370117 40.3878768920899 40.399430847168 40.4103365580241 40.4192975362142 40.4282585144043 40.4372194925944 40.4461804707845
38.6907739427355 38.5172960917155 38.3438182406955 38.1703403896756 38.1595659891764 38.2030260721842 38.246486155192 38.2899462381998 38.3334063212076 38.3768664042155 38.4203264872233 38.4865899827745 38.6212637159559 38.7559374491373 38.8906111823188 39.0252849155002 39.1599586486816 39.294632381863 39.4293061150445 39.4758341471354 39.4929802788628 39.5101264105903 39.5272725423177 39.5444186740451 39.5615648057726 39.5787109375 39.6084336174859 39.6758859422472 39.7433382670085 39.8107905917698 39.878242916531 39.9456952412923 40.0131475660536 40.0805998908149 40.1102879842123 40.1273880004883 40.1444880167643 40.1615880330404 40.1786880493164 40.1957880655925 40.2128880818685 40.2282756381565 40.2385258144803 40.2487759908041 40.2590261671278 40.2692763434516
38.8908778720432 38.7500287373861 38.609179602729 38.4683304680718 38.4507214864095 38.4741925557454 38.4976636250813 38.5211346944173 38.5446057637532 38.5680768330892 38.5915479024251 38.6368831210666 38.7478107876247 38.8587384541829 38.9696661207411 39.0805937872992 39.1915214538574 39.3024491204156 39.4133767869737 39.4445760091146 39.4491990831163 39.4538221571181 39.4584452311198 39.4630683051215 39.4676913791233 39.472314453125 39.4890385097928 39.5420655144586 39.5950925191243 39.6481195237902 39.701146528456 39.7541735331218 39.8072005377876 39.8602275424534 39.8904688517253 39.9131149291992 39.9357610066732 39.9584070841472 39.9810531616211 40.0036992390951 40.026345316569 40.0462147182889 40.0577540927463 40.0692934672038 40.0808328416613 40.0923722161187
39.0909818013509 38.9827613830566 38.8745409647624 38.7663205464681 38.7418769836426 38.7453590393066 38.7488410949707 38.7523231506348 38.7558052062988 38.7592872619629 38.7627693176269 38.7871762593587 38.8743578592936 38.9615394592285 39.0487210591634 39.1359026590983 39.2230842590332 39.3102658589681 39.397447458903 39.4133178710938 39.4054178873698 39.3975179036458 39.3896179199219 39.3817179361979 39.373817952474 39.36591796875 39.3696434020996 39.4082450866699 39.4468467712402 39.4854484558106 39.5240501403809 39.5626518249512 39.6012535095215 39.6398551940918 39.6706497192383 39.6988418579102 39.727033996582 39.7552261352539 39.7834182739258 39.8116104125977 39.8398025512695 39.8641537984212 39.8769823710124 39.8898109436035 39.9026395161947 39.9154680887858
39.2910857306586 39.2154940287272 39.1399023267958 39.0643106248643 39.0330324808756 39.0165255228678 39.00001856486 38.9835116068522 38.9670046488444 38.9504976908366 38.9339907328288 38.9374693976508 39.0009049309624 39.0643404642741 39.1277759975857 39.1912115308973 39.254647064209 39.3180825975206 39.3815181308322 39.3820597330729 39.3616366916233 39.3412136501736 39.320790608724 39.3003675672743 39.2799445258247 39.259521484375 39.2502482944065 39.2744246588813 39.2986010233561 39.322777387831 39.3469537523058 39.3711301167806 39.3953064812554 39.4194828457303 39.4508305867513 39.4845687866211 39.5183069864909 39.5520451863607 39.5857833862305 39.6195215861003 39.6532597859701 39.6820928785536 39.6962106492784 39.7103284200033 39.7244461907281 39.7385639614529
39.2879990471734 39.2383791605632 39.1887592739529 39.1391393873427 39.1115905761719 39.0913987901476 39.0712070041233 39.051015218099 39.0308234320747 39.0106316460504 38.990439860026 38.9866157531738 39.0318946838379 39.077173614502 39.122452545166 39.1677314758301 39.2130104064941 39.2582893371582 39.3035682678223 39.2950358072917 39.2685662163629 39.242096625434 39.2156270345052 39.1891574435764 39.1626878526476 39.1362182617188 39.1206648932563 39.1378601921929 39.1550554911296 39.1722507900662 39.1894460890028 39.2066413879395 39.2238366868761 39.2410319858127 39.2714393615723 39.3062507629395 39.3410621643066 39.3758735656738 39.410684967041 39.4454963684082 39.4803077697754 39.5097716437446 39.5231929355198 39.5366142272949 39.5500355190701 39.5634568108453
39.0817217508952 39.0514167785645 39.0211118062337 38.990806833903 38.9775512695313 38.9699788411458 38.9624064127604 38.954833984375 38.9472615559896 38.9396891276042 38.9321166992188 38.9346153259277 38.9673271179199 39.0000389099121 39.0327507019043 39.0654624938965 39.0981742858887 39.1308860778809 39.163597869873 39.15224609375 39.1262064615886 39.1001668294271 39.0741271972656 39.0480875651042 39.0220479329427 38.9960083007813 38.9808931986491 38.9985516866048 39.0162101745606 39.0338686625163 39.051527150472 39.0691856384277 39.0868441263835 39.1045026143392 39.1324760437012 39.1638877868652 39.1952995300293 39.2267112731934 39.2581230163574 39.2895347595215 39.3209465026856 39.3471900939941 39.3579292297363 39.3686683654785 39.3794075012207 39.3901466369629
38.875444454617 38.8644543965658 38.8534643385146 38.8424742804633 38.8435119628906 38.8485588921441 38.8536058213976 38.8586527506511 38.8636996799045 38.868746609158 38.8737935384115 38.8826148986816 38.902759552002 38.9229042053223 38.9430488586426 38.9631935119629 38.9833381652832 39.0034828186035 39.0236274719238 39.0094563802084 38.9838467068143 38.9582370334202 38.9326273600261 38.907017686632 38.8814080132379 38.8557983398438 38.8411215040419 38.8592431810167 38.8773648579916 38.8954865349664 38.9136082119412 38.931729888916 38.9498515658909 38.9679732428657 38.9935127258301 39.021524810791 39.049536895752 39.0775489807129 39.1055610656738 39.1335731506348 39.1615852355957 39.1846085442437 39.1926655239529 39.2007225036621 39.2087794833713 39.2168364630805
38.6691671583388 38.6774920145671 38.6858168707954 38.6941417270237 38.70947265625 38.7271389431424 38.7448052300347 38.7624715169271 38.7801378038194 38.7978040907118 38.8154703776042 38.8306144714356 38.838191986084 38.8457695007324 38.8533470153809 38.8609245300293 38.8685020446777 38.8760795593262 38.8836570739746 38.8666666666667 38.84148695204 38.8163072374132 38.7911275227865 38.7659478081597 38.740768093533 38.7155883789063 38.7013498094347 38.7199346754286 38.7385195414225 38.7571044074165 38.7756892734104 38.7942741394043 38.8128590053982 38.8314438713922 38.854549407959 38.8791618347168 38.9037742614746 38.9283866882324 38.9529991149902 38.9776115417481 39.0022239685059 39.0220269944933 39.0274018181695 39.0327766418457 39.0381514655219 39.0435262891982
38.4628898620606 38.4905296325684 38.5181694030762 38.545809173584 38.5754333496094 38.6057189941406 38.6360046386719 38.6662902832031 38.6965759277344 38.7268615722656 38.7571472167969 38.7786140441895 38.773624420166 38.7686347961426 38.7636451721191 38.7586555480957 38.7536659240723 38.7486763000488 38.7436866760254 38.723876953125 38.6991271972656 38.6743774414063 38.6496276855469 38.6248779296875 38.6001281738281 38.5753784179688 38.5615781148275 38.5806261698405 38.5996742248535 38.6187222798665 38.6377703348796 38.6568183898926 38.6758664449056 38.6949144999186 38.7155860900879 38.7367988586426 38.7580116271973 38.779224395752 38.8004371643067 38.8216499328613 38.842862701416 38.8594454447429 38.8621381123861 38.8648307800293 38.8675234476725 38.8702161153158
38.2566125657823 38.3035672505697 38.350521935357 38.3974766201443 38.4413940429688 38.4842990451389 38.527204047309 38.5701090494792 38.6130140516493 38.6559190538194 38.6988240559896 38.7266136169434 38.7090568542481 38.6915000915527 38.6739433288574 38.6563865661621 38.6388298034668 38.6212730407715 38.6037162780762 38.5810872395834 38.5567674424913 38.5324476453993 38.5081278483073 38.4838080512153 38.4594882541233 38.4351684570313 38.4218064202203 38.4413176642524 38.4608289082845 38.4803401523166 38.4998513963488 38.5193626403809 38.538873884413 38.5583851284451 38.5766227722168 38.5944358825684 38.6122489929199 38.6300621032715 38.6478752136231 38.6656883239746 38.6835014343262 38.6968638949924 38.6968744066027 38.6968849182129 38.6968954298232 38.6969059414334
38.0834054734972 38.1343233744303 38.1852412753635 38.2361591762967 38.2843007405599 38.3315168592665 38.3787329779731 38.4259490966797 38.4731652153863 38.5203813340929 38.5675974527995 38.5979015774197 38.5774697197808 38.557037862142 38.5366060045031 38.5161741468642 38.4957422892253 38.4753104315864 38.4548785739475 38.4336128234864 38.4120691087511 38.3905253940159 38.3689816792806 38.3474379645454 38.3258942498101 38.3043505350749 38.2935907151964 38.3151825798882 38.3367744445801 38.3583663092719 38.3799581739638 38.4015500386556 38.4231419033474 38.4447337680393 38.4633608500163 38.4809996710883 38.4986384921604 38.5162773132324 38.5339161343045 38.5515549553765 38.5691937764486 38.5818625556098 38.5796212090386 38.5773798624675 38.5751385158963 38.5728971693251
37.9432685852051 37.9827980041504 38.0223274230957 38.061856842041 38.1041534423828 38.1473724365234 38.1905914306641 38.2338104248047 38.2770294189453 38.3202484130859 38.3634674072266 38.3924779256185 38.3788630167643 38.3652481079102 38.351633199056 38.3380182902018 38.3244033813477 38.3107884724935 38.2971735636393 38.281453704834 38.2650321960449 38.2486106872559 38.2321891784668 38.2157676696777 38.1993461608887 38.1829246520996 38.1769309997559 38.202220916748 38.2275108337402 38.2528007507324 38.2780906677246 38.3033805847168 38.328670501709 38.3539604187012 38.3758003234863 38.3964902242025 38.4171801249186 38.4378700256348 38.4585599263509 38.4792498270671 38.4999397277832 38.5144414265951 38.510378519694 38.506315612793 38.5022527058919 38.4981897989909
37.803131696913 37.8312726338705 37.8594135708279 37.8875545077854 37.9240061442057 37.9632280137804 38.0024498833551 38.0416717529297 38.0808936225044 38.120115492079 38.1593373616537 38.1870542738173 38.1802563137479 38.1734583536784 38.166660393609 38.1598624335395 38.1530644734701 38.1462665134006 38.1394685533312 38.1292945861817 38.1179952833388 38.1066959804959 38.095396677653 38.0840973748101 38.0727980719673 38.0614987691244 38.0602712843153 38.0892592536079 38.1182472229004 38.1472351921929 38.1762231614855 38.205211130778 38.2341991000705 38.2631870693631 38.2882397969564 38.3119807773166 38.3357217576769 38.3594627380371 38.3832037183974 38.4069446987576 38.4306856791178 38.4470202975803 38.4411358303494 38.4352513631185 38.4293668958876 38.4234824286567
37.6629948086209 37.6797472635905 37.6964997185601 37.7132521735297 37.7438588460287 37.7790835910373 37.814308336046 37.8495330810547 37.8847578260634 37.9199825710721 37.9552073160807 37.9816306220161 37.9816496107314 37.9816685994466 37.9816875881619 37.9817065768772 37.9817255655925 37.9817445543077 37.981763543023 37.9771354675293 37.9709583706326 37.9647812737359 37.9586041768392 37.9524270799425 37.9462499830458 37.9400728861491 37.9436115688748 37.9762975904677 38.0089836120606 38.0416696336534 38.0743556552463 38.1070416768392 38.1397276984321 38.172413720025 38.2006792704264 38.2274713304308 38.2542633904351 38.2810554504395 38.3078475104438 38.3346395704481 38.3614316304525 38.3795991685655 38.3718931410048 38.364187113444 38.3564810858833 38.3487750583225
37.5228579203288 37.5282218933106 37.5335858662923 37.5389498392741 37.5637115478516 37.5949391682943 37.626166788737 37.6573944091797 37.6886220296224 37.7198496500651 37.7510772705078 37.7762069702149 37.7830429077149 37.7898788452149 37.7967147827149 37.8035507202149 37.8103866577149 37.8172225952149 37.8240585327149 37.824976348877 37.8239214579265 37.8228665669759 37.8218116760254 37.8207567850749 37.8197018941244 37.8186470031738 37.8269518534342 37.8633359273275 37.8997200012207 37.9361040751139 37.9724881490072 38.0088722229004 38.0452562967936 38.0816403706868 38.1131187438965 38.1429618835449 38.1728050231934 38.2026481628418 38.2324913024902 38.2623344421387 38.2921775817871 38.3121780395508 38.3026504516602 38.2931228637695 38.2835952758789 38.2740676879883
37.3827210320367 37.3766965230306 37.3706720140245 37.3646475050185 37.3835642496745 37.4107947455512 37.438025241428 37.4652557373047 37.4924862331814 37.5197167290582 37.5469472249349 37.5707833184137 37.5844362046984 37.5980890909831 37.6117419772678 37.6253948635525 37.6390477498373 37.652700636122 37.6663535224067 37.6728172302246 37.6768845452203 37.680951860216 37.6850191752116 37.6890864902073 37.6931538052029 37.6972211201986 37.7102921379937 37.7503742641873 37.7904563903809 37.8305385165744 37.870620642768 37.9107027689616 37.9507848951552 37.9908670213487 38.0255582173665 38.0584524366591 38.0913466559516 38.1242408752441 38.1571350945367 38.1900293138292 38.2229235331218 38.244756910536 38.2334077623156 38.2220586140951 38.2107094658746 38.1993603176541
37.3270948621962 37.3187072753906 37.3103196885851 37.3019321017795 37.3176803588867 37.3414738972982 37.3652674357096 37.3890609741211 37.4128545125325 37.436648050944 37.4604415893555 37.4812226189507 37.4929661220974 37.5047096252441 37.5164531283908 37.5281966315375 37.5399401346842 37.551683637831 37.5634271409777 37.5713724772136 37.5780517578125 37.5847310384115 37.5914103190104 37.5980895996094 37.6047688802083 37.6114481608073 37.6270484076606 37.6694115532769 37.7117746988932 37.7541378445095 37.7965009901259 37.8388641357422 37.8812272813585 37.9235904269748 37.9594774881999 37.9932058546278 38.0269342210558 38.0606625874837 38.0943909539117 38.1281193203396 38.1618476867676 38.1846705966526 38.1747771369086 38.1648836771647 38.1549902174208 38.1450967576769
37.3559794108073 37.3542541503906 37.352528889974 37.3508036295573 37.3660598754883 37.3869766235351 37.407893371582 37.4288101196289 37.4497268676758 37.4706436157226 37.4915603637695 37.5075248718262 37.5086326599121 37.509740447998 37.510848236084 37.5119560241699 37.5130638122559 37.5141716003418 37.5152793884277 37.5206420898438 37.5274230957031 37.5342041015625 37.5409851074219 37.5477661132813 37.5545471191406 37.561328125 37.5772206624349 37.6204477945964 37.6636749267578 37.7069020589193 37.7501291910807 37.7933563232422 37.8365834554036 37.8798105875651 37.9148765563965 37.9472221374512 37.9795677185059 38.0119132995605 38.0442588806152 38.0766044616699 38.1089500427246 38.1319190979004 38.1267585754395 38.1215980529785 38.1164375305176 38.1112770080566
