data/working_set_collections/6091692-Cassins_Sparrow-MC/1990/bio8.asc
NCOLS 265 
NROWS 230 
XLLCORNER -115.5625 
YLLCORNER 24.8333333333333 
CELLSIZE 0.0833333333333333 
NODATA_value -9999 
[rows 120 to 139 of 230, columns 46 to 91 of 265]
9.53414379755658 9.21628274917607 8.8984217007955 8.58056065241498 8.26269960403447 7.9448385556539 7.61494087775551 7.28103099001783 6.94712110228009 6.61321121454241 6.27930132680473 5.945391439067 5.61148155132932 5.27703870468673 4.94099698132939 4.6049552579721 4.26891353461481 3.93287181125746 3.59683008790017 3.26078836454289 2.92474664118554 4.38685472607573 6.44834608038215 8.50983743468892 10.5713287889953 12.6328201433018 14.6943114976085 16.755802851915 18.3085842662387 18.3352358606126 18.3618874549865 18.3885390493605 18.4151906437344 18.4418422381083 18.4684938324822 18.4951454268561 18.5312003135681 18.5703896310594 18.6095789485507 18.6487682660421 18.6879575835334 18.7271469010247 18.766336218516 18.8219340112474 18.926757229699 19.0315804481506
9.80017747879029 9.48296035130821 9.16574322382608 8.848526096344 8.53130896886192 8.21409184137979 7.88867830038072 7.56053262154264 7.23238694270451 6.90424126386643 6.57609558502835 6.24794990619022 5.91980422735215 5.59301140507064 5.27027715245881 4.94754289984703 4.62480864723525 4.30207439462341 3.97934014201163 3.65660588939985 3.33387163678802 4.79856576323467 6.85906934936787 8.91957293550143 10.9800765216346 13.0405801077678 15.1010836939014 17.1615872800346 18.7023205121358 18.683742682139 18.6651648521423 18.6465870221455 18.6280091921488 18.6094313621521 18.5908535321553 18.5722757021586 18.5814969062805 18.5999844551086 18.6184720039368 18.6369595527649 18.655447101593 18.6739346504211 18.6924221992493 18.7458045005798 18.9038710594177 19.0619376182556
10.066211160024 9.74963795344038 9.43306474685669 9.11649154027305 8.7999183336894 8.48334512710571 8.16241572300595 7.84003425306747 7.51765278312895 7.19527131319047 6.872889843252 6.55050837331347 6.228126903375 5.90898410545458 5.59955732358825 5.29013054172198 4.98070375985571 4.67127697798939 4.36185019612312 4.05242341425685 3.74299663239053 5.21027680039365 7.26979261835363 9.32930843631397 11.388824254274 13.4483400722339 15.5078558901943 17.5673717081543 19.0960567580329 19.0322495036655 18.9684422492981 18.9046349949307 18.8408277405633 18.7770204861959 18.7132132318285 18.6494059774611 18.6317934989929 18.6295792791578 18.6273650593228 18.6251508394877 18.6229366196526 18.6207223998176 18.6185081799825 18.6696749899122 18.8809848891364 19.0922947883606
10.3322448412578 10.0163155555726 9.7003862698873 9.38445698420209 9.06852769851689 8.75259841283163 8.43615314563118 8.11953588459231 7.80291862355339 7.48630136251452 7.16968410147565 6.85306684043672 6.53644957939786 6.22495680583851 5.9288374947177 5.63271818359694 5.33659887247618 5.04047956135537 4.74436025023461 4.44824093911385 4.15212162799304 5.62198783755263 7.6805158873394 9.73904393712652 11.7975719869133 13.8561000367001 15.9146280864872 17.9731561362739 19.48979300393 19.3807563251919 19.2717196464538 19.1626829677158 19.0536462889777 18.9446096102397 18.8355729315016 18.7265362527635 18.6820900917053 18.6591741032071 18.6362581147088 18.6133421262105 18.5904261377123 18.567510149214 18.5445941607158 18.5935454792446 18.8580987188551 19.1226519584655
10.5982785224915 10.2829931577047 9.96770779291788 9.65242242813111 9.33713706334435 9.02185169855753 8.70989056825638 8.39903751611712 8.0881844639778 7.77733141183853 7.46647835969927 7.15562530755995 6.84477225542069 6.54092950622242 6.25811766584712 5.97530582547187 5.69249398509662 5.40968214472132 5.12687030434607 4.84405846397082 4.56124662359552 6.03369887471157 8.09123915632512 10.148779437939 12.2063197195526 14.2638600011661 16.32140028278 18.3789405643936 19.883529249827 19.7292631467183 19.5749970436096 19.4207309405009 19.2664648373922 19.1121987342834 18.9579326311747 18.803666528066 18.7323866844177 18.6887689272563 18.6451511700948 18.6015334129334 18.5579156557719 18.5142978986104 18.470680141449 18.517415968577 18.8352125485738 19.1530091285705
10.8643122037252 10.5496707598369 10.2350293159485 9.92038787206015 9.60574642817183 9.29110498428344 8.98362799088162 8.67853914764195 8.37345030440224 8.06836146116258 7.76327261792292 7.4581837746832 7.15309493144354 6.85690220660635 6.58739783697656 6.31789346734682 6.04838909771708 5.7788847280873 5.50938035845756 5.23987598882782 4.97037161919803 6.44540991187055 8.50196242531088 10.5585149387516 12.6150674521919 14.6716199656322 16.7281724790729 18.7847249925133 20.2772654957241 20.0777699682447 19.8782744407654 19.678778913286 19.4792833858066 19.2797878583272 19.0802923308479 18.8807968033685 18.7826832771301 18.7183637513055 18.6540442254808 18.5897246996562 18.5254051738315 18.4610856480069 18.3967661221822 18.4412864579094 18.8123263782925 19.1833662986755
11.0418444712957 10.7428193701639 10.443794269032 10.1447691679001 9.84574406676827 9.54671896563637 9.24303191900256 8.93779089053476 8.63254986206691 8.32730883359912 8.02206780513132 7.71682677666347 7.41158574819568 7.11784323586362 6.85859627193875 6.59934930801393 6.34010234408912 6.08085538016426 5.82160841623944 5.56236145231462 5.30311448838976 6.80267838239631 8.88851256238038 10.9743467423648 13.0601809223489 15.146015102333 17.2318492823174 19.3176834623015 20.8258858362833 20.6011927922566 20.3764997482299 20.1518067042033 19.9271136601765 19.7024206161499 19.4777275721232 19.2530345280965 19.1185552755991 19.0141472869449 18.9097392982906 18.8053313096364 18.7009233209822 18.5965153323279 18.4921073436737 18.5153789361317 18.9216892719268 19.3279996077219
11.130875325203 10.8624389886856 10.5940026521683 10.325566315651 10.0571299791336 9.78869364261626 9.48810235261918 9.17679274479551 8.86548313697179 8.55417352914812 8.24286392132444 7.93155431350072 7.62024470567705 7.32375259399416 7.07171297073364 6.81967334747315 6.56763372421266 6.31559410095214 6.06355447769165 5.81151485443117 5.55947523117064 7.1055042862888 9.25088956753358 11.3962748487787 13.5416601300235 15.6870454112683 17.8324306925134 19.9778159737582 21.5293902715047 21.299531618754 21.0696729660033 20.8398143132527 20.609955660502 20.3800970077514 20.1502383550008 19.9203797022501 19.7400026798248 19.5761195341745 19.4122363885243 19.2483532428741 19.0844700972239 18.9205869515737 18.7567038059234 18.7396934032439 19.1633012294768 19.5869090557097
11.2199061791102 10.9820586072074 10.7442110353046 10.5063634634018 10.268515891499 10.0306683195962 9.73317278623583 9.41579459905628 9.09841641187668 8.78103822469713 8.46366003751759 8.14628185033799 7.82890366315844 7.52966195212473 7.28482966952854 7.03999738693238 6.79516510433623 6.55033282174004 6.30550053914389 6.06066825654774 5.81583597395154 7.40833019018131 9.61326657268681 11.8182029551927 14.0231393376982 16.2280757202037 18.4330121027095 20.637948485215 22.232894706726 21.9978704452514 21.7628461837768 21.5278219223022 21.2927976608276 21.057773399353 20.8227491378784 20.5877248764037 20.3614500840504 20.1380917814043 19.914733478758 19.6913751761118 19.4680168734656 19.2446585708194 19.0213002681732 18.9640078703561 19.4049131870269 19.8458185036976
11.3089370330175 11.1016782257292 10.8944194184409 10.6871606111527 10.4799018038644 10.2726429965761 9.97824321985247 9.65479645331705 9.33134968678158 9.00790292024615 8.68445615371073 8.36100938717525 8.03756262063983 7.73557131025529 7.49794636832344 7.26032142639162 7.0226964844598 6.78507154252794 6.54744660059612 6.3098216586643 6.07219671673245 7.71115609407383 9.97564357784004 12.2401310616066 14.5046185453728 16.769106029139 19.0335935129056 21.2980809966719 22.9363991419474 22.6962092717488 22.4560194015503 22.2158295313517 21.9756396611531 21.7354497909546 21.495259920756 21.2550700505574 20.9828974882761 20.700064028634 20.4172305689917 20.1343971093496 19.8515636497074 19.5687301900652 19.285896730423 19.1883223374683 19.6465251445769 20.1047279516855
11.3979678869248 11.221297844251 11.0446278015772 10.8679577589035 10.6912877162298 10.514617673556 10.2233136534691 9.8937983075778 9.56428296168645 9.23476761579515 8.90525226990385 8.5757369240125 8.2462215781212 7.94148066838584 7.71106306711832 7.48064546585083 7.25022786458335 7.01981026331582 6.78939266204834 6.55897506078085 6.32855745951333 8.01398199796632 10.3380205829932 12.6620591680205 14.9860977530475 17.3101363380744 19.6341749231017 21.9582135081286 23.6399035771687 23.3945480982462 23.1491926193237 22.9038371404011 22.6584816614786 22.4131261825561 22.1677707036336 21.922415224711 21.6043448925018 21.2620362758636 20.9197276592254 20.5774190425873 20.2351104259491 19.8928018093109 19.5504931926727 19.4126368045805 19.888137102127 20.3636373996733
11.486998740832 11.3409174627728 11.1948361847136 11.0487549066544 10.9026736285951 10.7565923505359 10.4683840870857 10.1328001618386 9.79721623659134 9.46163231134417 9.126048386097 8.79046446084977 8.4548805356026 8.14739002651641 7.92417976591322 7.70096950531007 7.47775924470691 7.25454898410372 7.03133872350057 6.80812846289742 6.58491820229423 8.31680790185884 10.7003975881465 13.0839872744345 15.4675769607221 17.8511666470098 20.2347563332978 22.6183460195854 24.3434080123901 24.0928869247436 23.8423658370971 23.5918447494506 23.3413236618041 23.0908025741577 22.8402814865112 22.5897603988647 22.2257922967275 21.8240085230933 21.4222247494591 21.020440975825 20.6186572021909 20.2168734285567 19.8150896549225 19.6369512716928 20.129749059677 20.6225468476612
11.5370905399323 11.4129682381948 11.2888459364573 11.1647236347199 11.0406013329824 10.9164790312449 10.6281055212021 10.2849816083909 9.94185769557956 9.5987337827683 9.25560986995704 8.91248595714573 8.56936204433447 8.25755886634196 8.03971789280576 7.8218769192696 7.60403594573343 7.38619497219724 7.16835399866107 6.95051302512491 6.73267205158871 8.49618429740228 10.9201476163329 13.3441109352639 15.7680742541945 18.1920375731251 20.6160008920561 23.0399642109867 24.7962610880534 24.5495586395264 24.3028561909994 24.0561537424724 23.8094512939453 23.5627488454183 23.3160463968913 23.0693439483643 22.7031636714936 22.2971574518416 21.8911512321896 21.4851450125377 21.0791387928857 20.6731325732337 20.2671263535817 20.0800120883516 20.5495736863877 21.0191352844237
11.5482432842255 11.437450170517 11.3266570568085 11.2158639431 11.1050708293915 10.994277715683 10.7024779558182 10.3503426472347 9.99820733865105 9.6460720300675 9.29393672148394 8.94180141290032 8.58966610431677 8.27198718786244 8.05767744779589 7.84336770772937 7.62905796766286 7.4147482275963 7.20043848752979 6.98612874746327 6.77181900739672 8.55211118459659 10.9972706675524 13.4424301505086 15.8875896334644 18.3327491164202 20.7779085993764 23.2230680823322 24.9984628041586 24.7645632425944 24.5306636810303 24.2967641194662 24.062864557902 23.8289649963379 23.5950654347738 23.3611658732096 23.0364590167999 22.6814830621084 22.3265071074168 21.9715311527252 21.6165551980336 21.261579243342 20.9066032886505 20.7418192545571 21.147610982259 21.5534027099608
11.5593960285187 11.4619321028392 11.3644681771596 11.2670042514801 11.1695403258006 11.0720764001211 10.7768503904343 10.4157036860785 10.0545569817225 9.69341027736669 9.33226357301084 8.97111686865492 8.60997016429907 8.28641550938293 8.07563700278602 7.86485849618915 7.65407998959228 7.44330148299537 7.2325229763985 7.02174446980163 6.81096596320472 8.6080380717909 11.0743937187719 13.5407493657533 16.0071050127343 18.4734606597153 20.9398163066967 23.4061719536777 25.2006645202637 24.9795678456624 24.7584711710612 24.53737449646 24.3162778218587 24.0951811472575 23.8740844726563 23.652987798055 23.3697543621063 23.0658086723752 22.7618629826439 22.4579172929128 22.1539716031816 21.8500259134504 21.5460802237192 21.4036264207626 21.7456482781303 22.0876701354979
11.5705487728119 11.4864140351614 11.4022792975108 11.3181445598602 11.2340098222097 11.1498750845591 10.8512228250504 10.4810647249223 10.110906624794 9.74074852466589 9.37059042453774 9.00043232440952 8.63027422428137 8.30084383090342 8.09359655777616 7.88634928464893 7.6791020115217 7.47185473839444 7.26460746526721 7.05736019213999 6.85011291901272 8.66396495898521 11.1515167699914 13.639068580998 16.1266203920042 18.6141722030104 21.101724014017 23.5892758250232 25.4028662363688 25.1945724487305 24.9862786610921 24.7779848734538 24.5696910858154 24.3613972981771 24.1531035105388 23.9448097229004 23.7030497074127 23.450134282642 23.1972188578711 22.9443034331004 22.6913880083296 22.4384725835588 22.185557158788 22.0654335869682 22.3436855740016 22.621937561035
11.5817015171051 11.5108959674835 11.4400904178619 11.3692848682404 11.2984793186188 11.2276737689972 10.9255952596665 10.546425763766 10.1672562678655 9.78808677196508 9.40891727606463 9.02974778016412 8.65057828426367 8.3152721524239 8.11155611276629 7.9078400731087 7.70412403345112 7.50040799379351 7.29669195413592 7.09297591447834 6.88925987482073 8.71989184617953 11.2286398212109 13.7373877962427 16.2461357712741 18.7548837463055 21.2636317213373 23.7723796963687 25.605067952474 25.4095770517985 25.214086151123 25.0185952504476 24.8231043497721 24.6276134490967 24.4321225484212 24.2366316477457 24.0363450527191 23.8344598929087 23.6325747330983 23.4306895732879 23.2288044134775 23.0269192536671 22.8250340938567 22.7272407531737 22.9417228698729 23.1562049865721
11.5928542613983 11.5353778998057 11.4779015382131 11.4204251766205 11.3629488150279 11.3054724534353 10.9999676942826 10.6117868026098 10.223605910937 9.83542501926428 9.44724412759154 9.05906323591872 8.67088234424597 8.32970047394439 8.12951566775642 7.92933086156848 7.72914605538054 7.52896124919257 7.32877644300464 7.1285916368167 6.92840683062873 8.77581873337384 11.3057628724304 13.8357070114874 16.365651150544 18.8955952896006 21.4255394286576 23.9554835677142 25.8072696685791 25.6245816548665 25.441893641154 25.2592056274414 25.0765176137288 24.8938296000163 24.7111415863037 24.5284535725911 24.3696403980255 24.2187855031755 24.0679306083255 23.9170757134755 23.7662208186255 23.6153659237755 23.4645110289255 23.3890479193792 23.5397601657443 23.6904724121093
13.003001674016 12.9441663901008 12.8853311061856 12.8264958222704 12.7676605383552 12.70882525444 12.4083133141197 12.027242488331 11.6461716625423 11.2651008367536 10.8840300109649 10.5029591851761 10.1218883593875 9.78859346177814 9.5986263487071 9.40865923563609 9.21869212256508 9.02872500949404 8.83875789642303 8.64879078335202 8.45882367028098 10.1534709533049 12.4763230350275 14.7991751167505 17.1220271984731 19.4448792801957 21.7677313619187 24.0905834436413 25.7928703996871 25.6334619787005 25.4740535577139 25.3146451367273 25.1552367157407 24.9958282947541 24.8364198737675 24.6770114527808 24.5549437681834 24.4453229957157 24.335702223248 24.2260814507802 24.1164606783125 24.0068399058448 23.8972191333771 23.8438005765279 23.9589886665344 24.0741767565409
15.8121437549586 15.7372614383693 15.6623791217799 15.5874968051906 15.5126144886012 15.4377321720119 15.1506321191784 14.7927928209301 14.4349535226818 14.0771142244335 13.7192749261852 13.3614356279369 13.0035963296886 12.6919511159257 12.5188881556188 12.345825195312 12.1727622350052 11.9996992746984 11.8266363143916 11.6535733540848 11.480510393778 12.852848505973 14.7403203090024 16.627792112032 18.5152639150614 20.4027357180907 22.2902075211204 24.1776793241498 25.5618701457978 25.4362180233002 25.3105659008027 25.1849137783051 25.0592616558075 24.93360953331 24.8079574108124 24.6823052883148 24.5922551631928 24.5140723705292 24.4358895778656 24.357706785202 24.2795239925384 24.2013411998749 24.1231584072113 24.0914987246195 24.1994083722432 24.3073180198669
