data/working_set_collections/6091692-Cassins_Sparrow-MC/1990/bio8.asc
NCOLS 265 
NROWS 230 
XLLCORNER -115.5625 
YLLCORNER 24.8333333333333 
CELLSIZE 0.0833333333333333 
NODATA_value -9999 
[rows 100 to 119 of 230, columns 184 to 229 of 265]
24.6278025627136 24.6442408561707 24.6606791496277 24.2679059982301 23.7387290318808 23.2095520655316 22.6803750991822 22.151198132833 21.6220211664837 21.0928442001344 20.686936267217 20.6508354345957 20.6147346019745 20.5786337693532 20.542532936732 20.5064321041107 20.4703312714895 20.4342304388682 20.4324033737183 20.4420008977254 20.4515984217326 20.4611959457397 20.4707934697469 20.4803909937541 20.4899885177612 20.4941265424093 20.4818860689799 20.4696455955505 20.4574051221212 20.4451646486918 20.4329241752625 20.4206837018331 20.4084432284037 20.3905760288239 20.3708332538605 20.3510904788971 20.3313477039337 20.3116049289703 20.291862154007 20.2721193790436 20.2529751936595 20.2356267770131 20.2182783603668 20.2009299437205 20.1835815270742 20.1662331104279
24.6176440874736 24.6423753632439 24.6671066390143 24.2809990564983 23.7579451878867 23.234891319275 22.7118374506633 22.1887835820517 21.6657297134401 21.1426758448284 20.7398617903392 20.6977671782176 20.655672566096 20.6135779539744 20.5714833418528 20.5293887297312 20.4872941176097 20.4451995054881 20.4376167933146 20.4415380477905 20.4454593022664 20.4493805567424 20.4533018112183 20.4572230656942 20.4611443201701 20.4620486471388 20.453902191586 20.4457557360331 20.4376092804803 20.4294628249274 20.4213163693746 20.4131699138218 20.4050234582689 20.3892867565155 20.3710199726952 20.352753188875 20.3344864050547 20.3162196212345 20.2979528374142 20.279686053594 20.262399201923 20.2480521466997 20.2337050914764 20.2193580362532 20.2050109810299 20.1906639258067
24.6691941102346 24.6986456712087 24.7280972321828 24.3771687984467 23.8994470331405 23.4217252678342 22.9440035025279 22.4662817372217 21.9885599719154 21.5108382066091 21.1300468179914 21.0400465594397 20.950046300888 20.8600460423363 20.7700457837846 20.6800455252329 20.5900452666812 20.5000450081296 20.4773383776347 20.4770629564921 20.4767875353495 20.4765121142069 20.4762366930644 20.4759612719218 20.4756858507792 20.4735527780321 20.4658467504713 20.4581407229106 20.4504346953498 20.442728667789 20.4350226402283 20.4273166126675 20.4196105851067 20.4032596588135 20.3840270996094 20.3647945404053 20.3455619812012 20.3263294219971 20.307096862793 20.2878643035889 20.2703187359704 20.2578341431088 20.2453495502472 20.2328649573856 20.220380364524 20.2078957716624
24.7824526309967 24.8130517800649 24.8436509291331 24.5564152240754 24.1632345676423 23.7700539112092 23.376873254776 22.9836925983429 22.5905119419098 22.1973312854766 21.8574913501739 21.6776735782623 21.4978558063506 21.318038034439 21.1382202625275 20.9584024906158 20.7785847187042 20.5987669467926 20.5515681266785 20.5485756238301 20.5455831209818 20.5425906181335 20.5395981152852 20.5366056124369 20.5336131095886 20.5286389350891 20.517719745636 20.5068005561829 20.4958813667297 20.4849621772766 20.4740429878235 20.4631237983704 20.4522046089172 20.4324947357178 20.4098546346029 20.387214533488 20.364574432373 20.3419343312581 20.3192942301432 20.2966541290283 20.2767337958018 20.2649727662404 20.2532117366791 20.2414507071177 20.2296896775564 20.217928647995
24.8957111517588 24.9274578889211 24.9592046260833 24.735661649704 24.4270221021441 24.1183825545841 23.8097430070241 23.5011034594642 23.1924639119042 22.8838243643442 22.5849358823564 22.3153005970849 22.0456653118133 21.7760300265418 21.5063947412703 21.2367594559987 20.9671241707272 20.6974888854557 20.6257978757222 20.6200882911682 20.6143787066142 20.6086691220601 20.6029595375061 20.5972499529521 20.591540368398 20.5837250921461 20.5695927408006 20.5554603894552 20.5413280381097 20.5271956867642 20.5130633354187 20.4989309840732 20.4847986327277 20.4617298126221 20.4356821695964 20.4096345265706 20.3835868835449 20.3575392405192 20.3314915974935 20.3054439544678 20.2831488556332 20.2721113893721 20.261073923111 20.2500364568498 20.2389989905887 20.2279615243276
25.0089696725209 25.0418639977773 25.0747583230336 24.9149080753327 24.6908096366459 24.4667111979591 24.2426127592722 24.0185143205855 23.7944158818987 23.5703174432118 23.3123804145389 22.9529276159075 22.593474817276 22.2340220186446 21.8745692200132 21.5151164213817 21.1556636227502 20.7962108241188 20.700027624766 20.6916009585063 20.6831742922465 20.6747476259867 20.666320959727 20.6578942934672 20.6494676272074 20.6388112492031 20.6214657359653 20.6041202227275 20.5867747094896 20.5694291962518 20.5520836830139 20.5347381697761 20.5173926565382 20.4909648895264 20.4615097045898 20.4320545196533 20.4025993347168 20.3731441497803 20.3436889648438 20.3142337799072 20.2895639154646 20.2792500125037 20.2689361095428 20.258622206582 20.2483083036211 20.2379944006602
25.1222281932831 25.1562701066335 25.1903120199839 25.0941545009613 24.9545971711477 24.815039841334 24.6754825115203 24.5359251817067 24.396367851893 24.2568105220794 24.0398249467214 23.59055463473 23.1412843227386 22.6920140107473 22.242743698756 21.7934733867646 21.3442030747732 20.8949327627819 20.7742573738098 20.7631136258443 20.7519698778788 20.7408261299133 20.7296823819478 20.7185386339823 20.7073948860168 20.6938974062602 20.67333873113 20.6527800559997 20.6322213808695 20.6116627057393 20.5911040306091 20.5705453554789 20.5499866803487 20.5201999664307 20.4873372395833 20.454474512736 20.4216117858887 20.3887490590413 20.355886332194 20.3230236053467 20.295978975296 20.2863886356354 20.2767982959747 20.2672079563141 20.2576176166534 20.2480272769928
25.2354867140452 25.2706762154897 25.3058657169342 25.27340092659 25.2183847056495 25.163368484709 25.1083522637685 25.053336042828 24.9983198218875 24.943303600947 24.7672694789039 24.2281816535526 23.6890938282013 23.1500060028501 22.6109181774988 22.0718303521475 21.5327425267962 20.993654701445 20.8484871228536 20.8346262931824 20.8207654635111 20.8069046338399 20.7930438041687 20.7791829744975 20.7653221448262 20.7489835633172 20.7252117262946 20.7014398892721 20.6776680522495 20.6538962152269 20.6301243782043 20.6063525411818 20.5825807041592 20.549435043335 20.5131647745768 20.4768945058187 20.4406242370606 20.4043539683024 20.3680836995443 20.3318134307861 20.3023940351274 20.293527258767 20.2846604824066 20.2757937060462 20.2669269296858 20.2580601533254
25.3632867972056 25.3966742356618 25.430061674118 25.3954078356425 25.338073571523 25.2807393074036 25.2234050432841 25.1660707791647 25.1087365150452 25.0514022509258 24.8731197569107 24.3319925732085 23.7908653895062 23.2497382058039 22.7086110221017 22.1674838383994 21.6263566546971 21.0852294709949 20.9377023379008 20.9213752216763 20.9050481054518 20.8887209892273 20.8723938730028 20.8560667567783 20.8397396405538 20.8210606204139 20.7953258885278 20.7695911566416 20.7438564247555 20.7181216928694 20.6923869609833 20.6666522290971 20.640917497211 20.6036552429199 20.5625504811605 20.521445719401 20.4803409576416 20.4392361958822 20.3981314341227 20.3570266723633 20.3242496331533 20.3164557615916 20.3086618900299 20.3008680184682 20.2930741469065 20.2852802753448
25.5056284427643 25.5342641671498 25.5628998915354 25.4601752281189 25.3136637687683 25.1671523094178 25.0206408500672 24.8741293907166 24.7276179313661 24.5811064720155 24.3573757807416 23.9019873936973 23.446599006653 22.9912106196087 22.5358222325644 22.0804338455201 21.6250454584759 21.1696570714316 21.0419030189514 21.0233604113261 21.0048178037008 20.9862751960754 20.9677325884501 20.9491899808248 20.9306473731994 20.9101285775502 20.8836812178294 20.8572338581085 20.8307864983876 20.8043391386668 20.7778917789459 20.751444419225 20.7249970595042 20.6828605651855 20.6354943593343 20.5881281534831 20.5407619476318 20.4933957417806 20.4460295359294 20.3986633300781 20.3615457693736 20.3551741441091 20.3488025188446 20.3424308935801 20.3360592683156 20.3296876430511
25.6479700883229 25.6718540986379 25.6957381089528 25.5249426205953 25.2892539660136 25.053565311432 24.8178766568503 24.5821880022686 24.3464993476869 24.1108106931052 23.8416318045724 23.4719822141861 23.1023326237998 22.7326830334135 22.3630334430272 21.9933838526409 21.6237342622546 21.2540846718683 21.146103700002 21.1253456009759 21.1045875019497 21.0838294029236 21.0630713038974 21.0423132048713 21.0215551058451 20.9991965346866 20.972036547131 20.9448765595754 20.9177165720198 20.8905565844642 20.8633965969086 20.836236609353 20.8090766217973 20.7620658874512 20.7084382375081 20.6548105875651 20.6011829376221 20.547555287679 20.493927637736 20.440299987793 20.3988419055939 20.3938925266266 20.3889431476593 20.383993768692 20.3790443897247 20.3740950107574
25.7903117338816 25.8094440301259 25.8285763263702 25.5897100130717 25.2648441632589 24.9399783134462 24.6151124636333 24.2902466138205 23.9653807640077 23.6405149141949 23.3258878284032 23.0419770346749 22.7580662409465 22.4741554472182 22.19024465349 21.9063338597616 21.6224230660333 21.338512272305 21.2503043810526 21.2273307906257 21.2043572001987 21.1813836097717 21.1584100193447 21.1354364289178 21.1124628384908 21.088264491823 21.0603918764326 21.0325192610423 21.0046466456519 20.9767740302616 20.9489014148712 20.9210287994809 20.8931561840905 20.8412712097168 20.781382115682 20.7214930216471 20.6616039276123 20.6017148335775 20.5418257395427 20.4819366455078 20.4361380418142 20.4326109091441 20.429083776474 20.4255566438039 20.4220295111338 20.4185023784637
25.9326533794403 25.9470339616139 25.9614145437876 25.6544774055482 25.2404343605042 24.8263913154603 24.4123482704164 23.9983052253725 23.5842621803286 23.1702191352846 22.810143852234 22.6119718551637 22.4137998580934 22.215627861023 22.0174558639527 21.8192838668824 21.6211118698121 21.4229398727417 21.3545050621033 21.3293159802755 21.3041268984477 21.2789378166199 21.2537487347921 21.2285596529643 21.2033705711365 21.1773324489593 21.1487472057342 21.1201619625091 21.091576719284 21.062991476059 21.0344062328339 21.0058209896088 20.9772357463837 20.9204765319824 20.8543259938558 20.7881754557292 20.7220249176025 20.6558743794759 20.5897238413493 20.5235733032227 20.4734341780345 20.4713292916616 20.4692244052887 20.4671195189158 20.4650146325429 20.46290974617
26.074995024999 26.084623893102 26.094252761205 25.7192447980246 25.2160245577495 24.7128043174745 24.2095840771994 23.7063638369244 23.2031435966494 22.6999233563743 22.2943998760648 22.1819666756525 22.0695334752401 21.9571002748278 21.8446670744155 21.7322338740031 21.6198006735908 21.5073674731785 21.4587057431539 21.4313011699253 21.4038965966966 21.376492023468 21.3490874502394 21.3216828770108 21.2942783037821 21.2664004060957 21.2371025350359 21.207804663976 21.1785067929162 21.1492089218563 21.1199110507965 21.0906131797367 21.0613153086768 20.999681854248 20.9272698720296 20.8548578898112 20.7824459075928 20.7100339253744 20.6376219431559 20.5652099609375 20.5107303142548 20.5100476741791 20.5093650341034 20.5086823940277 20.507999753952 20.5073171138763
25.951072772344 25.920479853948 25.889886935552 25.5039350191754 24.9995301034717 24.4951251877681 23.9907202720643 23.4863153563607 22.981910440657 22.4775055249533 22.0823414696588 22.0148999955919 21.9474585215251 21.8800170474582 21.8125755733914 21.7451340993245 21.6776926252577 21.6102511511909 21.5720022996267 21.54348432223 21.5149663448334 21.4864483674367 21.4579303900401 21.4294124126434 21.4008944352468 21.371797853046 21.3409654564328 21.3101330598195 21.2793006632063 21.2484682665931 21.2176358699799 21.1868034733666 21.1559710767534 21.0918129285177 21.0165461964077 20.9412794642978 20.8660127321879 20.790746000078 20.7154792679681 20.6402125358582 20.5834087795681 20.5819939507378 20.5805791219075 20.5791642930772 20.577749464247 20.5763346354167
25.5608866214753 25.4546018441519 25.3483170668285 25.0085480690004 24.5909509976707 24.1733539263409 23.7557568550111 23.3381597836814 22.9205627123516 22.5029656410218 22.173968633016 22.1107718149821 22.0475749969482 21.9843781789144 21.9211813608805 21.8579845428467 21.7947877248128 21.731590906779 21.6943947315216 21.6658654371897 21.6373361428579 21.608806848526 21.5802775541941 21.5517482598623 21.5232189655304 21.4935247898102 21.4603359699249 21.4271471500397 21.3939583301544 21.3607695102692 21.3275806903839 21.2943918704986 21.2612030506134 21.1968697547913 21.1221549669902 21.047440179189 20.9727253913879 20.8980106035868 20.8232958157857 20.7485810279846 20.6914695739746 20.6871681213379 20.6828666687012 20.6785652160644 20.6742637634277 20.669962310791
25.1707004706066 24.9887238343558 24.806747198105 24.5131611188254 24.1823718918696 23.8515826649137 23.5207934379579 23.190004211002 22.8592149840462 22.5284257570903 22.2655957963732 22.2066436343723 22.1476914723714 22.0887393103705 22.0297871483697 21.9708349863688 21.9118828243679 21.8529306623671 21.8167871634165 21.7882465521494 21.7597059408824 21.7311653296153 21.7026247183482 21.6740841070811 21.645543495814 21.6152517265744 21.5797064834171 21.5441612402598 21.5086159971025 21.4730707539452 21.437525510788 21.4019802676307 21.3664350244734 21.3019265810649 21.2277637375726 21.1536008940803 21.079438050588 21.0052752070957 20.9311123636034 20.8569495201111 20.7995303683811 20.7923422919379 20.7851542154948 20.7779661390516 20.7707780626085 20.7635899861653
24.7805143197378 24.5228458245596 24.2651773293814 24.0177741686504 23.7737927860685 23.5298114034866 23.2858300209046 23.0418486383227 22.7978672557408 22.5538858731588 22.3572229597304 22.3025154537625 22.2478079477946 22.1931004418267 22.1383929358588 22.0836854298909 22.0289779239231 21.9742704179552 21.9391795953115 21.9106276671092 21.8820757389069 21.8535238107045 21.8249718825022 21.7964199542999 21.7678680260976 21.7369786633385 21.6990769969092 21.6611753304799 21.6232736640506 21.5853719976213 21.547470331192 21.5095686647627 21.4716669983334 21.4069834073385 21.333372508155 21.2597616089715 21.186150709788 21.1125398106045 21.038928911421 20.9653180122375 20.9075911627875 20.897516462538 20.8874417622884 20.8773670620388 20.8672923617893 20.8572176615397
24.3903281688691 24.0569678147635 23.7236074606579 23.5223872184755 23.3652136802674 23.2080401420594 23.0508666038514 22.8936930656434 22.7365195274354 22.5793459892273 22.4488501230876 22.3983872731527 22.3479244232178 22.2974615732829 22.246998723348 22.1965358734131 22.1460730234782 22.0956101735433 22.0615720272064 22.0330087820689 22.0044455369313 21.9758822917938 21.9473190466563 21.9187558015187 21.8901925563812 21.8587056001027 21.8184475104014 21.7781894207001 21.7379313309987 21.6976732412974 21.6574151515961 21.6171570618947 21.5768989721934 21.5120402336121 21.4389812787374 21.3659223238627 21.292863368988 21.2198044141134 21.1467454592387 21.073686504364 21.015651957194 21.002690633138 20.989729309082 20.976767985026 20.96380666097 20.950845336914
24.0001420180004 23.5910898049674 23.1820375919344 23.0270002683005 22.9566345744663 22.8862688806323 22.8159031867981 22.745537492964 22.6751717991299 22.6048061052958 22.5404772864448 22.4942590925429 22.4480408986409 22.401822704739 22.3556045108371 22.3093863169352 22.2631681230333 22.2169499291314 22.1839644591013 22.1553898970286 22.1268153349558 22.0982407728831 22.0696662108103 22.0410916487376 22.0125170866648 21.9804325368669 21.9378180238936 21.8952035109202 21.8525889979468 21.8099744849735 21.7673599720001 21.7247454590268 21.6821309460534 21.6170970598857 21.5445900493198 21.4720830387539 21.3995760281881 21.3270690176222 21.2545620070563 21.1820549964905 21.1237127516005 21.1078648037381 21.0920168558756 21.0761689080132 21.0603209601508 21.0444730122884
