data/working_set_collections/6091692-Cassins_Sparrow-MC/1990/bio8.asc
NCOLS 265 
NROWS 230 
XLLCORNER -115.5625 
YLLCORNER 24.8333333333333 
CELLSIZE 0.0833333333333333 
NODATA_value -9999 
[rows 140 to 159 of 230, columns 0 to 45 of 265]
14.5355190436046 14.6700674215953 14.804615799586 14.9391641775767 15.0737125555674 15.2082609335581 15.3428093115488 15.1157224019369 14.7680903964573 14.4204583909777 14.0728263854981 13.7251943800185 13.3775623745389 13.0299303690593 12.7684741338094 12.7655452092489 12.7626162846883 12.7596873601278 12.7567584355672 12.7538295110067 12.7509005864461 12.7479716618856 12.7725858926773 12.8063811752531 12.8401764578289 12.8739717404047 12.9077670229806 12.9415623055564 12.9753575881322 13.2044959094787 14.0196633471381 14.8348307847974 15.6499982224567 16.4651656601161 17.2803330977753 18.0955005354346 18.910667973094 19.0856015364325 19.0471238083305 19.0086460802286 18.9701683521267 18.9316906240247 18.8932128959228 18.8547351678208 18.8031445344285 18.712215185165
14.3064192930857 14.4889411767324 14.671463060379 14.8539849440257 15.0365068276723 15.2190287113189 15.4015505949656 15.1814020792644 14.8270300971138 14.4726581149631 14.1182861328126 13.763914150662 13.4095421685113 13.0551701863607 12.792663637797 12.8057533899943 12.8188431421916 12.8319328943888 12.8450226465861 12.8581123987834 12.8712021509806 12.8842919031779 12.904629778862 12.9273836957084 12.9501376125547 12.9728915294011 12.9956454462475 13.0183993630939 13.0411532799403 13.3611922555497 14.5730864074493 15.7849805593487 16.9968747112482 18.2087688631478 19.4206630150473 20.6325571669467 21.8444513188463 22.0997948487596 22.036288171344 21.9727814939284 21.9092748165127 21.8457681390971 21.7822614616815 21.7187547842658 21.6443806807197 21.537404298782
14.0773195425669 14.3078149318695 14.538310321172 14.7688057104746 14.9993010997772 15.2297964890797 15.4602918783823 15.2470817565918 14.8859697977703 14.5248578389486 14.163745880127 13.8026339213054 13.4415219624838 13.0804100036622 12.8168531417847 12.8459615707397 12.8750699996948 12.9041784286499 12.933286857605 12.96239528656 12.9915037155151 13.0206121444702 13.0366736650467 13.0483862161636 13.0600987672806 13.0718113183975 13.0835238695144 13.0952364206314 13.1069489717483 13.5178886016206 15.1265094677604 16.7351303339 18.3437512000396 19.9523720661794 21.560992932319 23.1696137984586 24.7782346645984 25.1139881610865 25.0254525343572 24.9369169076279 24.8483812808986 24.7598456541692 24.6713100274399 24.5827744007106 24.4856168270106 24.3625934123988
13.8482197920481 14.1266886870066 14.4051575819651 14.6836264769236 14.9620953718821 15.2405642668406 15.5190331617991 15.3127614339193 14.9449094984267 14.5770575629341 14.2092056274415 13.8413536919489 13.4735017564562 13.1056498209636 12.8410426457723 12.8861697514852 12.9312968571981 12.9764239629109 13.0215510686238 13.0666781743367 13.1118052800496 13.1569323857625 13.1687175512314 13.1693887366189 13.1700599220064 13.1707311073939 13.1714022927814 13.1720734781689 13.1727446635564 13.6745849476915 15.6799325280716 17.6852801084514 19.6906276888311 21.6959752692112 23.7013228495909 25.7066704299707 27.7120180103507 28.1281814734137 28.0146168973707 27.9010523213277 27.7874877452846 27.6739231692416 27.5603585931986 27.4467940171556 27.3268529733018 27.1877825260158
13.5954977936215 13.9176061471303 14.2397145006391 14.561822854148 14.8839312076568 15.2060395611656 15.5281479146745 15.3584901491801 15.0249103440179 14.6913305388557 14.3577507336935 14.0241709285313 13.690591123369 13.3570113182068 13.1589477433098 13.3674328592087 13.5759179751077 13.7844030910066 13.9928882069056 14.2013733228045 14.4098584387034 14.6183435546024 14.6676748275754 14.663954819573 14.6602348115706 14.6565148035682 14.6527947955658 14.6490747875634 14.645354779561 15.145831622017 17.15889901585 19.1719664096827 21.1850338035153 23.1981011973483 25.211168591181 27.2242359850137 29.2373033788467 29.6378363927206 29.5008579466078 29.3638795004951 29.2269010543824 29.0899226082696 28.9529441621569 28.8159657160441 28.6744813283285 28.5194791158041
13.319153547287 13.6805673122406 14.0419810771942 14.4033948421478 14.7648086071014 15.126222372055 15.4876361370086 15.3842679023743 15.1259723345439 14.8676767667135 14.6093811988831 14.3510856310527 14.0927900632222 13.8344944953918 13.7705684343972 14.2897508939105 14.8089333534238 15.328115812937 15.8472982724504 16.3664807319637 16.8856631914769 17.4048456509903 17.5335454940791 17.5320844650264 17.5306234359736 17.5291624069209 17.5277013778682 17.5262403488154 17.5247793197627 17.9316286245973 19.5634089310958 21.195189237594 22.8269695440922 24.4587498505906 26.0905301570888 27.722310463587 29.3540907700854 29.6429529190064 29.4841756820679 29.3253984451294 29.166621208191 29.0078439712525 28.849066734314 28.6902894973755 28.5285018920899 28.3576831817627
13.0428093009525 13.4435284773508 13.8442476537492 14.2449668301476 14.645686006546 15.0464051829443 15.4471243593427 15.4100456555685 15.2270343250699 15.0440229945713 14.8610116640727 14.6780003335741 14.4949890030755 14.3119776725769 14.3821891254846 15.2120689286124 16.04194873174 16.8718285348676 17.7017083379954 18.531588141123 19.3614679442506 20.1913477473784 20.3994161605831 20.40021411048 20.4010120603769 20.4018100102738 20.4026079601708 20.4034059100677 20.4042038599646 20.7174256271779 21.9679188463418 23.2184120655055 24.4689052846691 25.719398503833 26.9698917229967 28.2203849421604 29.4708781613242 29.6480694452922 29.467493417528 29.2869173897637 29.1063413619995 28.9257653342354 28.7451893064711 28.5646132787069 28.3825224558513 28.1958872477214
12.766465054618 13.2064896424611 13.6465142303042 14.0865388181474 14.5265634059905 14.9665879938337 15.4066125816769 15.4358234087626 15.3280963155959 15.2203692224291 15.1126421292623 15.0049150360955 14.8971879429287 14.7894608497619 14.9938098165721 16.1343869633142 17.2749641100562 18.4155412567982 19.5561184035404 20.6966955502824 21.8372726970243 22.9778498437665 23.2652868270871 23.2683437559336 23.2714006847802 23.2744576136268 23.2775145424734 23.2805714713199 23.2836284001665 23.5032226297585 24.3724287615878 25.241634893417 26.1108410252461 26.9800471570754 27.8492532889046 28.7184594207337 29.587665552563 29.653185971578 29.4508111529881 29.2484363343981 29.0460615158081 28.8436866972182 28.6413118786282 28.4389370600383 28.2365430196127 28.03409131368
12.4901208082835 12.9694508075714 13.4487808068593 13.9281108061472 14.4074408054351 14.886770804723 15.366100804011 15.4616011619568 15.4291583061218 -9999 -9999 -9999 -9999 15.2669440269469 15.6054305076595 17.056704998016 18.5079794883723 19.9592539787287 21.4105284690852 22.8618029594415 24.3130774497978 25.7643519401544 26.1311574935908 26.136473401387 26.1417893091833 26.1471052169795 26.1524211247757 26.1577370325719 26.1630529403682 26.2890196323389 26.7769386768336 27.2648577213283 27.752776765823 28.2406958103177 28.7286148548124 29.216533899307 29.7044529438018 29.6583024978638 29.4341288884481 29.2099552790324 28.9857816696167 28.7616080602011 28.5374344507854 28.3132608413697 28.0905635833741 27.8722953796387
12.213776561949 12.7324119726816 13.2510473834143 13.769682794147 14.2883182048797 14.8069536156123 15.3255890263451 15.487378915151 15.5302202966478 -9999 -9999 -9999 -9999 -9999 16.2170511987469 17.9790230327179 19.7409948666886 21.5029667006592 23.2649385346302 25.0269103686009 26.7888822025715 28.5508540365425 28.9970281600948 29.0046030468407 29.0121779335866 29.0197528203324 29.0273277070783 29.0349025938242 29.0424774805701 29.0748166349195 29.1814485920797 29.2880805492398 29.3947125064 29.5013444635601 29.6079764207203 29.7146083778804 29.8212403350406 29.6634190241496 29.4174466239082 29.1714742236668 28.9255018234253 28.6795294231839 28.4335570229425 28.1875846227011 27.9445841471355 27.7104994455974
11.9755217101839 12.5167599121729 13.0579981141619 13.5992363161511 14.1404745181401 14.6817127201291 15.2229509221183 15.4331862131755 15.5330872005886 -9999 -9999 -9999 -9999 -9999 -9999 -9999 20.0506845633187 21.8032030900317 -9999 -9999 -9999 28.8132771968844 29.3735106309259 29.5363157007433 29.6991207705606 29.861925840378 30.0247309101954 30.1875359800128 30.3503410498301 30.4535288545821 30.3778648641374 30.3022008736928 30.2265368832482 30.1508728928036 30.075208902359 29.9995449119144 29.9238809214698 29.7168056329092 29.4659265783098 29.2150475237105 28.9641684691111 28.7132894145118 28.4624103599124 28.2115313053131 27.9626033306122 27.7195285956065
11.7753562529881 12.3224946260452 12.8696329991022 13.4167713721593 13.9639097452163 14.5110481182733 15.0581864913304 15.2990230560303 15.4377590179443 -9999 -9999 -9999 -9999 -9999 -9999 -9999 -9999 -9999 -9999 -9999 -9999 -9999 27.2606049060824 27.7316113630933 28.2026178201042 28.673624277115 29.1446307341258 29.6156371911367 30.0866436481476 30.4251562913259 30.3661874930064 30.3072186946869 30.2482498963674 30.1892810980479 30.1303122997284 30.0713435014089 30.0123747030894 29.8184623241425 29.5795687516531 29.3406751791636 29.1017816066742 28.8628880341848 28.6239944616954 28.3851008892059 28.1446211338043 27.8993828296661
11.5751907957924 12.1282293399174 12.6812678840424 13.2343064281675 13.7873449722925 14.3403835164175 14.8934220605426 15.1648598988851 15.3424308353 -9999 -9999 -9999 -9999 -9999 -9999 -9999 -9999 -9999 -9999 -9999 -9999 -9999 -9999 25.9269070254433 26.7061148696477 27.485322713852 28.2645305580562 29.0437384022607 29.822946246465 30.3967837280697 30.3545101218753 30.312236515681 30.2699629094866 30.2276893032922 30.1854156970978 30.1431420909034 30.100868484709 29.9201190153758 29.6932109249963 29.4663028346168 29.2393947442373 29.0124866538578 28.7855785634783 28.5586704730988 28.3266389369965 28.0792370637258
11.3750253385967 11.9339640537897 12.4929027689827 13.0518414841758 13.6107801993687 14.1697189145617 14.7286576297548 15.0306967417399 15.2471026526557 -9999 -9999 -9999 -9999 -9999 -9999 -9999 -9999 -9999 -9999 -9999 -9999 -9999 -9999 -9999 -9999 26.297021150589 27.3844303819868 28.4718396133847 29.5592488447824 30.3684111648136 30.3428327507443 30.317254336675 30.2916759226057 30.2660975085364 30.2405190944672 30.2149406803979 30.1893622663286 30.0217757066091 29.8068530983395 29.5919304900699 29.3770078818003 29.1620852735308 28.9471626652612 28.7322400569916 28.5086567401886 28.2590912977854
11.174859881401 11.739698767662 12.3045376539229 12.869376540184 13.4342154264449 13.9990543127059 14.5638931989669 14.8965335845947 15.1517744700114 -9999 -9999 -9999 -9999 -9999 -9999 -9999 -9999 -9999 -9999 -9999 -9999 -9999 -9999 -9999 -9999 -9999 -9999 -9999 -9999 30.3400386015574 30.3311553796132 30.3222721576691 30.3133889357249 30.3045057137807 30.2956224918365 30.2867392698924 30.2778560479482 30.1234323978424 29.9204952716828 29.7175581455231 29.5146210193634 29.3116838932038 29.1087467670441 28.9058096408844 28.6906745433808 28.4389455318451
10.9746944242053 11.5454334815343 12.1161725388632 12.6869115961922 13.2576506535211 13.8283897108501 14.3991287681791 14.7623704274495 15.056446287367 -9999 -9999 -9999 -9999 -9999 -9999 -9999 -9999 -9999 -9999 -9999 -9999 -9999 -9999 -9999 -9999 -9999 -9999 -9999 -9999 30.3116660383013 30.3194780084822 30.3272899786631 30.3351019488441 30.342913919025 30.3507258892059 30.3585378593869 30.3663498295678 30.2250890890757 30.034137445026 29.8431858009762 29.6522341569265 29.4612825128767 29.270330868827 29.0793792247772 28.8726923465729 28.6187997659048
11.0866861873201 11.6075404167174 12.1283946461146 12.6492488755119 13.1701031049092 13.6909573343064 14.2118115637037 14.5857752482096 14.9107754177517 15.2357755872938 -9999 -9999 -9999 -9999 -9999 -9999 -9999 -9999 -9999 -9999 -9999 -9999 -9999 -9999 -9999 -9999 -9999 -9999 -9999 29.1397515959214 29.3158002032178 29.4918488105141 29.6678974178105 29.8439460251068 30.0199946324032 30.1960432396995 30.3720918469959 30.2815241495768 30.102084350586 29.9226445515951 29.7432047526042 29.5637649536133 29.3843251546224 29.2048853556315 29.0082986195883 28.7602710723877
11.5108351707457 11.9260195732115 12.3412039756774 12.7563883781432 13.1715727806091 13.5867571830749 14.0019415855408 14.366748046875 14.7147618611653 15.0627756754557 -9999 -9999 -9999 -9999 -9999 -9999 -9999 -9999 -9999 -9999 -9999 -9999 -9999 -9999 -9999 -9999 -9999 -9999 -9999 26.8242952744169 27.3201219638192 27.8159486532213 28.3117753426235 28.8076020320258 29.303428721428 29.7992554108301 30.2950821002324 30.2927375793457 30.1243359883627 29.9559343973796 29.7875328063965 29.6191312154134 29.4507296244303 29.2823280334473 29.0974933624268 28.863359451294
11.9349841541713 12.2444987297057 12.5540133052401 12.8635278807746 13.1730424563089 13.4825570318433 13.7920716073778 14.1477208455403 14.5187483045789 14.8897757636176 -9999 -9999 -9999 -9999 -9999 -9999 -9999 -9999 -9999 -9999 -9999 -9999 -9999 -9999 -9999 -9999 -9999 -9999 -9999 24.5088389529124 25.3244437244205 26.1400484959285 26.9556532674366 27.7712580389447 28.5868628104527 29.4024675819608 30.2180723534689 30.3039510091146 30.1465876261394 29.9892242431641 29.8318608601888 29.6744974772136 29.5171340942383 29.359770711263 29.1866881052653 28.9664478302002
12.3591331375969 12.5629778861999 12.7668226348028 12.9706673834059 13.1745121320088 13.3783568806118 13.5822016292148 13.9286936442057 14.3227347479926 14.7167758517795 15.1108169555664 15.5048580593532 -9999 -9999 -9999 -9999 -9999 -9999 -9999 -9999 -9999 -9999 -9999 -9999 -9999 -9999 -9999 -9999 -9999 22.193382631408 23.3287654850221 24.4641483386359 25.5995311922497 26.7349140458638 27.8702968994776 29.0056797530914 30.1410626067054 30.3151644388835 30.168839263916 30.0225140889486 29.8761889139811 29.7298637390137 29.5835385640462 29.4372133890788 29.2758828481039 29.0695362091064
