data/working_set_collections/6091692-Cassins_Sparrow-MC/1990/bio9.asc
NCOLS 265 
NROWS 230 
XLLCORNER -115.5625 
YLLCORNER 24.8333333333333 
CELLSIZE 0.0833333333333333 
NODATA_value -9999 
[rows 120 to 139 of 230, columns 0 to 45 of 265]
23.7155365943908 23.943915271759 24.1722939491271 24.4006726264953 24.6290513038635 24.8574299812316 25.0858086585998 25.2065526803334 25.2914184835222 25.3762842867109 25.4611500898997 25.5460158930884 25.6308816962772 25.7157474994659 25.7389190673828 25.5770079294841 25.4150967915853 25.2531856536866 25.0912745157878 24.929363377889 24.7674522399903 24.6055411020915 24.4470426400503 24.2896817366282 24.1323208332062 23.9749599297841 23.8175990263621 23.66023812294 23.502877219518 23.3585562705993 23.2533551851908 23.1481540997823 23.0429530143738 22.9377519289652 22.8325508435567 22.7273497581482 22.6221486727396 22.5036767482757 22.3807812107934 22.257885673311 22.1349901358286 22.0120945983462 21.8891990608639 21.7663035233815 21.5844968477885 21.2259567578633
23.8157954216003 24.0322669029235 24.2487383842468 24.46520986557 24.6816813468933 24.8981528282165 25.1146243095398 25.2263570308685 25.3031768321991 25.3799966335297 25.4568164348602 25.5336362361908 25.6104560375214 25.6872758388519 25.7057280222575 25.549077351888 25.3924266815186 25.2357760111491 25.0791253407796 24.9224746704102 24.7658240000407 24.6091733296712 24.4889626979828 24.3808987458547 24.2728347937266 24.1647708415985 24.0567068894704 23.9486429373423 23.8405789852142 23.7401534716288 23.6626432736714 23.585133075714 23.5076228777567 23.4301126797993 23.352602481842 23.2750922838846 23.1975820859272 23.0892170429229 22.9705670515695 22.8519170602162 22.7332670688628 22.6146170775095 22.4959670861561 22.3773170948028 22.1965583483378 21.8294733365376
23.9160542488098 24.1206185340881 24.3251828193664 24.5297471046447 24.734311389923 24.9388756752014 25.1434399604797 25.2461613814036 25.314935180876 25.3837089803484 25.4524827798207 25.5212565792931 25.5900303787655 25.6588041782379 25.6725369771322 25.521146774292 25.3697565714518 25.2183663686117 25.0669761657715 24.9155859629313 24.7641957600912 24.612805557251 24.5308827559153 24.4721157550812 24.413348754247 24.3545817534129 24.2958147525787 24.2370477517446 24.1782807509104 24.1217506726582 24.071931362152 24.0221120516459 23.9722927411397 23.9224734306335 23.8726541201273 23.8228348096211 23.7730154991149 23.6747573375701 23.5603528923458 23.4459484471214 23.3315440018971 23.2171395566728 23.1027351114484 22.9883306662241 22.8086198488871 22.432989915212
24.0163130760193 24.2089701652526 24.401627254486 24.5942843437195 24.7869414329528 24.9795985221862 25.1722556114197 25.2659657319387 25.3266935295529 25.3874213271671 25.4481491247813 25.5088769223955 25.5696047200097 25.6303325176239 25.6393459320069 25.493216196696 25.3470864613851 25.2009567260743 25.0548269907634 24.9086972554525 24.7625675201416 24.6164377848307 24.5728028138479 24.5633327643076 24.5538627147674 24.5443926652272 24.534922615687 24.5254525661468 24.5159825166066 24.5033478736877 24.4812194506327 24.4590910275777 24.4369626045227 24.4148341814676 24.3927057584126 24.3705773353576 24.3484489123026 24.2602976322174 24.150138733122 24.0399798340267 23.9298209349314 23.8196620358361 23.7095031367407 23.5993442376454 23.4206813494365 23.0365064938863
24.1165719032287 24.2973217964172 24.4780716896057 24.6588215827942 24.8395714759826 25.0203213691711 25.2010712623596 25.2857700824737 25.3384518782298 25.3911336739858 25.4438154697418 25.4964972654978 25.5491790612539 25.6018608570099 25.6061548868815 25.4652856191 25.3244163513184 25.1835470835368 25.0426778157552 24.9018085479737 24.7609392801921 24.6200700124105 24.6147228717804 24.6545497735341 24.6943766752878 24.7342035770416 24.7740304787953 24.8138573805491 24.8536842823028 24.8849450747171 24.8905075391133 24.8960700035094 24.9016324679056 24.9071949323018 24.9127573966979 24.9183198610941 24.9238823254902 24.8458379268645 24.7399245738982 24.6340112209319 24.5280978679656 24.4221845149993 24.316271162033 24.2103578090667 24.0327428499857 23.6400230725606
24.2168307304382 24.3856734275817 24.5545161247253 24.7233588218689 24.8922015190124 25.061044216156 25.2298869132995 25.3055744330088 25.3502102269067 25.3948460208045 25.4394818147023 25.4841176086002 25.528753402498 25.5733891963959 25.5729638417562 25.4373550415039 25.3017462412517 25.1661374409994 25.0305286407471 24.8949198404948 24.7593110402425 24.6237022399902 24.6566429297129 24.7457667827606 24.8348906358083 24.924014488856 25.0131383419036 25.1022621949513 25.191386047999 25.2665422757466 25.2997956275939 25.3330489794413 25.3663023312886 25.3995556831359 25.4328090349832 25.4660623868306 25.4993157386779 25.4313782215118 25.3297104146745 25.2280426078372 25.1263748009999 25.0247069941626 24.9230391873253 24.821371380488 24.6448043505351 24.2435396512349
24.4115339914957 24.5533400217692 24.6951460520426 24.836952082316 24.9787581125895 25.1205641428629 25.2623701731364 25.3293155352274 25.3713073412577 25.413299147288 25.4552909533183 25.4972827593485 25.5392745653788 25.5812663714091 25.5824324660831 25.4611214266883 25.3398103872935 25.2184993478987 25.0971883085039 24.9758772691091 24.8545662297143 24.7332551903195 24.7849465370178 24.8943053457472 25.0036641544766 25.1130229632059 25.2223817719353 25.3317405806647 25.4410993893941 25.5316545009613 25.5657985210419 25.5999425411224 25.634086561203 25.6682305812836 25.7023746013641 25.7365186214447 25.7706626415253 25.711491950353 25.6212163554298 25.5309407605065 25.4406651655833 25.3503895706601 25.2601139757368 25.1698383808136 25.0040503554875 24.6117250389523
24.7006816864013 24.8003215789794 24.8999614715576 24.9996013641357 25.0992412567138 25.198881149292 25.2985210418701 25.3569933891296 25.4017432212829 25.4464930534363 25.4912428855896 25.5359927177429 25.5807425498962 25.6254923820495 25.6345607598623 25.5365847746531 25.438608789444 25.3406328042348 25.2426568190257 25.1446808338165 25.0467048486074 24.9487288633982 24.999633693695 25.1001654624938 25.2006972312927 25.3012290000915 25.4017607688903 25.5022925376892 25.602824306488 25.6802817503611 25.688516219457 25.6967506885528 25.7049851576487 25.7132196267446 25.7214540958404 25.7296885649363 25.7379230340322 25.6861791133881 25.614442396164 25.5427056789398 25.4709689617157 25.3992322444916 25.3274955272675 25.2557588100433 25.1104808648428 24.7445792357127
24.9898293813069 25.0473031361897 25.1047768910725 25.1622506459554 25.2197244008382 25.277198155721 25.3346719106038 25.3846712430318 25.4321791013082 25.4796869595845 25.5271948178609 25.5747026761373 25.6222105344136 25.66971839269 25.6866890536414 25.6120481226179 25.5374071915944 25.462766260571 25.3881253295474 25.313484398524 25.2388434675005 25.164202536477 25.2143208503723 25.3060255792405 25.3977303081088 25.4894350369771 25.5811397658454 25.6728444947136 25.7645492235819 25.8289089997609 25.8112339178721 25.7935588359833 25.7758837540944 25.7582086722056 25.7405335903168 25.7228585084279 25.7051834265391 25.6608662764231 25.6076684368981 25.5544705973731 25.5012727578481 25.4480749183231 25.3948770787981 25.3416792392731 25.2169113741981 24.8774334324731
25.2789770762125 25.2942846934 25.3095923105875 25.324899927775 25.3402075449625 25.3555151621501 25.3708227793376 25.412349096934 25.4626149813334 25.5128808657328 25.5631467501322 25.6134126345316 25.6636785189311 25.7139444033305 25.7388173474206 25.6875114705827 25.6362055937449 25.5848997169071 25.5335938400692 25.4822879632314 25.4309820863936 25.3796762095557 25.4290080070495 25.5118856959872 25.594763384925 25.6776410738627 25.7605187628004 25.8433964517381 25.9262741406758 25.9775362491608 25.9339516162872 25.8903669834137 25.8467823505402 25.8031977176666 25.7596130847931 25.7160284519196 25.672443819046 25.6355534394582 25.6008944776323 25.5662355158064 25.5315765539805 25.4969175921546 25.4622586303287 25.4275996685028 25.3233418835535 25.0102876292335
25.5681247711181 25.5412662506103 25.5144077301025 25.4875492095947 25.4606906890869 25.4338321685791 25.4069736480713 25.4400269508362 25.4930508613586 25.5460747718811 25.5990986824036 25.652122592926 25.7051465034485 25.7581704139709 25.7909456411997 25.7629748185476 25.7350039958954 25.7070331732432 25.679062350591 25.6510915279388 25.6231207052866 25.5951498826344 25.6436951637268 25.7177458127339 25.7917964617411 25.8658471107482 25.9398977597554 26.0139484087626 26.0879990577697 26.1261634985606 26.0566693147023 25.9871751308441 25.9176809469859 25.8481867631276 25.7786925792694 25.7091983954112 25.639704211553 25.6102406024933 25.5941205183665 25.5780004342397 25.5618803501129 25.5457602659861 25.5296401818593 25.5135200977325 25.4297723929088 25.1431418259939
25.8572724660237 25.7882478078206 25.7192231496175 25.6501984914144 25.5811738332113 25.5121491750081 25.443124516805 25.4677048047384 25.5234867413839 25.5792686780294 25.6350506146749 25.6908325513204 25.7466144879659 25.8023964246114 25.8430739349789 25.8384381665124 25.8338023980458 25.8291666295793 25.8245308611128 25.8198950926463 25.8152593241797 25.8106235557132 25.858382320404 25.9236059294806 25.9888295385572 26.0540531476338 26.1192767567104 26.1845003657871 26.2497239748637 26.2747907479604 26.1793870131175 26.0839832782745 25.9885795434316 25.8931758085887 25.7977720737457 25.7023683389028 25.6069646040599 25.5849277655284 25.5873465591007 25.589765352673 25.5921841462453 25.5946029398176 25.5970217333899 25.5994405269623 25.5362029022641 25.2759960227543
26.2897940741644 26.1668566385905 26.0439192030165 25.9209817674425 25.7980443318685 25.6751068962945 25.5521694607205 25.5539787769317 25.5973703437381 25.6407619105445 25.6841534773509 25.7275450441572 25.7709366109636 25.81432817777 25.8479310565525 25.8521678712633 25.8564046859741 25.860641500685 25.8648783153958 25.8691151301066 25.8733519448174 25.8775887595283 25.9226164340973 25.9812410619524 26.0398656898075 26.0984903176626 26.1571149455176 26.2157395733727 26.2743642012278 26.2904251628452 26.1787951257494 26.0671650886536 25.9555350515578 25.843905014462 25.7322749773662 25.6206449402704 25.5090149031745 25.4938311417898 25.5107961389754 25.527761136161 25.5447261333466 25.5616911305322 25.5786561277178 25.5956211249034 25.5495385169983 25.3143130938212
26.8656895955403 26.6770927429199 26.4884958902994 26.299899037679 26.1113021850586 25.9227053324382 25.7341084798177 25.6988488674164 25.7147016684214 25.7305544694265 25.7464072704315 25.7622600714366 25.7781128724416 25.7939656734467 25.8055170059204 25.8041639328003 25.8028108596802 25.8014577865601 25.80010471344 25.7987516403198 25.7973985671997 25.7960454940796 25.8363975048065 25.8906512101491 25.9449049154917 25.9991586208344 26.053412326177 26.1076660315196 26.1619197368622 26.173066743215 26.0548936525981 25.9367205619812 25.8185474713644 25.7003743807475 25.5822012901307 25.4640281995138 25.3458551088969 25.3369507312775 25.3644692579905 25.3919877847036 25.4195063114166 25.4470248381297 25.4745433648427 25.5020618915558 25.4697792371115 25.2580930391948
27.4415851169162 27.1873288472493 26.9330725775825 26.6788163079156 26.4245600382487 26.1703037685818 25.9160474989149 25.843718957901 25.8320329931047 25.8203470283084 25.8086610635122 25.7969750987159 25.7852891339196 25.7736031691233 25.7631029552884 25.7561599943373 25.7492170333862 25.7422740724352 25.7353311114841 25.728388150533 25.721445189582 25.7145022286309 25.7501785755158 25.8000613583459 25.849944141176 25.8998269240061 25.9497097068363 25.9995924896664 26.0494752724966 26.0557083235847 25.9309921794468 25.8062760353089 25.681559891171 25.556843747033 25.4321276028951 25.3074114587572 25.1826953146193 25.1800703207652 25.2181423770057 25.2562144332462 25.2942864894867 25.3323585457272 25.3704306019677 25.4085026582082 25.3900199572246 25.2018729845683
28.0174806382921 27.6975649515788 27.3776492648655 27.0577335781521 26.7378178914388 26.4179022047255 26.0979865180122 25.9885890483856 25.949364317788 25.9101395871904 25.8709148565928 25.8316901259952 25.7924653953976 25.7532406648 25.7206889046563 25.7081560558743 25.6956232070923 25.6830903583103 25.6705575095283 25.6580246607463 25.6454918119643 25.6329589631822 25.663959646225 25.7094715065426 25.7549833668603 25.8004952271779 25.8460070874956 25.8915189478133 25.9370308081309 25.9383499039544 25.8070907062955 25.6758315086365 25.5445723109776 25.4133131133186 25.2820539156596 25.1507947180007 25.0195355203417 25.0231899102529 25.0718154960209 25.1204410817888 25.1690666675568 25.2176922533247 25.2663178390927 25.3149434248606 25.3102606773377 25.1456529299418
28.5933761596679 28.2078010559082 27.8222259521484 27.4366508483887 27.0510757446289 26.6655006408692 26.2799255371094 26.1334591388702 26.0666956424713 25.9999321460724 25.9331686496735 25.8664051532745 25.7996416568756 25.7328781604767 25.6782748540243 25.6601521174113 25.6420293807983 25.6239066441854 25.6057839075724 25.5876611709595 25.5695384343465 25.5514156977336 25.5777407169342 25.6188816547394 25.6600225925446 25.7011635303497 25.7423044681549 25.7834454059601 25.8245863437653 25.8209914843242 25.6831892331442 25.5453869819642 25.4075847307842 25.2697824796041 25.1319802284241 24.9941779772441 24.8563757260641 24.8663094997406 24.925488615036 24.9846677303314 25.0438468456268 25.1030259609222 25.1622050762177 25.2213841915131 25.2305013974508 25.0894328753154
29.1692716810438 28.7180371602376 28.2668026394315 27.8155681186252 27.364333597819 26.9130990770129 26.4618645562066 26.2783292293549 26.1840269671546 26.0897247049544 25.9954224427541 25.9011201805539 25.8068179183536 25.7125156561534 25.6358608033922 25.6121481789483 25.5884355545044 25.5647229300605 25.5410103056166 25.5172976811727 25.4935850567288 25.4698724322849 25.4915217876434 25.5282918029361 25.5650618182288 25.6018318335215 25.6386018488142 25.6753718641069 25.7121418793996 25.7036330646939 25.5592877599928 25.4149424552918 25.2705971505907 25.1262518458897 24.9819065411886 24.8375612364875 24.6932159317865 24.7094290892283 24.7791617340512 24.848894378874 24.9186270236969 24.9883596685198 25.0580923133426 25.1278249581655 25.1507421175639 25.0332128206889
29.312518729104 28.855492035548 28.398465341992 27.9414386484359 27.4844119548798 27.0273852613238 26.5703585677677 26.3688463528951 26.252505630917 26.136164908939 26.0198241869609 25.9034834649828 25.7871427430047 25.6708020210266 25.5777347882589 25.5544880231222 25.5312412579854 25.5079944928487 25.484747727712 25.4615009625753 25.4382541974386 25.4150074323018 25.432354482015 25.4632328033447 25.4941111246745 25.5249894460042 25.555867767334 25.5867460886637 25.6176244099935 25.6050435966916 25.4620853794946 25.3191271622976 25.1761689451006 25.0332107279036 24.8902525107066 24.7472942935096 24.6043360763126 24.6156363010406 24.6783560064104 24.7410757117801 24.8037954171499 24.8665151225196 24.9292348278893 24.9919545332591 25.0125886387296 24.9069659445021
29.0231173038484 28.6201656818391 28.2172140598298 27.8142624378205 27.4113108158112 27.008359193802 26.6054075717926 26.405010509491 26.2721316337586 26.1392527580261 26.0063738822937 25.8734950065613 25.7406161308289 25.6077372550965 25.5038968086243 25.4871716499329 25.4704464912415 25.4537213325501 25.4369961738587 25.4202710151672 25.4035458564758 25.3868206977844 25.4002388000488 25.4237046559652 25.4471705118815 25.4706363677979 25.4941022237142 25.5175680796305 25.5410339355469 25.5252230803172 25.3915820916494 25.2579411029816 25.1243001143138 24.990659125646 24.8570181369782 24.7233771483104 24.5897361596426 24.5849311351776 24.6230714321136 24.6612117290497 24.6993520259857 24.7374923229218 24.7756326198578 24.8137729167938 24.8160409609477 24.710692246755
