data/working_set_collections/6091692-Cassins_Sparrow-MC/1990/bio9.asc
NCOLS 265 
NROWS 230 
XLLCORNER -115.5625 
YLLCORNER 24.8333333333333 
CELLSIZE 0.0833333333333333 
NODATA_value -9999 
[rows 20 to 39 of 230, columns 138 to 183 of 265]
-1.11626013260751 -1.13093196526172 -1.14560379791593 -1.16027563057013 -1.12731304069362 -1.07847230997353 -1.02963157925343 -0.980790848533327 -0.93195011781323 -0.883109387093134 -0.834268656373029 -0.82015931838086 -0.910244158572592 -1.00032899876434 -1.09041383895607 -1.1804986791478 -1.27058351933955 -1.36066835953128 -1.45075319972301 -1.50757057170073 -1.55329878760708 -1.59902700351344 -1.6447552194198 -1.69048343532615 -1.7362116512325 -1.78193986713886 -1.81211163567173 -1.7956140620841 -1.77911648849647 -1.76261891490884 -1.74612134132121 -1.72962376773358 -1.71312619414595 -1.69662862055833 -1.69381406704585 -1.69556052022511 -1.69730697340436 -1.69905342658362 -1.70079987976287 -1.70254633294212 -1.70429278612138 -1.71175523797671 -1.73636568586032 -1.76097613374393 -1.78558658162753 -1.81019702951114
-0.951885664049133 -0.980137818306697 -1.00838997256426 -1.03664212682182 -1.02293468813103 -0.99524071845745 -0.967546748783868 -0.939852779110282 -0.912158809436701 -0.884464839763119 -0.856770870089533 -0.855535119440799 -0.933674025866696 -1.01181293229261 -1.0899518387185 -1.1680907451444 -1.24622965157031 -1.32436855799621 -1.4025074644221 -1.45848373671372 -1.5070724642939 -1.55566119187407 -1.60424991945425 -1.65283864703443 -1.7014273746146 -1.75001610219478 -1.78184452089999 -1.76339201298026 -1.74493950506052 -1.72648699714079 -1.70803448922105 -1.68958198130132 -1.67112947338158 -1.65267696546185 -1.64790298541387 -1.6476885146565 -1.64747404389912 -1.64725957314174 -1.64704510238436 -1.64683063162698 -1.6466161608696 -1.65258551239967 -1.67710633079211 -1.70162714918455 -1.72614796757698 -1.75066878596942
-0.787511195490774 -0.82934367135169 -0.871176147212599 -0.913008623073507 -0.918556335568447 -0.912009126941379 -0.90546191831431 -0.898914709687241 -0.892367501060173 -0.885820292433105 -0.879273083806035 -0.890910920500734 -0.957103893160797 -1.02329686582087 -1.08948983848093 -1.155682811141 -1.22187578380107 -1.28806875646113 -1.3542617291212 -1.40939690172672 -1.46084614098072 -1.51229538023471 -1.56374461948871 -1.61519385874271 -1.6666430979967 -1.71809233725071 -1.75157740612826 -1.73116996387642 -1.71076252162457 -1.69035507937273 -1.6699476371209 -1.64954019486905 -1.62913275261721 -1.60872531036537 -1.6019919037819 -1.59981650908789 -1.59764111439388 -1.59546571969987 -1.59329032500586 -1.59111493031185 -1.58893953561784 -1.59341578682264 -1.61784697572391 -1.64227816462517 -1.66670935352644 -1.6911405424277
-0.623136726932401 -0.67854952439667 -0.73396232186093 -0.789375119325189 -0.814177983005854 -0.8287775354253 -0.843377087844747 -0.857976640264197 -0.872576192683643 -0.88717574510309 -0.901775297522539 -0.926286721560673 -0.980533760454901 -1.03478079934914 -1.08902783824337 -1.14327487713759 -1.19752191603183 -1.25176895492606 -1.30601599382029 -1.36031006673972 -1.41461981766753 -1.46892956859535 -1.52323931952317 -1.57754907045099 -1.6318588213788 -1.68616857230663 -1.72131029135652 -1.69894791477257 -1.67658553818862 -1.65422316160468 -1.63186078502073 -1.60949840843678 -1.58713603185284 -1.56477365526889 -1.55608082214992 -1.55194450351928 -1.54780818488864 -1.54367186625799 -1.53953554762735 -1.53539922899671 -1.53126291036607 -1.5342460612456 -1.5585876206557 -1.5829291800658 -1.60727073947589 -1.63161229888598
-0.51987201915018 -0.574701591953632 -0.629531164757075 -0.684360737560518 -0.716203328594572 -0.740383592372144 -0.764563856149717 -0.788744119927294 -0.812924383704867 -0.83710464748244 -0.861284911260016 -0.891204431901377 -0.938341723134119 -0.98547901436687 -1.03261630559961 -1.07975359683235 -1.1268908880651 -1.17402817929785 -1.22116547053059 -1.2748791585366 -1.33078497880035 -1.3866907990641 -1.44259661932787 -1.49850243959162 -1.55440825985537 -1.61031408011914 -1.64694418079325 -1.62574712269838 -1.6045500646035 -1.58335300650863 -1.56215594841376 -1.54095889031889 -1.51976183222401 -1.49856477412914 -1.49090340733529 -1.48775393764179 -1.48460446794829 -1.48145499825478 -1.47830552856128 -1.47515605886778 -1.47200658917428 -1.47598239547677 -1.50133402976725 -1.52668566405773 -1.55203729834821 -1.5773889326387
-0.477717072144146 -0.517799874022606 -0.557882675901058 -0.597965477779511 -0.624632372334611 -0.646827297781915 -0.66902222322922 -0.691217148676527 -0.713412074123832 -0.735606999571136 -0.757801925018444 -0.785664051522819 -0.830527781198428 -0.875391510874044 -0.920255240549653 -0.965118970225261 -1.00998269990088 -1.05484642957649 -1.0997101592521 -1.15310417711736 -1.20934162437917 -1.26557907164097 -1.32181651890279 -1.3780539661646 -1.4342914134264 -1.49052886068822 -1.52847907443844 -1.51156758765382 -1.4946561008692 -1.47774461408458 -1.46083312729997 -1.44392164051535 -1.42701015373073 -1.41009866694611 -1.40645965933801 -1.40724481145542 -1.40802996357283 -1.40881511569024 -1.40960026780765 -1.41038541992506 -1.41117057204248 -1.41862478951613 -1.44608620305856 -1.47354761660099 -1.50100903014342 -1.52847044368585
-0.435562125138109 -0.460898156091575 -0.486234187045036 -0.511570217998496 -0.533061416074643 -0.553271003191678 -0.573480590308714 -0.593690177425753 -0.613899764542788 -0.634109351659823 -0.654318938776862 -0.680123671144252 -0.722713839262727 -0.765304007381209 -0.807894175499684 -0.850484343618159 -0.893074511736641 -0.935664679855115 -0.97825484797359 -1.03132919569811 -1.08789826995797 -1.14446734421783 -1.2010364184777 -1.25760549273756 -1.31417456699742 -1.37074364125729 -1.41001396808361 -1.39738805260925 -1.38476213713489 -1.37213622166053 -1.35951030618616 -1.3468843907118 -1.33425847523744 -1.32163255976308 -1.32201591134072 -1.32673568526905 -1.33145545919737 -1.3361752331257 -1.34089500705402 -1.34561478098234 -1.35033455491067 -1.3612671835555 -1.39083837634987 -1.42040956914425 -1.44998076193863 -1.479551954733
-0.393407178132072 -0.403996438160543 -0.414585698189013 -0.425174958217482 -0.441490459814675 -0.459714708601441 -0.477938957388208 -0.496163206174978 -0.514387454961744 -0.532611703748511 -0.55083595253528 -0.574583290765686 -0.614899897327026 -0.655216503888374 -0.695533110449715 -0.735849717011056 -0.776166323572404 -0.816482930133744 -0.856799536695085 -0.909554214278861 -0.966454915536775 -1.02335561679469 -1.08025631805261 -1.13715701931053 -1.19405772056844 -1.25095842182637 -1.29154886172879 -1.28320851756468 -1.27486817340057 -1.26652782923647 -1.25818748507236 -1.24984714090825 -1.24150679674415 -1.23316645258004 -1.23757216334344 -1.24622655908267 -1.25488095482191 -1.26353535056115 -1.27218974630039 -1.28084414203962 -1.28949853777886 -1.30390957759486 -1.33559054964118 -1.36727152168751 -1.39895249373383 -1.43063346578015
-0.351252231126039 -0.347094720229517 -0.342937209332996 -0.338779698436475 -0.349919503554715 -0.366158414011213 -0.38239732446771 -0.398636234924211 -0.414875145380709 -0.431114055837207 -0.447352966293707 -0.469042910387128 -0.507085955391335 -0.545129000395549 -0.583172045399756 -0.621215090403963 -0.659258135408177 -0.697301180412384 -0.735344225416591 -0.787779232859622 -0.84501156111559 -0.902243889371559 -0.959476217627536 -1.0167085458835 -1.07394087413947 -1.13117320239545 -1.17308375537398 -1.16902898252012 -1.16497420966627 -1.16091943681242 -1.15686466395857 -1.15280989110472 -1.14875511825086 -1.14470034539701 -1.15312841534616 -1.16571743289631 -1.17830645044646 -1.19089546799661 -1.20348448554676 -1.21607350309691 -1.22866252064706 -1.24655197163423 -1.2803427229325 -1.31413347423077 -1.34792422552904 -1.3817149768273
-0.309097284120001 -0.290193002298486 -0.271288720476973 -0.25238443865546 -0.258348547294746 -0.272602119420976 -0.286855691547205 -0.301109263673436 -0.315362835799665 -0.329616407925894 -0.343869980052126 -0.363502530008561 -0.399272013455635 -0.435041496902714 -0.470810980349787 -0.50658046379686 -0.542349947243939 -0.578119430691013 -0.613888914138086 -0.666004251440374 -0.723568206694395 -0.781132161948417 -0.838696117202448 -0.89626007245647 -0.953824027710491 -1.01138798296452 -1.05461864901915 -1.05484944747556 -1.05508024593196 -1.05531104438836 -1.05554184284477 -1.05577264130117 -1.05600343975757 -1.05623423821398 -1.06868466734887 -1.08520830670993 -1.101731946071 -1.11825558543206 -1.13477922479312 -1.15130286415418 -1.16782650351525 -1.1891943656736 -1.22509489622381 -1.26099542677403 -1.29689595732424 -1.33279648787445
-0.280673311879066 -0.251486245401133 -0.222299178923205 -0.193112112445277 -0.192880206231108 -0.202300020104872 -0.211719833978636 -0.221139647852402 -0.230559461726166 -0.23997927559993 -0.249399089473696 -0.264996155775672 -0.299124979362306 -0.333253802948947 -0.367382626535581 -0.401511450122215 -0.435640273708855 -0.46976909729549 -0.503897920882124 -0.55487423244243 -0.61146637332729 -0.66805851421215 -0.72465065509702 -0.78124279598188 -0.83783493686674 -0.89442707775161 -0.938034269296473 -0.942686612821299 -0.947338956346126 -0.951991299870952 -0.956643643395778 -0.961295986920605 -0.965948330445431 -0.970600673970257 -0.985939393937594 -1.00484023938577 -1.02374108483394 -1.04264193028212 -1.0615427757303 -1.08044362117847 -1.09934446662665 -1.12282216697931 -1.16003043204546 -1.19723869711161 -1.23444696217775 -1.2716552272439
-0.265980314403242 -0.230974449537471 -0.195968584671707 -0.160962719805942 -0.153514480363817 -0.155252116062919 -0.156989751762021 -0.158727387461123 -0.160465023160225 -0.162202658859327 -0.163940294558429 -0.173523787688472 -0.206644853111363 -0.239765918534259 -0.27288698395715 -0.306008049380041 -0.339129114802938 -0.372250180225828 -0.405371245648719 -0.454389175865807 -0.50870606101429 -0.563022946162773 -0.617339831311265 -0.671656716459747 -0.72597360160823 -0.780290486756722 -0.823330616205948 -0.832540478557364 -0.841750340908782 -0.850960203260198 -0.860170065611615 -0.869379927963033 -0.878589790314449 -0.887799652665865 -0.904892595112334 -0.924613230923821 -0.944333866735307 -0.964054502546797 -0.983775138358284 -1.00349577416977 -1.02321640998126 -1.04743537555139 -1.08514933039745 -1.12286328524352 -1.16057724008958 -1.19829119493564
-0.251287316927415 -0.210462653673807 -0.169637990420206 -0.128813327166604 -0.114148754496522 -0.108204212020961 -0.102259669545401 -0.0963151270698389 -0.0903705845942782 -0.0844260421187175 -0.0784814996431558 -0.082051419601264 -0.114164726860411 -0.146278034119564 -0.178391341378711 -0.210504648637859 -0.242617955897012 -0.274731263156159 -0.306844570415306 -0.353904119289175 -0.40594574870128 -0.457987378113386 -0.5100290075255 -0.562070636937605 -0.614112266349711 -0.666153895761825 -0.708626963115414 -0.722394344293421 -0.73616172547143 -0.749929106649436 -0.763696487827443 -0.777463869005452 -0.791231250183459 -0.804998631361466 -0.823845796287068 -0.844386222461866 -0.864926648636664 -0.885467074811466 -0.906007500986265 -0.926547927161063 -0.947088353335865 -0.972048584123455 -1.01026822874943 -1.04848787337542 -1.0867075180014 -1.12492716262738
-0.236594319451589 -0.189950857810143 -0.143307396168705 -0.0966639345272665 -0.0747830286292272 -0.0611563079790038 -0.0475295873287804 -0.0339028666785547 -0.0202761460283313 -0.00664942537810788 0.00697729527211782 0.00942094848594401 -0.0216846006094598 -0.0527901497048689 -0.0838956988002728 -0.115001247895677 -0.146106796991086 -0.17721234608649 -0.208317895181893 -0.253419062712543 -0.303185436388271 -0.352951810063999 -0.402718183739735 -0.452484557415463 -0.502250931091191 -0.552017304766928 -0.59392331002488 -0.612248210029477 -0.630573110034077 -0.648898010038675 -0.667222910043272 -0.685547810047872 -0.70387271005247 -0.722197610057067 -0.742798997461801 -0.764159213999911 -0.785519430538022 -0.806879647076135 -0.828239863614245 -0.849600080152355 -0.870960296690469 -0.896661792695522 -0.935387127101419 -0.974112461507322 -1.01283779591322 -1.05156313031912
-0.221901321975765 -0.169439061946481 -0.116976801917206 -0.0645145418879314 -0.0354173027619357 -0.0141084039370503 0.00720049488783518 0.0285093937127242 0.0498182925376097 0.0711271913624952 0.0924360901873842 0.100893316573144 0.0707955256414838 0.0406977347098183 0.0105999437781579 -0.0194978471535025 -0.049595638085168 -0.0796934290168284 -0.109791219948489 -0.15293400613592 -0.20042512407527 -0.247916242014621 -0.29540735995398 -0.342898477893331 -0.390389595832681 -0.43788071377204 -0.479219656934355 -0.502102075765543 -0.524984494596734 -0.547866913427921 -0.570749332259109 -0.5936317510903 -0.616514169921487 -0.639396588752675 -0.661752198636542 -0.683932205537964 -0.706112212439385 -0.728292219340811 -0.750472226242233 -0.772652233143654 -0.79483224004508 -0.821275001267596 -0.86050602545341 -0.899737049639231 -0.938968073825045 -0.978199098010859
-0.207208324499938 -0.148927266082817 -0.0906462076657052 -0.0323651492485936 0.00394842310535909 0.0329395001049072 0.0619305771044554 0.0909216541040085 0.119912731103557 0.148903808103105 0.177894885102658 0.192365684660352 0.163275651892435 0.134185619124513 0.105095586356597 0.0760055535886798 0.0469155208207579 0.0178254880528411 -0.0112645447150758 -0.0524489495592878 -0.0976648117622611 -0.142880673965234 -0.188096536168215 -0.233312398371188 -0.278528260574162 -0.323744122777143 -0.364516003843821 -0.391955941501599 -0.419395879159381 -0.446835816817159 -0.474275754474937 -0.50171569213272 -0.529155629790498 -0.556595567448276 -0.580705399811275 -0.603705197076009 -0.626704994340742 -0.64970479160548 -0.672704588870213 -0.695704386134947 -0.718704183399684 -0.745888209839664 -0.785624923805395 -0.825361637771133 -0.865098351736865 -0.904835065702596
-0.122424120856353 -0.0673579765425786 -0.0122918322288136 0.0427743120849514 0.0772939028470453 0.104964642425231 0.132635382003418 0.160306121581609 0.187976861159795 0.215647600737981 0.243318340316172 0.256762378714567 0.22752631357354 0.198290248432508 0.169054183291481 0.139818118150454 0.110582053009422 0.0813459878683951 0.0521099227273681 0.0141034435791307 -0.0268265069048389 -0.0677564573888084 -0.108686407872785 -0.149616358356755 -0.190546308840724 -0.231476259324701 -0.269670860034726 -0.299659411422908 -0.329647962811096 -0.359636514199278 -0.389625065587461 -0.419613616975648 -0.449602168363831 -0.479590719752013 -0.504509196616713 -0.527737648640245 -0.550966100663776 -0.574194552687311 -0.597423004710843 -0.620651456734374 -0.64387990875791 -0.671295260803566 -0.711271312915614 -0.751247365027668 -0.791223417139715 -0.831199469251762
0.0324512889550147 0.0752688066742532 0.118086324393484 0.160903842112716 0.184619136463131 0.201967023023927 0.219314909584723 0.236662796145522 0.254010682706318 0.271358569267114 0.288706455827913 0.294083398735772 0.263547510684781 0.233011622633784 0.202475734582793 0.171939846531802 0.141403958480805 0.110868070429814 0.0803321823788224 0.0467231732793156 0.0120897904969764 -0.0225435922853627 -0.0571769750677078 -0.0918103578500469 -0.126443740632386 -0.161077123414731 -0.194684225507086 -0.225212485529486 -0.255740745551892 -0.286269005574292 -0.316797265596692 -0.347325525619097 -0.377853785641497 -0.408382045663897 -0.433163589052864 -0.456029560230679 -0.478895531408495 -0.501761502586314 -0.524627473764129 -0.547493444941944 -0.570359416119763 -0.597496154159311 -0.637445192784072 -0.67739423140884 -0.717343270033602 -0.757292308658363
0.187326698766396 0.217895589891097 0.248464481015793 0.27903337214049 0.291944370079226 0.298969403622631 0.305994437166036 0.313019470709442 0.320044504252846 0.327069537796251 0.334094571339657 0.33140441875698 0.299568707796025 0.267732996835063 0.235897285874108 0.204061574913152 0.172225863952191 0.140390152991235 0.108554442030279 0.0793429029795033 0.0510060878987951 0.0226692728180869 -0.00566754226262618 -0.0340043573433344 -0.0623411724240426 -0.0906779875047557 -0.119697590979441 -0.150765559636058 -0.181833528292681 -0.212901496949299 -0.243969465605916 -0.275037434262539 -0.306105402919156 -0.337173371575774 -0.361817981489009 -0.384321471821108 -0.406824962153207 -0.42932845248531 -0.451831942817408 -0.474335433149507 -0.49683892348161 -0.523697047515049 -0.563619072652525 -0.603541097790006 -0.643463122927482 -0.683385148064957
0.342202108577776 0.360522373107941 0.378842637638103 0.397162902168264 0.399269603695321 0.395971784221334 0.392673964747348 0.389376145273361 0.386078325799375 0.382780506325389 0.379482686851402 0.368725438778189 0.335589904907268 0.302454371036343 0.269318837165422 0.236183303294502 0.203047769423576 0.169912235552656 0.136776701681736 0.111962632679691 0.0899223853006137 0.0678821379215364 0.0458418905424554 0.0238016431633781 0.00176139578430089 -0.0202788515947802 -0.0447109564517949 -0.07631863374263 -0.10792631103347 -0.139533988324306 -0.171141665615141 -0.202749342905981 -0.234357020196816 -0.265964697487651 -0.290472373925154 -0.312613383411536 -0.334754392897919 -0.356895402384306 -0.379036411870688 -0.401177421357071 -0.423318430843457 -0.449897940870788 -0.489792952520977 -0.529687964171173 -0.569582975821362 -0.609477987471551
