data/working_set_collections/6091692-Cassins_Sparrow-MC/1990/bio9.asc
NCOLS 265 
NROWS 230 
XLLCORNER -115.5625 
YLLCORNER 24.8333333333333 
CELLSIZE 0.0833333333333333 
NODATA_value -9999 
[rows 40 to 59 of 230, columns 46 to 91 of 265]
19.3812052488328 18.7172479391099 18.053290629387 17.3893333196641 16.7253760099413 16.0614187002183 15.7127435445786 15.4691624403 15.2255813360214 14.9820002317429 14.7384191274643 14.4948380231857 14.2512569189072 13.4067458589877 10.7594449321431 8.11214400529901 5.46484307845488 2.81754215161029 0.170241224766157 -2.47705970207798 -5.12436062892256 -5.68161917924891 -5.54219693740219 -5.40277469555545 -5.26335245370873 -5.12393021186201 -4.98450797001527 -4.84508572816855 -4.72902447183931 -4.6830461720626 -4.63706787228589 -4.59108957250918 -4.54511127273246 -4.49913297295575 -4.45315467317905 -4.40717637340233 -4.36365218758588 -4.32094603975619 -4.27823989192649 -4.2355337440968 -4.19282759626711 -4.15012144843741 -4.10741530060772 -3.55035838683499 -1.45024917523104 0.649860036372554
19.4788776636125 18.7748744885128 18.0708713134131 17.3668681383134 16.6628649632138 15.958861788114 15.6361245393754 15.4404759327571 15.2448273261388 15.0491787195206 14.8535301129024 14.6578815062841 14.4622328996658 13.6620547334359 11.0482878883682 8.43452104330103 5.82075419823383 3.20698735316619 0.593220508098988 -2.02054633696821 -4.63431318203585 -5.21426172653842 -5.11627083751899 -5.01827994849953 -4.9202890594801 -4.82229817046066 -4.72430728144121 -4.62631639242177 -4.53845070136922 -4.48096060421735 -4.4234705070655 -4.36598040991364 -4.30849031276177 -4.25100021560991 -4.19351011845806 -4.13602002130619 -4.09897788564368 -4.0687517371443 -4.03852558864491 -4.00829944014553 -3.97807329164615 -3.94784714314676 -3.91762099464738 -3.24274749623468 -0.633931948079416 1.97488360007541
19.5630969921749 18.8553790224925 18.1476610528099 17.4399430831274 16.732225113445 16.0245071437624 15.7392028570175 15.5947031312519 15.4502034054862 15.3057036797205 15.1612039539549 15.0167042281892 14.8722045024236 14.1129781928333 11.5095721317664 8.90616607070007 6.30276000963369 3.69935394856688 1.0959478875005 -1.50745817356587 -4.11086423463268 -4.51001009742435 -4.17440256079062 -3.83879502415683 -3.5031874875231 -3.16757995088937 -2.83197241425558 -2.49636487762185 -2.23535615272043 -2.1981438630162 -2.16093157331198 -2.12371928360776 -2.08650699390354 -2.04929470419932 -2.0120824144951 -1.97487012479087 -1.96054767171588 -1.95385516418396 -1.94716265665205 -1.94047014912014 -1.93377764158823 -1.92708513405632 -1.92039262652441 -1.27047646575604 1.30911065472433 3.88869777520425
19.6338632345201 18.9587615410488 18.2836598475775 17.6085581541062 16.933456460635 16.2583547671636 16.0219784975052 15.9318440357844 15.8417095740636 15.7515751123428 15.661440650622 15.5713061889012 15.4811717271804 14.7595162371799 12.1432976623378 9.52707908749614 6.91086051265448 4.29464193781237 1.6784233629707 -0.937795211870967 -3.55401378671308 -3.56886429190666 -2.71659210721696 -1.86431992252711 -1.01204773783741 -0.159775553147704 0.692496631542143 1.54476881623185 2.18025917410776 2.16540405154154 2.15054892897533 2.13569380640911 2.1208386838429 2.10598356127668 2.09112843871047 2.07627331614425 2.05163845419816 2.02374367912543 1.9958489040527 1.96795412897997 1.94005935390725 1.91216457883452 1.88426980376179 2.36645470460148 4.3788786331805 6.39130256175918
19.7046294768652 19.0621440596052 18.4196586423451 17.777173225085 17.134687807825 16.4922023905649 16.3047541379928 16.2689849403169 16.233215742641 16.197446544965 16.1616773472891 16.1259081496132 16.0901389519373 15.4060542815266 12.7770231929092 10.1479921042923 7.51896101567531 4.8899299270579 2.26089883844094 -0.368132250176019 -2.99716333879343 -2.62771848638889 -1.25878165364317 0.110155179102779 1.4790920118485 2.84802884459422 4.21696567734017 5.58590251008589 6.59587450093632 6.52895196609965 6.462029431263 6.39510689642635 6.32818436158969 6.26126182675304 6.19433929191639 6.12741675707972 6.06382458011253 6.00134252243517 5.93886046475779 5.87637840708042 5.81389634940306 5.75141429172568 5.68893223404831 6.00338587495931 7.44864661163694 8.89390734831432
19.7753957192104 19.1655265781616 18.5556574371127 17.9457882960638 17.335919155015 16.7260500139661 16.5875297784805 16.6061258448494 16.6247219112184 16.6433179775873 16.6619140439563 16.6805101103252 16.6991061766942 16.0525923258734 13.4107487234807 10.7689051210884 8.12706151869615 5.48521791630344 2.84337431391119 0.20153071151893 -2.44031289087378 -1.68657268087112 0.199028799930613 2.08463028073267 3.9702317615344 5.85583324233614 7.7414347231382 9.62703620393993 11.0114898277649 10.8924998806578 10.7735099335507 10.6545199864436 10.5355300393365 10.4165400922294 10.2975501451223 10.1785601980152 10.0760107060269 9.9789413657449 9.88187202546288 9.78480268518087 9.68773334489887 9.59066400461684 9.49359466433484 9.64031704531714 10.5184145900934 11.3965121348695
19.8461619615556 19.2689090967179 18.6916562318802 18.1144033670426 17.537150502205 16.9598976373673 16.8703054189681 16.9432667493819 17.0162280797958 17.0891894102096 17.1621507406234 17.2351120710372 17.308073401451 16.69913037022 14.044474254052 11.3898181378845 8.73516202171693 6.08050590554893 3.42584978938138 0.771193673213829 -1.88346244295417 -0.74542687535343 1.65683925350428 4.05910538236239 6.4613715112201 8.8636376400778 11.2659037689359 13.6681698977936 15.4271051545931 15.2560477952155 15.084990435838 14.9139330764605 14.7428757170829 14.5718183577054 14.4007609983279 14.2297036389503 14.0881968319409 13.9565402090543 13.8248835861676 13.693226963281 13.5615703403943 13.4299137175077 13.298257094621 13.2772482156747 13.5881825685496 13.8991169214244
19.9169282039007 19.3722916152743 18.8276550266478 18.2830184380214 17.738381849395 17.1937452607685 17.1530810594558 17.2804076539145 17.4077342483732 17.5350608428318 17.6623874372905 17.7897140317492 17.9170406262079 17.3456684145668 14.6781997846235 12.0107311546806 9.34326252473777 6.67579389479447 4.00832526485162 1.34085663490878 -1.32661199503452 0.195718930164341 3.11464970707806 6.03358048399228 8.952511260906 11.8714420378197 14.7903728147339 17.7093035916477 19.8427204814216 19.6195957097736 19.3964709381257 19.1733461664777 18.9502213948297 18.7270966231817 18.5039718515338 18.2808470798858 18.1003829578553 17.934139052364 17.7678951468727 17.6016512413814 17.4354073358902 17.2691634303988 17.1029195249076 16.9141793860325 16.657950547006 16.4017217079795
19.9234150091808 19.382259575526 18.8411041418712 18.2999487082165 17.7587932745617 17.2176378409069 17.2280415693919 17.4222983519236 17.6165551344553 17.8108119169871 18.0050686995188 18.1993254820505 18.3935822645822 17.9259505291785 15.4726532399656 13.0193559507532 10.5660586615407 8.11276137232782 5.65946408311537 3.20616679390291 0.75286950469004 2.32517076134594 5.23933819995888 8.15350563857231 11.0676730771853 13.9818405157982 16.8960079544116 19.8101753930246 21.9387374771967 21.7104834980435 21.4822295188904 21.2539755397373 21.0257215605842 20.7974675814311 20.569213602278 20.3409596231249 20.1472228050232 19.964991707272 19.7827606095208 19.6005295117696 19.4182984140185 19.2360673162672 19.053836218516 18.7855691803827 18.2591943211026 17.7328194618226
19.8656223773957 19.2988129774731 18.7320035775503 18.1651941776277 17.598384777705 17.0315753777823 17.0951869487762 17.3689388434092 17.6426907380422 17.9164426326751 18.190194527308 18.463946421941 18.737698316574 18.4399767140551 16.4278346200785 14.4156925261022 12.4035504321259 10.3914083381492 8.37926624417293 6.36712415019663 4.35498205621999 5.6429286181917 8.03090473214683 10.4188808461024 12.8068569600575 15.1948330740126 17.5828091879682 19.9707853019233 21.715156141917 21.5287111600241 21.3422661781312 21.1558211962383 20.9693762143453 20.7829312324524 20.5964862505595 20.4100412686666 20.2287163734436 20.0490981737773 19.8694799741109 19.6898617744446 19.5102435747783 19.3306253751119 19.1510071754456 18.8914175987245 18.3919138908387 17.8924101829529
19.8078297456107 19.2153663794201 18.6229030132295 18.0304396470389 17.4379762808483 16.8455129146577 16.9623323281606 17.3155793348947 17.668826341629 18.0220733483632 18.3753203550973 18.7285673618316 19.0818143685658 18.9540028989318 17.3830160001914 15.8120291014513 14.2410422027112 12.6700553039708 11.0990684052307 9.52808150649062 7.95709460775024 8.96068647503774 10.822471264335 12.6842560536326 14.5460408429299 16.4078256322272 18.2696104215248 20.1313952108221 21.4915748066373 21.3469388220046 21.2023028373719 21.0576668527392 20.9130308681064 20.7683948834737 20.623758898841 20.4791229142083 20.310209941864 20.1332046402825 19.956199338701 19.7791940371196 19.6021887355381 19.4251834339566 19.2481781323751 18.9972660170662 18.5246334605747 18.0520009040833
19.7500371138256 19.1319197813671 18.5138024489086 17.8956851164501 17.2775677839917 16.6594504515331 16.8294777075449 17.2622198263803 17.6949619452158 18.1277040640512 18.5604461828866 18.9931883017221 19.4259304205575 19.4680290838085 18.3381973803044 17.2083656768004 16.0785339732965 14.9487022697924 13.8188705662885 12.6890388627846 11.5592071592805 12.2784443318838 13.6140377965232 14.9496312611629 16.2852247258023 17.6208181904417 18.9564116550814 20.2920051197208 21.2679934713576 21.1651664839851 21.0623394966126 20.9595125092401 20.8566855218676 20.7538585344951 20.6510315471226 20.54820455975 20.3917035102844 20.2173111067878 20.0429187032912 19.8685262997945 19.6941338962979 19.5197414928013 19.3453490893046 19.1031144354079 18.6573530303108 18.2115916252137
19.6922444820405 19.0484731833142 18.4047018845877 17.7609305858613 17.117159287135 16.4733879884085 16.6966230869293 17.2088603178659 17.7210975488026 18.2333347797393 18.7455720106759 19.2578092416126 19.7700464725493 19.9820552686851 19.2933787604172 18.6047022521495 17.9160257438817 17.2273492356138 16.5386727273461 15.8499962190783 15.1613197108104 15.5962021887295 16.4056043287112 17.2150064686929 18.0244086086746 18.8338107486562 19.643212888638 20.4526150286196 21.0444121360779 20.9833941459656 20.9223761558533 20.861358165741 20.8003401756287 20.7393221855164 20.6783041954041 20.6172862052917 20.4731970787049 20.3014175732931 20.1296380678813 19.9578585624695 19.7860790570577 19.6142995516459 19.4425200462341 19.2089628537497 18.7900726000468 18.371182346344
19.6344518502555 18.9650265852612 18.2956013202668 17.6261760552726 16.9567507902783 16.2873255252839 16.5637684663136 17.1555008093515 17.7472331523895 18.3389654954273 18.9306978384652 19.5224301815032 20.1141625245411 20.4960814535618 20.2485601405302 20.0010388274986 19.753517514467 19.5059962014354 19.2584748884039 19.0109535753723 18.7634322623407 18.9139600455756 19.1971708608994 19.4803816762232 19.763592491547 20.0468033068708 20.3300141221946 20.6132249375184 20.8208308007982 20.8016218079461 20.782412815094 20.7632038222419 20.7439948293898 20.7247858365377 20.7055768436856 20.6863678508335 20.5546906471253 20.3855240397983 20.2163574324714 20.0471908251445 19.8780242178175 19.7088576104906 19.5396910031637 19.3148112720914 18.9227921697829 18.5307730674744
19.6320745468141 18.9817823410036 18.3314901351929 17.6811979293824 17.0309057235719 16.3806135177613 16.6881320158639 17.3149207486045 17.9417094813452 18.5684982140857 19.1952869468263 19.822075679567 20.4488644123076 20.9153761704762 20.9010570049285 20.8867378393809 20.8724186738332 20.8580995082855 20.8437803427378 20.8294611771901 20.8151420116424 20.8168755054473 20.8239598857031 20.8310442659589 20.8381286462148 20.8452130264706 20.8522974067264 20.8593817869822 20.861963865492 20.8510390387641 20.8401142120361 20.8291893853081 20.8182645585802 20.8073397318522 20.7964149051242 20.7854900783963 20.6465320746104 20.4648963451386 20.2832606156667 20.1016248861949 19.9199891567231 19.7383534272512 19.5567176977794 19.3258645428553 18.947359111574 18.5688536802928
19.6851125717164 19.0987404505413 18.5123683293661 17.925996208191 17.3396240870159 16.7532519658407 17.0697137355803 17.687120135625 18.3045265356698 18.9219329357146 19.5393393357593 20.1567457358041 20.7741521358488 21.2399394194284 21.2508693536122 21.261799287796 21.2727292219797 21.2836591561635 21.2945890903472 21.305519024531 21.3164489587147 21.304948568344 21.2859714031219 21.2669942378997 21.2480170726775 21.2290399074554 21.2100627422332 21.191085577011 21.1678113301595 21.1316458384196 21.0954803466797 21.0593148549397 21.0231493631998 20.9869838714599 20.95081837972 20.9146528879801 20.7487213611603 20.5395344893138 20.3303476174673 20.1211607456208 19.9119738737743 19.7027870019277 19.4936001300812 19.2421226660412 18.8637734254202 18.4854241847993
19.7381505966187 19.215698560079 18.6932465235393 18.1707944869996 17.6483424504599 17.1258904139201 17.4512954552967 18.0593195226455 18.6673435899945 19.2753676573434 19.8833917246923 20.4914157920412 21.0994398593901 21.5645026683807 21.6006817022959 21.6368607362111 21.6730397701263 21.7092188040415 21.7453978379567 21.7815768718719 21.8177559057871 21.7930216312408 21.7479829205406 21.7029442098405 21.6579054991404 21.6128667884402 21.5678280777401 21.52278936704 21.4736587948269 21.4122526380751 21.3508464813232 21.2894403245714 21.2280341678195 21.1666280110677 21.1052218543159 21.043815697564 20.8509106477102 20.614172633489 20.3774346192678 20.1406966050466 19.9039585908255 19.6672205766042 19.4304825623831 19.1583807892271 18.7801877392663 18.4019946893057
19.7911886215211 19.3326566696168 18.8741247177124 18.4155927658082 17.9570608139039 17.4985288619995 17.8328771750131 18.4315189096661 19.0301606443192 19.6288023789722 20.2274441136252 20.8260858482784 21.4247275829314 21.8890659173329 21.9504940509796 22.0119221846262 22.0733503182728 22.1347784519195 22.1962065855661 22.2576347192128 22.3190628528594 22.2810946941375 22.2099944379594 22.1388941817813 22.0677939256032 21.9966936694251 21.925593413247 21.8544931570689 21.7795062594943 21.6928594377306 21.6062126159668 21.519565794203 21.4329189724392 21.3462721506755 21.2596253289117 21.1729785071479 20.9530999342601 20.6888107776642 20.4245216210683 20.1602324644725 19.8959433078766 19.6316541512808 19.3673649946849 19.074638912413 18.6966020531125 18.3185651938121
19.8442266464234 19.4496147791545 19.0550029118856 18.6603910446167 18.2657791773479 17.8711673100789 18.2144588947295 18.8037182966866 19.3929776986439 19.982237100601 20.5714965025582 21.1607559045155 21.7500153064726 22.2136291662851 22.3003063996632 22.3869836330413 22.4736608664194 22.5603380997975 22.6470153331756 22.7336925665536 22.8203697999317 22.7691677570342 22.6720059553782 22.5748441537221 22.477682352066 22.3805205504099 22.2833587487538 22.1861969470977 22.0853537241618 21.973466237386 21.8615787506103 21.7496912638346 21.6378037770589 21.5259162902832 21.4140288035075 21.3021413167318 21.05528922081 20.7634489218395 20.4716086228689 20.1797683238984 19.8879280249278 19.5960877259573 19.3042474269868 18.9908970355989 18.6130163669587 18.2351356983186
19.8972646713257 19.5665728886923 19.2358811060588 18.9051893234253 18.5744975407919 18.2438057581584 18.5960406144459 19.1759176837072 19.7557947529686 20.3356718222299 20.9155488914912 21.4954259607526 22.0753030300139 22.5381924152374 22.6501187483469 22.7620450814564 22.873971414566 22.9858977476755 23.097824080785 23.2097504138946 23.3216767470041 23.257240819931 23.1340174727969 23.0107941256629 22.8875707785288 22.7643474313948 22.6411240842607 22.5179007371266 22.3912011888292 22.2540730370415 22.1169448852539 21.9798167334663 21.8426885816786 21.705560429891 21.5684322781033 21.4313041263156 21.1574785073599 20.8380870660147 20.5186956246694 20.1993041833242 19.879912741979 19.5605213006338 19.2411298592886 18.9071551587848 18.5294306808048 18.151706202825
