data/working_set_collections/6091692-Cassins_Sparrow-MC/1990/bio9.asc
NCOLS 265 
NROWS 230 
XLLCORNER -115.5625 
YLLCORNER 24.8333333333333 
CELLSIZE 0.0833333333333333 
NODATA_value -9999 
[rows 100 to 119 of 230, columns 184 to 229 of 265]
4.70792615413664 4.71518218517302 4.7224382162094 4.7152898788452 4.70334008534748 4.69139029184976 4.67944049835204 4.66749070485432 4.6555409113566 4.64359111785887 4.62744149367014 4.59869237740834 4.56994326114653 4.54119414488474 4.51244502862294 4.48369591236114 4.45494679609934 4.42619767983754 4.43035619258879 4.44548391501107 4.46061163743335 4.47573935985564 4.49086708227792 4.5059948047002 4.52112252712249 4.53585183620452 4.5493859052658 4.56291997432708 4.57645404338836 4.58998811244963 4.60352218151091 4.61705625057219 4.63059031963347 4.64250845909117 4.65388795534768 4.66526745160419 4.6766469478607 4.68802644411721 4.69940594037372 4.71078543663023 4.71600084702173 4.70272399981816 4.68944715261458 4.67617030541101 4.66289345820744 4.64961661100386
4.782506553332 4.79493677616118 4.80736699899036 4.80296103159585 4.79294300079345 4.78292496999104 4.77290693918863 4.76288890838622 4.75287087758381 4.7428528467814 4.72736370033687 4.69546120696597 4.66355871359506 4.63165622022416 4.59975372685326 4.56785123348235 4.53594874011145 4.50404624674055 4.5034699042638 4.51333561208512 4.52320131990643 4.53306702772775 4.54293273554907 4.55279844337039 4.5626641511917 4.57440398799048 4.59176621172162 4.60912843545277 4.62649065918391 4.64385288291506 4.66121510664621 4.67857733037735 4.6959395541085 4.70953062375385 4.72186464203727 4.73419866032069 4.74653267860411 4.75886669688753 4.77120071517095 4.78353473345437 4.78990802897347 4.77839915619955 4.76689028342564 4.75538141065173 4.74387253787782 4.7323636651039
4.88988122940062 4.90353939268322 4.91719755596583 4.91226777235666 4.90114200645022 4.89001624054378 4.87889047463734 4.8677647087309 4.85663894282446 4.84551317691802 4.82898306714163 4.79623992575539 4.76349678436914 4.7307536429829 4.69801050159666 4.66526736021041 4.63252421882417 4.59978107743793 4.59693917433419 4.60406435065798 4.61118952698176 4.61831470330555 4.62543987962933 4.63256505595312 4.6396902322769 4.64950178464252 4.66737246513365 4.68524314562478 4.70311382611591 4.72098450660704 4.73885518709817 4.7567258675893 4.77459654808043 4.78752962350844 4.79881683058208 4.81010403765571 4.82139124472935 4.83267845180298 4.84396565887662 4.85525286595026 4.86697813802294 4.88001760509277 4.89305707216261 4.90609653923244 4.91913600630227 4.9321754733721
5.0300501823425 5.04099003473915 5.0519298871358 5.0432101011276 5.02793710231779 5.01266410350798 4.99739110469816 4.98211810588835 4.96684510707854 4.95157210826872 4.93229959408441 4.90102853377659 4.86975747346877 4.83848641316095 4.80721535285313 4.7759442925453 4.74467323223749 4.71340217192967 4.71076400279997 4.71767013072965 4.72457625865934 4.73148238658903 4.73838851451872 4.7452946424484 4.75220077037809 4.76114522616066 4.77620466550189 4.79126410484312 4.80632354418435 4.82138298352557 4.8364424228668 4.85150186220803 4.86656130154926 4.87650545835493 4.88474452098209 4.89298358360925 4.9012226462364 4.90946170886356 4.91770077149072 4.92593983411788 4.94721117417015 5.00757934649782 5.06794751882549 5.12831569115316 5.18868386348082 5.2490520358085
5.1702191352844 5.17844067679509 5.18666221830578 5.17415242989856 5.15473219818538 5.13531196647219 5.115891734759 5.09647150304581 5.07705127133262 5.05763103961943 5.0356161210272 5.0058171417978 4.9760181625684 4.946219183339 4.91642020410961 4.88662122488021 4.85682224565081 4.82702326642142 4.82458883126575 4.83127591080134 4.83796299033693 4.84465006987252 4.85133714940811 4.8580242289437 4.86471130847929 4.87278866767881 4.88503686587014 4.89728506406147 4.90953326225279 4.92178146044412 4.93402965863544 4.94627785682677 4.95852605501809 4.96548129320143 4.97067221138211 4.97586312956279 4.98105404774347 4.98624496592415 4.99143588410482 4.9966268022855 5.02744421031736 5.13514108790287 5.24283796548839 5.3505348430739 5.4582317206594 5.56592859824492
5.3103880882263 5.31589131885103 5.32139454947576 5.30509475866952 5.28152729405296 5.2579598294364 5.23439236481984 5.21082490020327 5.18725743558671 5.16368997097015 5.13893264796998 5.11060574981901 5.08227885166803 5.05395195351706 5.02562505536609 4.99729815721511 4.96897125906414 4.94064436091317 4.93841365973153 4.94488169087303 4.95134972201452 4.95781775315601 4.96428578429751 4.970753815439 4.97722184658049 4.98443210919697 4.99386906623839 5.00330602327981 5.01274298032123 5.02217993736266 5.03161689440408 5.0410538514455 5.05049080848693 5.05445712804793 5.05659990178213 5.05874267551633 5.06088544925053 5.06302822298473 5.06517099671893 5.06731377045313 5.10767724646458 5.26270282930792 5.41772841215129 5.57275399499463 5.72777957783797 5.88280516068134
5.45055704116819 5.45334196090696 5.45612688064573 5.43603708744047 5.40832238992054 5.3806076924006 5.35289299488066 5.32517829736073 5.29746359984079 5.26974890232085 5.24224917491276 5.21539435784021 5.18853954076766 5.16168472369511 5.13482990662256 5.10797508955 5.08112027247745 5.05426545540491 5.05223848819731 5.0584874709447 5.0647364536921 5.07098543643949 5.07723441918689 5.08348340193428 5.08973238468168 5.09607555071511 5.10270126660663 5.10932698249815 5.11595269838967 5.12257841428119 5.12920413017271 5.13582984606423 5.14245556195575 5.14343296289442 5.14252759218214 5.14162222146987 5.14071685075758 5.13981148004531 5.13890610933303 5.13800073862075 5.18791028261179 5.39026457071296 5.59261885881418 5.79497314691535 5.99732743501653 6.19968172311774
5.59072599411009 5.5907926029629 5.59085921181571 5.56697941621143 5.53511748578812 5.50325555536481 5.4713936249415 5.43953169451819 5.40766976409488 5.37580783367156 5.34556570185555 5.32018296586142 5.29480022986729 5.26941749387316 5.24403475787904 5.21865202188491 5.19326928589078 5.16788654989665 5.16606331666309 5.17209325101639 5.17812318536969 5.18415311972299 5.19018305407628 5.19621298842958 5.20224292278288 5.20771899223326 5.21153346697488 5.2153479417165 5.21916241645811 5.22297689119973 5.22679136594135 5.23060584068297 5.23442031542459 5.23240879774092 5.22845528258217 5.22450176742341 5.22054825226465 5.21659473710589 5.21264122194713 5.20868770678837 5.268143318759 5.51782631211802 5.76750930547707 6.01719229883609 6.2668752921951 6.51655828555416
5.79251424471535 5.76393818855284 5.73536213239033 5.70279349883396 5.66889400614632 5.63499451345867 5.60109502077102 5.56719552808337 5.53329603539572 5.49939654270807 5.46766137811872 5.44241919782426 5.4171770175298 5.39193483723534 5.36669265694088 5.34145047664641 5.31620829635195 5.29096611605749 5.28867460886636 5.29403332604301 5.29939204321966 5.30475076039631 5.31010947757295 5.3154681947496 5.32082691192625 5.32512685325409 5.32625046703549 5.32737408081689 5.32849769459829 5.32962130837969 5.33074492216109 5.33186853594249 5.33299214972389 5.32837996880212 5.32185585631264 5.31533174382315 5.30880763133366 5.30228351884417 5.29575940635468 5.2892352938652 5.3530442953109 5.62785263856243 5.90266098181401 6.17746932506554 6.45227766831707 6.72708601156865
6.05592179298398 5.97277871767678 5.88963564236959 5.84347933530806 5.80965195099511 5.77582456668217 5.74199718236921 5.70816979805627 5.67434241374332 5.64051502943037 5.60853620370227 5.58210305372872 5.55566990375517 5.52923675378162 5.50280360380807 5.47637045383452 5.44993730386097 5.42350415388742 5.42007236480711 5.42430769602455 5.428543027242 5.43277835845945 5.4370136896769 5.44124902089434 5.44548435211179 5.4482991337776 5.44685226678846 5.44540539979933 5.44395853281019 5.44251166582106 5.44106479883192 5.43961793184279 5.43817106485365 5.43134647607802 5.42272931337355 5.41411215066908 5.40549498796462 5.39687782526015 5.38826066255568 5.37964349985121 5.44261321226748 5.72034355004619 5.99807388782495 6.27580422560366 6.55353456338237 6.83126490116113
6.31932934125263 6.18161924680074 6.04390915234885 5.98416517178216 5.95040989584392 5.91665461990567 5.88289934396742 5.84914406802918 5.81538879209094 5.78163351615269 5.74941102928584 5.7217869096332 5.69416278998056 5.66653867032792 5.63891455067527 5.61129043102263 5.58366631136999 5.55604219171735 5.55147012074786 5.55458206600611 5.55769401126436 5.5608059565226 5.56391790178085 5.5670298470391 5.57014179229734 5.57147141430111 5.56745406654144 5.56343671878177 5.5594193710221 5.55540202326243 5.55138467550276 5.54736732774309 5.54334997998342 5.53431298335392 5.52360277043447 5.51289255751503 5.50218234459558 5.49147213167613 5.48076191875669 5.47005170583724 5.53218212922406 5.81283446152996 6.0934867938359 6.37413912614179 6.65479145844768 6.93544379075362
6.58273688952128 6.3904597759247 6.19818266232812 6.12485100825627 6.09116784069272 6.05748467312918 6.02380150556563 5.99011833800209 5.95643517043855 5.922752002875 5.89028585486941 5.86147076553768 5.83265567620594 5.80384058687421 5.77502549754248 5.74621040821074 5.71739531887901 5.68858022954728 5.68286787668862 5.68485643598767 5.68684499528671 5.68883355458576 5.6908221138848 5.69281067318385 5.6947992324829 5.69464369482463 5.68805586629442 5.68146803776422 5.67488020923401 5.66829238070381 5.6617045521736 5.6551167236434 5.64852889511319 5.63727949062982 5.6244762274954 5.61167296436097 5.59886970122654 5.58606643809212 5.57326317495769 5.56045991182326 5.62175104618065 5.90532537301372 6.18889969984684 6.47247402667992 6.75604835351299 7.03962268034611
6.84614443778991 6.59930030504865 6.35245617230738 6.26553684473036 6.23192578554152 6.19831472635268 6.16470366716383 6.13109260797499 6.09748154878615 6.0638704895973 6.03116068045297 6.00115462144214 5.97114856243132 5.9411425034205 5.91113644440967 5.88113038539885 5.85112432638802 5.8211182673772 5.81426563262937 5.81513080596922 5.81599597930906 5.8168611526489 5.81772632598875 5.81859149932859 5.81945667266844 5.81781597534814 5.8086576660474 5.79949935674666 5.79034104744591 5.78118273814518 5.77202442884443 5.7628661195437 5.75370781024296 5.74024599790572 5.72534968455631 5.71045337120691 5.6955570578575 5.6806607445081 5.66576443115869 5.65086811780928 5.71131996313723 5.99781628449748 6.28431260585778 6.57080892721804 6.85730524857829 7.14380156993859
7.10955198605857 6.80814083417261 6.50672968228664 6.40622268120446 6.37268373039032 6.33914477957619 6.30560582876204 6.2720668779479 6.23852792713376 6.20498897631962 6.17203550603653 6.14083847734662 6.1096414486567 6.07844441996679 6.04724739127688 6.01605036258696 5.98485333389705 5.95365630520714 5.94566338857013 5.94540517595077 5.94514696333142 5.94488875071206 5.9446305380927 5.94437232547334 5.94411411285399 5.94098825587165 5.92925946580038 5.9175306757291 5.90580188565783 5.89407309558655 5.88234430551528 5.870615515444 5.85888672537273 5.84321250518162 5.82622314161723 5.80923377805285 5.79224441448846 5.77525505092408 5.7582656873597 5.74127632379531 5.80088888009381 6.09030719598125 6.37972551186873 6.66914382775617 6.9585621436436 7.24798045953108
7.41542287667594 7.11502897739413 6.81463507811232 6.71485346555705 6.68194261524408 6.6490317649311 6.61612091461813 6.58321006430515 6.55029921399218 6.5173883636792 6.4850123127301 6.45424065987264 6.42346900701518 6.39269735415772 6.36192570130026 6.33115404844279 6.30038239558533 6.26961074272787 6.26084255377446 6.25940885278908 6.2579751518037 6.25654145081832 6.25510774983294 6.25367404884757 6.25224034786219 6.24730961985053 6.23188781076002 6.21646600166951 6.20104419257901 6.1856223834885 6.17020057439799 6.15477876530748 6.13935695621698 6.12367958227789 6.10791702005593 6.09215445783398 6.07639189561203 6.06062933339008 6.04486677116813 6.02910420894618 6.08418340418062 6.35178787178451 6.61939233938844 6.88699680699233 7.15460127459621 7.42220574220014
7.76375710964201 7.51996473471322 7.27617235978443 7.19142919778816 7.15970244010282 7.12797568241748 7.09624892473213 7.06452216704679 7.03279540936145 7.0010686516761 6.97009110053373 6.94136116902026 6.91263123750679 6.88390130599332 6.85517137447985 6.82644144296638 6.79771151145292 6.76898157993945 6.75980312824241 6.75714183648419 6.75448054472597 6.75181925296775 6.74915796120953 6.74649666945131 6.74383537769309 6.73678006728482 6.71654270092639 6.69630533456795 6.67606796820951 6.65583060185107 6.63559323549263 6.61535586913419 6.59511850277576 6.58164722919457 6.57043131987246 6.55921541055036 6.54799950122825 6.53678359190615 6.52556768258405 6.51435177326194 6.56120353539772 6.78225831190731 7.00331308841695 7.22436786492655 7.44542264143615 7.66647741794578
8.11209134260812 7.92490049203235 7.73770964145659 7.66800493001932 7.6374622649616 7.6069195999039 7.57637693484618 7.54583426978847 7.51529160473076 7.48474893967304 7.45516988833739 7.42848167816792 7.40179346799844 7.37510525782897 7.34841704765949 7.32172883749002 7.29504062732054 7.26835241715107 7.2587637027104 7.25487482017934 7.25098593764828 7.24709705511722 7.24320817258616 7.2393192900551 7.23543040752404 7.22625051471916 7.20119759109279 7.17614466746642 7.15109174384005 7.12603882021368 7.10098589658731 7.07593297296094 7.05088004933457 7.03961487611129 7.03294561968903 7.02627636326678 7.01960710684452 7.01293785042226 7.00626859400001 6.99959933757775 7.03822366661485 7.21272875203016 7.38723383744549 7.5617389228608 7.73624400827611 7.91074909369144
8.46042557557422 8.32983624935149 8.19924692312875 8.14458066225047 8.11522208982039 8.08586351739031 8.05650494496023 8.02714637253015 7.99778780010007 7.96842922766998 7.94024867614105 7.91560218731557 7.89095569849009 7.86630920966461 7.84166272083913 7.81701623201365 7.79236974318817 7.76772325436269 7.75772427717839 7.75260780387449 7.74749133057059 7.74237485726669 7.73725838396279 7.73214191065889 7.72702543735499 7.71572096215349 7.68585248125919 7.65598400036489 7.62611551947059 7.59624703857629 7.56637855768199 7.53651007678769 7.50664159589339 7.497582523028 7.4954599195056 7.49333731598319 7.49121471246078 7.48909210893838 7.48696950541597 7.48484690189356 7.51524379783198 7.643199192153 7.77115458647404 7.89910998079505 8.02706537511607 8.1550207694371
8.8087598085403 8.73477200667058 8.66078420480087 8.62115639448158 8.59298191467913 8.56480743487669 8.53663295507423 8.50845847527178 8.48028399546934 8.45210951566688 8.42532746394467 8.40272269646319 8.3801179289817 8.35751316150022 8.33490839401873 8.31230362653724 8.28969885905576 8.26709409157427 8.25668485164634 8.2503407875696 8.24399672349286 8.23765265941612 8.23130859533937 8.22496453126263 8.21862046718589 8.20519140958779 8.17050737142556 8.13582333326332 8.10113929510109 8.06645525693886 8.03177121877663 7.9970871806144 7.96240314245217 7.95555016994468 7.95797421932213 7.96039826869957 7.96282231807701 7.96524636745445 7.96767041683189 7.97009446620933 7.99226392904907 8.0736696322758 8.15507533550255 8.23648103872927 8.317886741956 8.39929244518274
9.1570940415064 9.13970776398971 9.12232148647302 9.09773212671274 9.07074173953792 9.0437513523631 9.01676096518828 8.98977057801346 8.96278019083865 8.93578980366383 8.91040625174834 8.88984320561085 8.86928015947336 8.84871711333586 8.82815406719837 8.80759102106088 8.78702797492338 8.7664649287859 8.75564542611433 8.74807377126475 8.74050211641517 8.73293046156559 8.725358806716 8.71778715186642 8.71021549701684 8.69466185702212 8.65516226159196 8.6156626661618 8.57616307073163 8.53666347530148 8.49716387987131 8.45766428444115 8.41816468901099 8.4135178168614 8.42048851913869 8.42745922141598 8.43442992369327 8.44140062597056 8.44837132824785 8.45534203052514 8.46928406026621 8.50414007239864 8.53899608453109 8.57385209666353 8.60870810879596 8.64356412092841
