data/working_set_collections/6091692-Cassins_Sparrow-MC/2000/bio15.asc
NCOLS 265 
NROWS 230 
XLLCORNER -115.5625 
YLLCORNER 24.8333333333333 
CELLSIZE 0.0833333333333333 
NODATA_value -9999 
[rows 160 to 179 of 230, columns 46 to 91 of 265]
96.6579978942869 96.837443288167 97.0168886820473 97.1963340759274 97.3757794698076 97.5552248636879 97.4997646331785 97.3660025278725 97.2322404225665 97.0984783172605 96.9647162119546 96.8309541066486 96.6971920013426 96.819960403442 97.7123203277584 98.6046802520748 99.4970401763912 100.389400100708 101.281760025024 102.17411994934 103.066479873657 103.116563796997 102.885889053345 102.655214309692 102.42453956604 102.193864822387 101.963190078735 101.732515335083 101.350397745768 100.513951619466 99.677505493164 98.8410593668619 98.0046132405597 97.1681671142577 96.3317209879557 95.4952748616535 94.9076776504515 94.4030300776162 93.8983825047809 93.3937349319456 92.8890873591104 92.384439786275 91.8797922134398 91.3147314707437 90.568431218465 89.8221309661864
98.008880360921 98.2386363559297 98.4683923509383 98.698148345947 98.9279043409557 99.1576603359644 99.0842960357664 98.9098916371662 98.7354872385659 98.5610828399656 98.3866784413654 98.2122740427651 98.0378696441649 98.1422717200381 99.0830932193329 100.023914718628 100.964736217922 101.905557717217 102.846379216512 103.787200715806 104.728022215101 104.779507573445 104.534547551473 104.2895875295 104.044627507527 103.799667485555 103.554707463582 103.30974744161 102.915610080295 102.073940700955 101.232271321615 100.390601942274 99.5489325629339 98.7072631835937 97.8655938042535 97.0239244249131 96.4403313318887 95.9427636676363 95.4451960033839 94.9476283391315 94.4500606748792 93.9524930106268 93.4549253463744 92.8990400950113 92.1682020823159 91.4373640696207
99.0520593643187 99.2897557788423 99.527452193366 99.7651486078896 100.002845022413 100.240541436937 100.166187731425 99.9878173192341 99.8094469070434 99.6310764948526 99.4527060826618 99.2743356704711 99.0959652582803 99.1956662495927 100.129581451416 101.063496653239 101.997411855062 102.931327056885 103.865242258707 104.79915746053 105.733072662353 105.791569328308 105.55825981564 105.324950302972 105.091640790304 104.858331277635 104.625021764967 104.391712252299 104.009732903375 103.181744045681 102.353755187988 101.525766330295 100.697777472602 99.8697886149089 99.0417997572157 98.2138108995225 97.6455238978067 97.1638041814168 96.6820844650267 96.2003647486368 95.7186450322468 95.2369253158568 94.7552055994668 94.2187170452541 93.5179219775728 92.8171269098917
99.7875349044798 99.990801556905 100.19406820933 100.397334861755 100.60060151418 100.803868166606 100.745439720154 100.599779574076 100.454119427999 100.308459281921 100.162799135844 100.017138989766 99.8714788436889 99.9801439921058 100.851785024007 101.723426055908 102.595067087809 103.46670811971 104.338349151611 105.209990183512 106.081631215413 106.152749061584 105.957025845846 105.761302630107 105.565579414368 105.369856198629 105.17413298289 104.978409767151 104.632766215007 103.837361653646 103.041957092285 102.246552530925 101.451147969564 100.655743408203 99.8603388468425 99.0649342854817 98.5232553482055 98.0661516189575 97.6090478897094 97.1519441604613 96.6948404312133 96.2377367019652 95.7806329727172 95.2737623214721 94.6175909042357 93.9614194869994
100.523010444641 100.691847334968 100.860684225294 101.029521115621 101.198358005947 101.367194896274 101.324691708883 101.211741828918 101.098791948954 100.98584206899 100.872892189026 100.759942309062 100.646992429097 100.764621734619 101.573988596598 102.383355458577 103.192722320556 104.002089182536 104.811456044515 105.620822906494 106.430189768473 106.513928794861 106.355791876051 106.197654957241 106.039518038432 105.881381119622 105.723244200812 105.565107282003 105.255799526639 104.49297926161 103.730158996582 102.967338731554 102.204518466526 101.441698201497 100.678877936469 99.9160576714409 99.4009867986043 98.9684990564982 98.536011314392 98.1035235722859 97.6710358301798 97.2385480880736 96.8060603459675 96.3288075976901 95.7172598308986 95.1057120641072
101.258485984802 101.39289311303 101.527300241258 101.661707369486 101.796114497714 101.930521625943 101.903943697611 101.82370408376 101.74346446991 101.663224856059 101.582985242208 101.502745628357 101.422506014506 101.549099477132 102.296192169189 103.043284861246 103.790377553304 104.537470245361 105.284562937418 106.031655629476 106.778748321533 106.875108528137 106.754557906257 106.634007284376 106.513456662496 106.392906040615 106.272355418735 106.151804796855 105.87883283827 105.148596869575 104.418360900879 103.688124932183 102.957888963487 102.227652994792 101.497417026096 100.7671810574 100.278718249003 99.8708464940388 99.4629747390746 99.0551029841104 98.6472312291462 98.239359474182 97.8314877192178 97.3838528739081 96.8169287575614 96.2500046412149
101.993961524963 102.093938891093 102.193916257222 102.293893623352 102.393870989481 102.493848355611 102.48319568634 102.435666338603 102.388136990865 102.340607643127 102.29307829539 102.245548947652 102.198019599914 102.333577219645 103.01839574178 103.703214263916 104.388032786051 105.072851308187 105.757669830322 106.442488352457 107.127306874593 107.236288261414 107.153323936462 107.070359611511 106.98739528656 106.904430961609 106.821466636658 106.738502311706 106.501866149902 105.804214477539 105.106562805176 104.408911132813 103.711259460449 103.013607788086 102.315956115723 101.618304443359 101.156449699402 100.77319393158 100.389938163757 100.006682395935 99.6234266281127 99.2401708602904 98.8569150924682 98.4388981501261 97.9165976842243 97.3942972183226
102.729437065124 102.794984669155 102.860532273186 102.926079877218 102.991627481249 103.05717508528 103.062447675069 103.047628593445 103.03280951182 103.017990430196 103.003171348572 102.988352266947 102.973533185323 103.118054962158 103.740599314372 104.363143666585 104.985688018799 105.608232371012 106.230776723226 106.853321075439 107.475865427653 107.59746799469 107.552089966668 107.506711938646 107.461333910624 107.415955882602 107.37057785458 107.325199826558 107.124899461534 106.459832085503 105.794764709473 105.129697333442 104.464629957411 103.79956258138 103.134495205349 102.469427829319 102.034181149801 101.67554136912 101.31690158844 100.95826180776 100.599622027079 100.240982246399 99.8823424657185 99.4939434263441 99.0162666108872 98.5385897954304
103.208712895711 103.245519638061 103.282326380412 103.319133122762 103.355939865112 103.392746607463 103.420171801249 103.444469812181 103.468767823113 103.493065834045 103.517363844977 103.541661855909 103.565959866842 103.731043052673 104.318481763204 104.905920473734 105.493359184265 106.080797894796 106.668236605326 107.255675315857 107.843114026387 107.98468577067 107.977635192871 107.970584615072 107.963534037272 107.956483459473 107.949432881673 107.942382303874 107.779338921441 107.148317125108 106.517295328776 105.886273532444 105.255251736111 104.624229939779 103.993208143446 103.362186347114 102.957306480408 102.62780725691 102.298308033413 101.968808809916 101.639309586419 101.309810362922 100.980311139424 100.621665085686 100.175578541226 99.729491996765
103.431789016724 103.445543797811 103.459298578898 103.473053359985 103.486808141073 103.50056292216 103.55636806488 103.626189994812 103.696011924744 103.765833854675 103.835655784607 103.905477714539 103.97529964447 104.17254149119 104.752043088277 105.331544685364 105.91104628245 106.490547879537 107.070049476623 107.64955107371 108.229052670797 108.397941589355 108.429959615072 108.461977640788 108.493995666504 108.52601369222 108.558031717936 108.590049743652 108.465184529622 107.869669596354 107.274154663086 106.678639729818 106.083124796549 105.487609863281 104.892094930013 104.296579996745 103.925825691223 103.62999159495 103.334157498677 103.038323402405 102.742489306132 102.446655209859 102.150821113586 101.822063128153 101.39453347524 100.967003822327
103.654865137736 103.64556795756 103.636270777384 103.626973597209 103.617676417033 103.608379236857 103.692564328512 103.807910177443 103.923256026374 104.038601875305 104.153947724236 104.269293573168 104.384639422099 104.614039929708 105.18560441335 105.757168896993 106.328733380635 106.900297864278 107.471862347921 108.043426831563 108.614991315206 108.81119740804 108.882284037272 108.953370666504 109.024457295736 109.095543924967 109.166630554199 109.237717183431 109.151030137804 108.5910220676 108.031013997396 107.471005927192 106.910997856988 106.350989786784 105.79098171658 105.230973646376 104.894344902038 104.63217593299 104.370006963942 104.107837994893 103.845669025845 103.583500056796 103.321331087748 103.02246117062 102.613488409254 102.204515647888
103.877941258748 103.84559211731 103.813242975871 103.780893834432 103.748544692993 103.716195551554 103.828760592143 103.989630360073 104.150500128004 104.311369895935 104.472239663866 104.633109431797 104.793979199727 105.055538368225 105.619165738424 106.182793108622 106.746420478821 107.310047849019 107.873675219218 108.437302589416 109.000929959615 109.224453226725 109.334608459473 109.44476369222 109.554918924967 109.665074157715 109.775229390462 109.885384623209 109.836875745985 109.312374538845 108.787873331706 108.263372124566 107.738870917426 107.214369710286 106.689868503147 106.165367296007 105.862864112854 105.63436027103 105.405856429206 105.177352587382 104.948848745558 104.720344903734 104.49184106191 104.222859213087 103.832443343268 103.44202747345
104.101017379761 104.045616277059 103.990215174357 103.934814071655 103.879412968953 103.824011866252 103.964956855774 104.171350542704 104.377744229635 104.584137916565 104.790531603495 104.996925290426 105.203318977356 105.497036806742 106.052727063497 106.608417320251 107.164107577006 107.71979783376 108.275488090515 108.83117834727 109.386868604024 109.63770904541 109.786932881673 109.936156717936 110.085380554199 110.234604390462 110.383828226725 110.533052062988 110.522721354167 110.033727010091 109.544732666016 109.05573832194 108.566743977865 108.077749633789 107.588755289713 107.099760945638 106.831383323669 106.63654460907 106.44170589447 106.24686717987 106.052028465271 105.857189750671 105.662351036072 105.423257255554 105.051398277283 104.679539299011
104.324093500773 104.245640436808 104.167187372843 104.088734308879 104.010281244914 103.931828180949 104.101153119405 104.353070725335 104.604988331265 104.856905937195 105.108823543125 105.360741149055 105.612658754984 105.938535245259 106.48628838857 107.034041531881 107.581794675191 108.129547818502 108.677300961812 109.225054105123 109.772807248433 110.050964864095 110.239257303874 110.427549743652 110.615842183431 110.80413462321 110.992427062988 111.180719502767 111.208566962348 110.755079481337 110.301592000325 109.848104519314 109.394617038303 108.941129557292 108.48764207628 108.034154595269 107.799902534485 107.63872894711 107.477555359734 107.316381772359 107.155208184984 106.994034597609 106.832861010233 106.623655298021 106.270353211297 105.917051124573
104.537412071228 104.503492376539 104.469572681851 104.435652987162 104.401733292474 104.367813597785 104.549349784851 104.802704599168 105.056059413486 105.309414227803 105.562769042121 105.816123856438 106.069478670756 106.397800890604 106.951025327047 107.504249763489 108.057474199931 108.610698636373 109.163923072815 109.717147509257 110.270371945699 110.561727587382 110.765793630812 110.969859674242 111.173925717672 111.377991761101 111.582057804531 111.786123847961 111.83584690094 111.422540982564 111.009235064189 110.595929145813 110.182623227437 109.769317309062 109.356011390686 108.94270547231 108.729603258769 108.583235613505 108.436867968241 108.290500322978 108.144132677714 107.99776503245 107.851397387187 107.6508579678 107.287803226047 106.924748484294
104.740973091125 104.819172096252 104.897371101379 104.975570106506 105.053769111633 105.13196811676 105.309546852112 105.520252164205 105.730957476298 105.941662788391 106.152368100484 106.363073412577 106.57377872467 106.874833742777 107.446937878926 108.019042015076 108.591146151225 109.163250287374 109.735354423523 110.307458559672 110.879562695821 111.169997215271 111.366541862488 111.563086509704 111.759631156921 111.956175804138 112.152720451355 112.349265098572 112.404561169942 112.036111513774 111.667661857605 111.299212201436 110.930762545268 110.562312889099 110.19386323293 109.825413576762 109.620485496521 109.470064608256 109.319643719991 109.169222831726 109.018801943461 108.868381055196 108.717960166931 108.504865264893 108.103748321533 107.702631378174
104.944534111023 105.134851815965 105.325169520908 105.51548722585 105.705804930793 105.896122635735 106.069743919372 106.237799729241 106.40585553911 106.573911348979 106.741967158847 106.910022968716 107.078078778585 107.35186659495 107.942850430806 108.533834266662 109.124818102519 109.715801938375 110.306785774231 110.897769610087 111.488753445943 111.77826684316 111.967290094164 112.156313345167 112.345336596171 112.534359847175 112.723383098178 112.912406349182 112.973275438944 112.649682044983 112.326088651021 112.00249525706 111.678901863098 111.355308469137 111.031715075175 110.708121681213 110.511367734273 110.356893603007 110.202419471741 110.047945340474 109.893471209208 109.738997077942 109.584522946676 109.358872561985 108.919693417019 108.480514272054
105.14809513092 105.450531535678 105.752967940436 106.055404345194 106.357840749952 106.66027715471 106.829940986633 106.955347294277 107.080753601922 107.206159909566 107.33156621721 107.456972524855 107.582378832499 107.828899447123 108.438762982686 109.048626518249 109.658490053812 110.268353589376 110.878217124939 111.488080660502 112.097944196065 112.386536471049 112.568038325839 112.74954018063 112.931042035421 113.112543890211 113.294045745002 113.475547599792 113.541989707947 113.263252576192 112.984515444438 112.705778312683 112.427041180928 112.148304049174 111.869566917419 111.590829785665 111.402249972025 111.243722597758 111.08519522349 110.926667849223 110.768140474955 110.609613100688 110.45108572642 110.212879859077 109.735638512505 109.258397165934
105.351656150818 105.766211255391 106.180766359965 106.595321464538 107.009876569112 107.424431673686 107.590138053894 107.672894859314 107.755651664734 107.838408470154 107.921165275574 108.003922080994 108.086678886413 108.305932299296 108.934675534566 109.563418769836 110.192162005106 110.820905240377 111.449648475647 112.078391710917 112.707134946187 112.994806098938 113.168786557515 113.342767016093 113.51674747467 113.690727933248 113.864708391825 114.038688850403 114.110703976949 113.876823107401 113.642942237854 113.409061368306 113.175180498759 112.941299629211 112.707418759664 112.473537890116 112.293132209778 112.130551592509 111.96797097524 111.805390357971 111.642809740702 111.480229123433 111.317648506164 111.066887156169 110.551583607991 110.036280059814
105.555217170715 106.081890975104 106.608564779493 107.135238583882 107.661912388272 108.188586192661 108.350335121155 108.39044242435 108.430549727546 108.470657030741 108.510764333937 108.550871637132 108.590978940328 108.782965151469 109.430588086446 110.078211021423 110.7258339564 111.373456891378 112.021079826355 112.668702761332 113.316325696309 113.603075726827 113.769534789191 113.935993851556 114.10245291392 114.268911976284 114.435371038649 114.601830101013 114.679418245951 114.490393638611 114.30136903127 114.11234442393 113.923319816589 113.734295209249 113.545270601908 113.356245994568 113.18401444753 113.01738058726 112.85074672699 112.684112866719 112.517479006449 112.350845146179 112.184211285909 111.920894453261 111.367528703478 110.814162953695
