data/working_set_collections/6091692-Cassins_Sparrow-MC/2000/bio14.asc
NCOLS 265 
NROWS 230 
XLLCORNER -115.5625 
YLLCORNER 24.8333333333333 
CELLSIZE 0.0833333333333333 
NODATA_value -9999 
[rows 20 to 39 of 230, columns 0 to 44 of 265]
11.140024556054 11.0595623970031 10.9791002379523 10.8986380789014 10.8181759198506 10.7377137607998 10.6572516017489 10.5674224297205 10.4744709200329 10.3815194103452 10.2885679006576 10.19561639097 10.1026648812823 10.0097133715947 9.92101863755118 9.8450942304399 9.76916982332863 9.69324541621736 9.61732100910608 9.54139660199482 9.46547219488355 9.38954778777227 9.44197808901465 9.53719329304161 9.63240849706859 9.72762370109554 9.8228389051225 9.91805410914948 10.0132693131764 10.1956164863373 10.6393595669004 11.0831026474634 11.5268457280264 11.9705888085895 12.4143318891525 12.8580749697155 13.3018180502786 13.714421637853 14.1166453944312 14.5188691510095 14.9210929075877 15.3233166641659 15.7255404207442 16.1277641773224 16.5263009521696
11.6015665796068 11.526030254364 11.4504939291212 11.3749576038784 11.2994212786356 11.2238849533928 11.14834862815 11.0409833510716 10.9230084233814 10.8050334956911 10.6870585680008 10.5690836403105 10.4511087126202 10.3331337849299 10.2207267390357 10.1250233385298 10.0293199380239 9.93361653751797 9.83791313701204 9.74220973650614 9.64650633600023 9.55080293549431 9.59677465756731 9.68997142049997 9.78316818343266 9.87636494636532 9.96956170929799 10.0627584722307 10.1559552351633 10.3189410024218 10.691293782658 11.0636465628941 11.4359993431302 11.8083521233664 12.1807049036026 12.5530576838387 12.9254104640749 13.305860153834 13.6890088134341 14.0721574730343 14.4553061326345 14.8384547922346 15.2216034518348 15.6047521114349 16.0031220939424
12.0631086031595 11.9924981117248 11.9218876202901 11.8512771288553 11.7806666374206 11.7100561459859 11.6394456545511 11.5145442724227 11.3715459267298 11.2285475810368 11.0855492353439 10.9425508896509 10.799552543958 10.656554198265 10.5204348405202 10.4049524466196 10.2894700527191 10.1739876588185 10.058505264918 9.94302287101744 9.8275404771169 9.71205808321633 9.75157122611995 9.84274954795833 9.93392786979672 10.0251061916351 10.1162845134735 10.2074628353119 10.2986411571502 10.4422655185063 10.7432279984156 11.0441904783248 11.3451529582341 11.6461154381434 11.9470779180527 12.2480403979619 12.5490028778712 12.8972986698151 13.2613722324371 13.6254457950592 13.9895193576813 14.3535929203033 14.7176664829255 15.0817400455475 15.4799432357152
12.5246506267123 12.4589659690856 12.393281311459 12.3275966538323 12.2619119962056 12.1962273385789 12.1305426809522 11.9881051937739 11.8200834300783 11.6520616663826 11.484039902687 11.3160181389914 11.1479963752958 10.9799746116002 10.8201429420047 10.6848815547095 10.5496201674143 10.4143587801192 10.2790973928239 10.1438360055288 10.0085746182336 9.87331323093837 9.90636779467261 9.99552767541669 10.0846875561608 10.1738474369049 10.263007317649 10.352167198393 10.4413270791371 10.5655900345908 10.7951622141732 11.0247343937556 11.2543065733379 11.4838787529204 11.7134509325027 11.9430231120851 12.1725952916675 12.4887371857961 12.8337356514401 13.1787341170841 13.5237325827281 13.868731048372 14.2137295140161 14.55872797966 14.956764377488
12.721355424987 12.6642541011175 12.607152777248 12.5500514533785 12.492950129509 12.4358488056395 12.37874748177 12.2180017550787 12.0227078941134 11.8274140331481 11.6321201721828 11.4368263112175 11.2415324502522 11.0462385892869 10.8608852532175 10.7053534918362 10.5498217304548 10.3942899690735 10.2387582076921 10.0832264463107 9.92769468492939 9.77216292354802 9.80009080966316 9.88917191161052 9.97825301355789 10.0673341155052 10.1564152174526 10.2454963194 10.3345774213473 10.4487182431751 10.6380382246442 10.8273582061132 11.0166781875822 11.2059981690513 11.3953181505203 11.5846381319894 11.7739581134584 12.0958190759023 12.4618603653377 12.8279016547733 13.1939429442087 13.5599842336442 13.9260255230797 14.2920668125152 14.7128018432192
12.6532229979833 12.6083625078201 12.563502017657 12.5186415274938 12.4737810373306 12.4289205471675 12.3840600570043 12.204233956337 11.979419318835 11.7546046813329 11.5297900438309 11.3049754063289 11.0801607688269 10.8553461313248 10.6426617741586 10.4663682579995 10.2900747418404 10.1137812256814 9.93748770952232 9.76119419336328 9.58490067720423 9.40860716104516 9.43274027109151 9.5236822565397 9.61462424198792 9.70556622743611 9.79650821288431 9.88745019833252 9.97839218378072 10.0916501442592 10.2718560298284 10.4520619153977 10.6322678009669 10.8124736865362 10.9926795721054 11.1728854576747 11.353091343244 11.7185443401337 12.1457463741302 12.5729484081268 13.0001504421234 13.4273524761199 13.8545545101165 14.2817565441131 14.748055632909
12.5850905709797 12.5524709145228 12.519851258066 12.4872316016091 12.4546119451523 12.4219922886954 12.3893726322386 12.1904661575954 11.9361307435566 11.6817953295178 11.4274599154791 11.1731245014403 10.9187890874015 10.6644536733628 10.4244382950995 10.2273830241628 10.030327753226 9.83327248228929 9.63621721135252 9.43916194041578 9.24210666947904 9.04505139854227 9.06538973251982 9.15819260146886 9.25099547041791 9.34379833936695 9.43660120831599 9.52940407726504 9.62220694621407 9.7345820453432 9.90567383501268 10.0767656246821 10.2478574143516 10.4189492040211 10.5900409936905 10.76113278336 10.9322245730295 11.341269604365 11.8296323829226 12.3179951614804 12.806357940038 13.2947207185956 13.7830834971533 14.271446275711 14.7833094225988
12.516958143976 12.4965793212255 12.476200498475 12.4558216757245 12.4354428529739 12.4150640302234 12.3946852074729 12.1766983588537 11.8928421682782 11.6089859777027 11.3251297871272 11.0412735965518 10.7574174059762 10.4735612154008 10.2062148160405 9.98839779032607 9.77058076461163 9.55276373889719 9.33494671318272 9.11712968746829 8.89931266175385 8.68149563603938 8.69803919394814 8.79270294639801 8.88736669884791 8.98203045129778 9.07669420374766 9.17135795619756 9.26602170864743 9.37751394642724 9.53949164019693 9.70146933396659 9.86344702773625 10.0254247215059 10.1874024152756 10.3493801090453 10.5113578028149 10.9639948685963 11.5135183917151 12.0630419148339 12.6125654379526 13.1620889610713 13.7116124841901 14.2611360073089 14.8185632122886
12.4488257169724 12.4406877279282 12.432549738884 12.4244117498398 12.4162737607956 12.4081357717514 12.3999977827072 12.1629305601121 11.8495535929999 11.5361766258876 11.2227996587754 10.9094226916632 10.5960457245509 10.2826687574387 9.98799133698155 9.74941255648938 9.51083377599725 9.27225499550512 9.03367621501295 8.79509743452082 8.55651865402869 8.31793987353652 8.33068865537648 8.4272132913272 8.52373792727794 8.62026256322865 8.71678719917937 8.81331183513011 8.90983647108082 9.02044584751132 9.17330944538121 9.32617304325108 9.47903664112094 9.63190023899083 9.7847638368607 9.93762743473057 10.0904910326005 10.5867201328277 11.1974044005075 11.8080886681874 12.4187729358672 13.029457203547 13.640141471227 14.2508257389068 14.8538170019784
12.3806932899687 12.3847961346308 12.388898979293 12.3930018239551 12.3971046686173 12.4012075132794 12.4053103579415 12.1491627613704 11.8062650177215 11.4633672740725 11.1204695304236 10.7775717867746 10.4346740431256 10.0917762994767 9.76976785792254 9.51042732265267 9.25108678738284 8.99174625211302 8.73240571684315 8.47306518157332 8.2137246463035 7.95438411103363 7.9633381168048 8.06172363625635 8.16010915570793 8.25849467515949 8.35688019461105 8.45526571406262 8.55365123351418 8.66337774859536 8.80712725056546 8.95087675253553 9.0946262545056 9.2383757564757 9.38212525844577 9.52587476041584 9.66962426238594 10.2094453970591 10.8812904093 11.553135421541 12.2249804337819 12.8968254460227 13.5686704582638 14.2405154705046 14.8890707916682
12.1993636290233 12.2195958932241 12.239828157425 12.2600604216258 12.2802926858266 12.3005249500275 12.3207572142283 12.043062166373 11.6660580144989 11.2890538626248 10.9120497107507 10.5350455588766 10.1580414070024 9.78103725512834 9.43161194059595 9.16492313808873 8.89823433558156 8.63154553307438 8.36485673056717 8.09816792805999 7.83147912555282 7.5647903230456 7.5837736686071 7.6979810635249 7.81218845844271 7.92639585336051 8.0406032482783 8.15481064319612 8.26901803811392 8.39863137271667 8.57446252637438 8.75029368003207 8.92612483368975 9.10195598734746 9.27778714100515 9.45361829466283 9.62944944832054 10.201243217786 10.9050245258541 11.6088058339224 12.3125871419905 13.0163684500586 13.7201497581269 14.423931066195 15.1013885047699
11.904836734136 11.9450870037079 11.9853372732799 12.0255875428518 12.0658378124237 12.1060880819957 12.1463383515676 11.8446287751199 11.4289325833322 11.0132363915444 10.5975401997567 10.1818440079691 9.7661478161813 9.35045162439361 8.97352358500176 8.71290000279755 8.45227642059338 8.19165283838921 7.931029256185 7.67040567398083 7.40978209177666 7.14915850957245 7.19199531078343 7.33598557313286 7.47997583548232 7.62396609783175 7.76795636018119 7.91194662253064 8.05593688488008 8.22620671987531 8.47531527280806 8.72442382574078 8.97353237867349 9.22264093160624 9.47174948453896 9.72085803747167 9.96996659040442 10.5621135950087 11.2686067501702 11.9750999053318 12.6815930604933 13.3880862156548 14.0945793708164 14.8010725259779 15.4907701412835
11.6103098392487 11.6705781141917 11.7308463891347 11.7911146640778 11.8513829390208 11.9116512139638 11.9719194889069 11.6461953838667 11.1918071521654 10.7374189204641 10.2830306887628 9.8286424570615 9.37425422536013 8.91986599365884 8.51543522940754 8.26087686750633 8.00631850560517 7.751760143704 7.4972017818028 7.24264341990163 6.98808505800047 6.73352669609926 6.80021695295972 6.9739900827408 7.1477632125219 7.32153634230297 7.49530947208405 7.66908260186515 7.84285573164622 8.05378206703393 8.37616801924173 8.69855397144948 9.02093992365723 9.34332587586504 9.66571182807278 9.98809778028053 10.3104837324883 10.9229839722314 11.6321889744862 12.3413939767412 13.0505989789961 13.759803981251 14.469008983506 15.1782139857608 15.8801517777971
11.3157829443614 11.3960692246755 11.4763555049896 11.5566417853038 11.6369280656179 11.717214345932 11.7975006262461 11.4477619926136 10.9546817209987 10.4616014493837 9.96852117776883 9.47544090615394 8.98236063453896 8.48928036292407 8.05734687381332 7.80885373221511 7.56036059061695 7.3118674490188 7.0633743074206 6.81488116582244 6.56638802422428 6.31789488262608 6.40843859513602 6.61199459234873 6.81555058956148 7.01910658677419 7.2226625839869 7.42621858119965 7.62977457841236 7.88135741419255 8.27702076567541 8.67268411715819 9.06834746864097 9.46401082012382 9.85967417160661 10.2553375230894 10.6510008745722 11.2838543494541 11.9957711988023 12.7076880481507 13.4196048974989 14.1315217468472 14.8434385961955 15.5553554455438 16.2695334143107
11.0212560494741 11.1215603351593 11.2218646208445 11.3221689065298 11.422473192215 11.5227774779002 11.6230817635854 11.2493286013604 10.717556289832 10.1857839783034 9.6540116667749 9.12223935524641 8.59046704371783 8.05869473218934 7.59925851821913 7.35683059692393 7.11440267562878 6.87197475433363 6.62954683303843 6.38711891174328 6.14469099044813 5.90226306915293 6.01666023731234 6.2499991019567 6.48333796660109 6.71667683124543 6.95001569588978 7.18335456053417 7.41669342517852 7.70893276135119 8.17787351210908 8.6468142628669 9.11575501362471 9.58469576438261 10.0536365151404 10.5225772658982 10.9915180166561 11.6447247266768 12.3593534231184 13.0739821195601 13.7886108160017 14.5032395124433 15.217868208885 15.9324969053267 16.6589150508242
10.7267291545868 10.8470514456431 10.9673737366994 11.0876960277558 11.2080183188121 11.3283406098684 11.4486629009247 11.0508952101073 10.4804308586652 9.90996650722302 9.33950215578093 8.76903780433885 8.19857345289666 7.62810910145458 7.1411701626249 6.90480746163272 6.66844476064057 6.43208205964842 6.19571935865623 5.95935665766408 5.72299395667194 5.48663125567975 5.62488187948864 5.88800361156463 6.15112534364066 6.41424707571665 6.67736880779264 6.94049053986868 7.20361227194467 7.53650810850981 8.07872625854275 8.6209444085756 9.16316255860846 9.7053807086414 10.2475988586742 10.7898170087071 11.33203515874 12.0055951038995 12.7229356474344 13.4402761909695 14.1576167345045 14.8749572780395 15.5922978215746 16.3096383651096 17.0482966873378
10.3816023667654 10.5136561234792 10.6457098801931 10.777763636907 10.9098173936208 11.0418711503347 11.1739249070486 10.7728918313981 10.1941631449595 9.61543445852078 9.03670577208214 8.45797708564351 7.87924839920477 7.30051971276614 6.81218133502544 6.59501388337882 6.37784643173223 6.16067898008565 5.94351152843902 5.72634407679244 5.50917662514586 5.29200917349924 5.44535392920171 5.72220275402062 5.99905157883959 6.2759004036585 6.55274922847741 6.82959805329637 7.10644687811529 7.46132361623962 8.0502840942806 8.63924457232147 9.22820505036234 9.81716552840331 10.4061260064442 10.9950864844851 11.584046962526 12.256494784355 12.9567717207801 13.6570486572053 14.3573255936303 15.0576025300554 15.7578794664806 16.4581564029057 17.1938189135656
9.98587568600978 10.1213743686676 10.2568730513255 10.3923717339834 10.5278704166413 10.6633690992991 10.798867781957 10.415318465233 9.85875314871489 9.30218783219667 8.74562251567855 8.18905719916043 7.63249188264222 7.0759265661241 6.61229203542081 6.42744986216232 6.24260768890386 6.0577655156454 5.87292334238692 5.68808116912846 5.50323899587 5.31839682261151 5.47807638645167 5.75259652932478 6.02711667219794 6.30163681507105 6.57615695794417 6.85067710081733 7.12519724369044 7.48337928454067 8.09254701932264 8.7017147541045 9.31088248888636 9.92005022366833 10.5292179584502 11.1383856932321 11.747553428014 12.3974237680434 13.0608616431552 13.7242995182672 14.3877373933791 15.051175268491 15.7146131436029 16.3780510187148 17.0954817295073
9.59014900525415 9.72909261385603 9.86803622245791 10.0069798310598 10.1459234396617 10.2848670482636 10.4238106568655 10.0577450990678 9.52334315247023 8.98894120587254 8.45453925927493 7.92013731267733 7.38573536607964 6.85133341948204 6.41240273581617 6.25988584094581 6.10736894607548 5.95485205120516 5.8023351563348 5.64981826146447 5.49730136659414 5.34478447172378 5.51079884370163 5.78299030462894 6.0551817655563 6.32737322648361 6.59956468741093 6.87175614833828 7.1439476092656 7.50543495284172 8.13480994436468 8.76418493588754 9.3935599274104 10.0229349189334 10.6523099104562 11.2816849019791 11.911059893502 12.5383527517317 13.1649515655304 13.7915503793292 14.4181491931278 15.0447480069265 15.6713468207253 16.2979456345239 16.997144545449
9.19442232449852 9.33681085904441 9.4791993935903 9.62158792813622 9.76397646268211 9.906364997228 10.0487535317739 9.70017173290266 9.18793315622557 8.6756945795484 8.16345600287132 7.65121742619423 7.13897884951706 6.62674027283998 6.21251343621153 6.09232181972931 5.97213020324711 5.8519385867649 5.73174697028268 5.61155535380048 5.49136373731828 5.37117212083606 5.54352130095159 5.8133840799331 6.08324685891466 6.35310963789617 6.62297241687768 6.89283519585924 7.16269797484075 7.52749062114277 8.17707286940673 8.82665511767058 9.47623736593443 10.1258196141984 10.7754018624622 11.4249841107261 12.07456635899 12.6792817354201 13.2690414879056 13.8588012403911 14.4485609928766 15.038320745362 15.6280804978476 16.2178402503331 16.8988073613906
