data/working_set_collections/6091692-Cassins_Sparrow-MC/2000/bio19.asc
NCOLS 265 
NROWS 230 
XLLCORNER -115.5625 
YLLCORNER 24.8333333333333 
CELLSIZE 0.0833333333333333 
NODATA_value -9999 
[rows 120 to 139 of 230, columns 0 to 45 of 265]
38.7634378274283 37.7441262404126 36.7248146533969 35.705503066381 34.6861914793653 33.6668798923496 32.6475683053337 32.8472456137339 33.4532525539398 34.0592594941457 34.6652664343516 35.2712733745575 35.8772803147634 36.4832872549693 37.1938361061943 38.2180106904771 39.2421852747599 40.2663598590426 41.2905344433255 42.3147090276082 43.3388836118909 44.3630581961738 45.3363061269124 46.2925785064697 47.2488508860271 48.2051232655843 49.1613956451415 50.1176680246989 51.0739404042562 52.4803903897599 55.237373193105 57.9943559964495 60.7513387997941 63.5083216031392 66.2653044064838 69.0222872098283 71.7792700131734 73.840819644928 75.6705582194857 77.5002967940438 79.3300353686015 81.1597739431592 82.9895125177173 84.819251092275 86.2774385028418 86.6209724214345
39.0196174780529 37.8101771831514 36.60073688825 35.3912965933484 34.1818562984469 32.9724160035455 31.7629757086439 31.9257677555085 32.5459705829621 33.1661734104157 33.7863762378693 34.4065790653229 35.0267818927766 35.6469847202301 36.3564869562784 37.3338874181112 38.3112878799438 39.2886883417765 40.2660888036093 41.2434892654419 42.2208897272746 43.1982901891073 44.1271198272706 45.0397591908773 45.9523985544842 46.8650379180909 47.7776772816976 48.6903166453045 49.6029560089112 50.9344120343523 53.5223180452983 56.1102240562438 58.6981300671893 61.2860360781353 63.8739420890808 66.4618481000263 69.0497541109723 71.0535929679872 72.8627427736919 74.6718925793968 76.4810423851015 78.2901921908062 80.0993419965111 81.9084918022158 83.394056129456 83.9088640213017
39.2757971286775 37.8762281258903 36.4766591231032 35.0770901203158 33.6775211175286 32.2779521147414 30.878383111954 31.0042898972829 31.6386886119842 32.2730873266856 32.9074860413869 33.5418847560882 34.1762834707896 34.8106821854909 35.5191378063625 36.4497641457452 37.3803904851277 38.3110168245103 39.241643163893 40.1722695032755 41.1028958426581 42.0335221820408 42.9179335276286 43.7869398752848 44.6559462229412 45.5249525705974 46.3939589182536 47.2629652659099 48.1319716135661 49.3884336789446 51.8072628974914 54.2260921160379 56.6449213345843 59.0637505531311 61.4825797716776 63.901408990224 66.3202382087709 68.2663662910462 70.0549273278978 71.8434883647497 73.6320494016013 75.4206104384528 77.2091714753047 78.9977325121563 80.5106737560698 81.1967556211687
39.5319767793021 37.9422790686292 36.3525813579563 34.7628836472831 33.1731859366102 31.5834882259373 29.9937905152642 30.0828120390574 30.7314066410064 31.3800012429556 32.0285958449046 32.6771904468536 33.3257850488027 33.9743796507517 34.6817886564466 35.5656408733792 36.4494930903116 37.3333453072441 38.2171975241767 39.1010497411092 39.9849019580416 40.8687541749743 41.7087472279866 42.5341205596923 43.3594938913982 44.1848672231039 45.0102405548095 45.8356138865154 46.660987218221 47.8424553235369 50.0922077496846 52.3419601758319 54.5917126019793 56.841465028127 59.0912174542744 61.3409698804217 63.5907223065695 65.4791396141053 67.2471118821037 69.0150841501025 70.783056418101 72.5510286860995 74.3190009540983 76.0869732220968 77.6272913826838 78.4846472210356
39.7881564299267 38.0083300113681 36.2285035928095 34.4486771742505 32.6688507556919 30.8890243371333 29.1091979185744 29.161334180832 29.8241246700287 30.4869151592255 31.1497056484223 31.812496137619 32.4752866268159 33.1380771160126 33.8444395065307 34.6815176010132 35.5185956954956 36.355673789978 37.1927518844605 38.0298299789429 38.8669080734253 39.7039861679078 40.4995609283448 41.2813012441 42.0630415598553 42.8447818756105 43.6265221913656 44.4082625071209 45.1900028228761 46.2964769681293 48.3771526018779 50.4578282356262 52.5385038693745 54.6191795031231 56.6998551368714 58.7805307706197 60.8612064043683 62.6919129371645 64.4392964363099 66.1866799354556 67.934063434601 69.6814469337464 71.4288304328921 73.1762139320376 74.743909009298 75.7725388209029
40.0443360805513 38.074380954107 36.1044258276626 34.1344707012179 32.1645155747736 30.1945604483292 28.2246053218845 28.2398563226064 28.9168426990509 29.5938290754955 30.2708154519399 30.9478018283844 31.6247882048289 32.3017745812734 33.0070903566148 33.7973943286472 34.5876983006795 35.3780022727118 36.1683062447443 36.9586102167765 37.7489141888088 38.5392181608413 39.2903746287028 40.0284819285075 40.7665892283123 41.5046965281169 42.2428038279216 42.9809111277264 43.719018427531 44.7504986127215 46.6620974540711 48.5736962954203 50.4852951367695 52.396893978119 54.3084928194682 56.2200916608174 58.1316905021669 59.9046862602235 61.6314809905158 63.3582757208085 65.0850704511008 66.8118651813931 68.5386599116857 70.2654546419781 71.8605266359119 73.0604304207698
40.6582902537453 38.4855516274773 36.3128130012093 34.1400743749409 31.9673357486728 29.7945971224048 27.6218584961364 27.5797482013702 28.2478473504383 28.9159464995066 29.5840456485748 30.2521447976429 30.9202439467112 31.5883430957794 32.2756181610954 33.0204209751553 33.765223789215 34.5100266032748 35.2548294173347 35.9996322313944 36.7444350454542 37.489237859514 38.1991164843241 38.8973537127176 39.5955909411113 40.2938281695048 40.9920653978983 41.690302626292 42.3885398546855 43.3595243771868 45.1487507820129 46.9379771868386 48.7272035916644 50.5164299964904 52.3056564013162 54.094882806142 55.884109210968 57.6060996055602 59.3056779967412 61.0052563879225 62.7048347791035 64.4044131702845 66.1039915614658 67.8035699526468 69.4089882214863 70.7319261233013
41.6300189495088 39.2418420314792 36.8536651134496 34.4654881954195 32.0773112773899 29.6891343593603 27.3009574413303 27.1810098171234 27.8171386241912 28.4532674312592 29.089396238327 29.7255250453948 30.3616538524628 30.9977826595306 31.6500229199727 32.3505975405375 33.0511721611023 33.751746781667 34.4523214022319 35.1528960227967 35.8534706433614 36.5540452639263 37.2257864952088 37.8879165967306 38.5500466982525 39.2121767997742 39.874306901296 40.5364370028179 41.1985671043397 42.1235542615253 43.8371125857036 45.5506709098815 47.2642292340595 48.9777875582378 50.6913458824157 52.4049042065937 54.118462530772 55.7961529731751 57.4618874549865 59.1276219367982 60.7933564186097 62.4590909004211 64.1248253822328 65.7905598640443 67.3892937660218 68.7870259284975
42.6017476452723 39.9981324354811 37.3945172256899 34.7909020158982 32.187286806107 29.5836715963158 26.9800563865241 26.7822714328765 27.3864298979441 27.9905883630117 28.5947468280792 29.1989052931467 29.8030637582143 30.4072222232818 31.0244276788499 31.6807741059197 32.3371205329895 32.9934669600592 33.6498133871291 34.3061598141988 34.9625062412686 35.6188526683384 36.2524565060934 36.8784794807434 37.5045024553935 38.1305254300436 38.7565484046936 39.3825713793438 40.0085943539938 40.8875841458637 42.5254743893941 44.1633646329243 45.8012548764545 47.439145119985 49.0770353635152 50.7149256070454 52.3528158505758 53.9862063407898 55.6180969132316 57.2499874856738 58.8818780581156 60.5137686305575 62.1456592029996 63.7775497754415 65.369599310557 66.8421257336935
43.5734763410358 40.754422839483 37.9353693379302 35.1163158363769 32.2972623348241 29.4782088332713 26.659155331718 26.3835330486297 26.9557211716969 27.5279092947642 28.1000974178314 28.6722855408986 29.2444736639659 29.816661787033 30.3988324377271 31.010950671302 31.6230689048767 32.2351871384514 32.8473053720263 33.459423605601 34.0715418391757 34.6836600727505 35.279126516978 35.8690423647562 36.4589582125346 37.0488740603129 37.6387899080912 38.2287057558696 38.8186216036479 39.651614030202 41.2138361930847 42.7760583559671 44.3382805188495 45.9005026817322 47.4627248446146 49.024947007497 50.5871691703797 52.1762597084045 53.7743063714768 55.3723530345493 56.9703996976216 58.5684463606939 60.1664930237665 61.7645396868387 63.3499048550923 64.8972255388896
44.5452050367993 41.5107132434849 38.4762214501705 35.4417296568555 32.4072378635411 29.3727460702267 26.3382542769118 25.9847946643829 26.5250124454498 27.0652302265167 27.6054480075836 28.1456657886505 28.6858835697174 29.2261013507843 29.7732371966044 30.3411272366842 30.9090172767639 31.4769073168437 32.0447973569235 32.6126873970032 33.1805774370829 33.7484674771628 34.3057965278626 34.8596052487692 35.4134139696758 35.9672226905824 36.5210314114889 37.0748401323956 37.6286488533021 38.4156439145405 39.9021979967754 41.38875207901 42.8753061612446 44.3618602434795 45.8484143257141 47.3349684079488 48.8215224901836 50.3663130760193 51.930515829722 53.494718583425 55.0589213371277 56.6231240908305 58.1873268445335 59.7515295982362 61.3302103996277 62.9523253440858
45.5169337325628 42.2670036474868 39.0170735624108 35.7671434773342 32.5172133922582 29.2672833071822 26.0173532221057 25.5860562801361 26.0943037192026 26.6025511582693 27.1107985973358 27.6190460364023 28.127293475469 28.6355409145355 29.1476419554816 29.6713038020664 30.1949656486511 30.7186274952359 31.2422893418207 31.7659511884054 32.2896130349901 32.8132748815749 33.3324665387472 33.850168132782 34.3678697268169 34.8855713208517 35.4032729148865 35.9209745089214 36.4386761029562 37.1796737988788 38.5905598004659 40.0014458020528 41.4123318036396 42.8232178052267 44.2341038068136 45.6449898084004 47.0558758099875 48.556366443634 50.0867252879672 51.6170841323006 53.1474429766337 54.6778018209669 56.2081606653003 57.7385195096334 59.3105159441629 61.0074251492819
46.7576838599313 43.3329435984298 39.9082033369283 36.4834630754262 33.0587228139246 29.6339825524231 26.209242290921 25.6703483104704 26.0934030903709 26.5164578702714 26.9395126501718 27.3625674300723 27.7856222099728 28.2086769898732 28.6551196681128 29.1717260413699 29.688332414627 30.2049387878841 30.7215451611413 31.2381515343983 31.7547579076554 32.2713642809126 32.7761891047159 33.277086745368 33.7779843860202 34.2788820266723 34.7797796673244 35.2806773079766 35.7815749486287 36.4969708336721 37.8558614518906 39.2147520701088 40.5736426883271 41.9325333065456 43.2914239247638 44.650314542982 46.0092051612005 47.4660379409788 48.9555181079438 50.444998274909 51.934478441874 53.423958608839 54.9134387758042 56.4029189427692 57.9444156858653 59.6419621573553
48.2674554189048 44.7085330963139 41.1496107737229 37.5906884511314 34.0317661285405 30.4728438059496 26.913921483358 26.2376707553862 26.5223105589547 26.8069503625233 27.0915901660918 27.3762299696604 27.660869773229 27.9455095767975 28.295670334498 28.8423939545949 29.3891175746917 29.9358411947885 30.4825648148854 31.0292884349822 31.576012055079 32.1227356751759 32.636964225769 33.1403610865274 33.6437579472859 34.1471548080444 34.6505516688028 35.1539485295613 35.6573453903198 36.3675350189206 37.6981029510497 39.0286708831785 40.3592388153074 41.6898067474364 43.0203746795653 44.3509426116941 45.6815105438232 47.095327568054 48.5368942896523 49.9784610112507 51.420027732849 52.8615944544472 54.3031611760457 55.7447278976439 57.2319096247353 58.8559363683064
49.7772269778783 46.084122594198 42.3910182105177 38.6979138268367 35.0048094431564 31.3117050594761 27.6186006757951 26.804993200302 26.9512180275386 27.0974428547753 27.2436676820119 27.3898925092485 27.5361173364851 27.6823421637217 27.9362210008832 28.5130618678199 29.0899027347564 29.666743601693 30.2435844686296 30.8204253355661 31.3972662025027 31.9741070694393 32.497739346822 33.0036354276868 33.5095315085517 34.0154275894164 34.5213236702812 35.0272197511461 35.5331158320108 36.2380992041691 37.5403444502088 38.8425896962482 40.1448349422876 41.4470801883273 42.7493254343667 44.0515706804061 45.3538159264457 46.7246171951292 48.1182704713607 49.5119237475924 50.9055770238239 52.2992303000554 53.6928835762871 55.0865368525186 56.5194035636052 58.0699105792575
51.2869985368519 47.4597120920822 43.6324256473125 39.8051392025421 35.9778527577724 32.1505663130026 28.3232798682322 27.3723156452178 27.3801254961225 27.3879353470272 27.3957451979319 27.4035550488366 27.4113648997413 27.419174750646 27.5767716672684 28.1837297810448 28.7906878948211 29.3976460085974 30.0046041223737 30.61156223615 31.2185203499263 31.8254784637027 32.3585144678751 32.8669097688462 33.3753050698174 33.8837003707885 34.3920956717596 34.9004909727308 35.4088862737019 36.1086633894176 37.3825859493678 38.6565085093178 39.9304310692679 41.2043536292181 42.4782761891681 43.7521987491181 45.0261213090684 46.3539068222044 47.6996466530691 49.0453864839341 50.3911263147988 51.7368661456635 53.0826059765285 54.4283458073932 55.8068975024751 57.2838847902085
52.7967700958254 48.8353015899663 44.8738330841071 40.9123645782473 36.9508960723882 32.9894275665291 29.0279590606693 27.9396380901336 27.8090329647064 27.6784278392791 27.5478227138519 27.4172175884247 27.2866124629975 27.1560073375703 27.2173223336537 27.8543976942698 28.4914730548858 29.1285484155018 29.7656237761179 30.4026991367339 31.0397744973499 31.6768498579661 32.2192895889282 32.7301841100056 33.2410786310831 33.7519731521606 34.262867673238 34.7737621943156 35.284656715393 35.9792275746661 37.2248274485269 38.4704273223875 39.7160271962481 40.9616270701089 42.2072269439696 43.4528268178302 44.698426691691 45.9831964492796 47.2810228347776 48.5788492202758 49.8766756057738 51.1745019912718 52.47232837677 53.770154762268 55.094391441345 56.4978590011596
54.306541654799 50.2108910878504 46.1152405209019 42.0195899539527 37.9239393870041 33.8282888200556 29.7326382531064 28.5069605350494 28.2379404332903 27.9689203315311 27.699900229772 27.4308801280128 27.1618600262536 26.8928399244945 26.8578730000389 27.5250656074947 28.1922582149505 28.8594508224062 29.5266434298621 30.1938360373178 30.8610286447736 31.5282212522294 32.0800647099812 32.593458451165 33.1068521923489 33.6202459335327 34.1336396747164 34.6470334159003 35.1604271570841 35.8497917599146 37.067068947686 38.2843461354572 39.5016233232284 40.7189005109998 41.936177698771 43.1534548865422 44.3707320743136 45.6124860763548 46.862399016486 48.1123119566175 49.3622248967487 50.6121378368799 51.8620507770114 53.1119637171426 54.3818853802149 55.7118332121107
56.176713201735 51.9693436304733 47.7619740592116 43.5546044879492 39.3472349166875 35.1398653454258 30.9324957741634 29.5110552946726 29.0182578457726 28.5254603968726 28.0326629479726 27.5398654990727 27.0470680501727 26.5542706012727 26.3452083587646 26.987351735433 27.6294951121012 28.2716384887695 28.9137818654379 29.5559252421061 30.1980686187744 30.8402119954428 31.4273582299551 31.9961720837487 32.5649859375424 33.1337997913361 33.7026136451297 34.2714274989234 34.840241352717 35.5737896919248 36.8015414873758 38.0292932828266 39.2570450782773 40.4847968737283 41.7125486691791 42.9403004646299 44.1680522600808 45.3827426274616 46.5930791854856 47.8034157435098 49.0137523015338 50.2240888595579 51.4344254175821 52.6447619756061 53.8609204080367 55.0945444636874
58.4072847366334 54.1106592178348 49.8140336990363 45.517408180237 41.2207826614384 36.9241571426398 32.6275316238405 30.9519223690032 30.1499852021535 29.3480480353037 28.546110868454 27.7441737016044 26.9422365347545 26.1402993679049 25.6793284098307 26.2412560780844 26.8031837463379 27.3651114145915 27.9270390828452 28.4889667510987 29.0508944193523 29.6128220876059 30.2611701488496 30.9383250077566 31.6154798666637 32.2926347255707 32.9697895844777 33.6469444433848 34.3240993022918 35.1512213706968 36.4282450675964 37.7052687644957 38.982292461395 40.2593161582946 41.5363398551939 42.8133635520932 44.0903872489928 45.2939661025999 46.4730633417763 47.6521605809529 48.8312578201292 50.0103550593056 51.1894522984822 52.3685495376585 53.5314965248106 54.6459927558898
