data/working_set_collections/6091692-Cassins_Sparrow-MC/2000/bio12.asc
NCOLS 265 
NROWS 230 
XLLCORNER -115.5625 
YLLCORNER 24.8333333333333 
CELLSIZE 0.0833333333333333 
NODATA_value -9999 
[rows 140 to 159 of 230, columns 46 to 91 of 265]
262.994130071002 271.636163796316 280.278197521632 288.920231246946 297.56226497226 306.204298697576 306.951873524983 305.067962053087 303.18405058119 301.300139109293 299.416227637397 297.5323161655 295.648404693603 294.831416490342 297.21519809299 299.598979695637 301.982761298285 304.366542900933 306.75032450358 309.134106106228 311.517887708875 309.629711914063 306.317550320096 303.005388726129 299.693227132162 296.381065538195 293.068903944228 289.756742350261 286.687287987604 284.345955318875 282.004622650147 279.663289981419 277.32195731269 274.980624643962 272.639291975234 270.297959306506 268.874977620443 267.758112928603 266.641248236763 265.524383544923 264.407518853082 263.290654161242 262.173789469402 260.534239323935 257.326632817587 254.11902631124
269.32237841288 277.652876832748 285.983375252616 294.313873672483 302.64437209235 310.974870512219 311.629141489665 309.724669986301 307.820198482937 305.915726979573 304.01125547621 302.106783972846 300.202312469482 299.242407565646 301.116202460394 302.989997355143 304.863792249891 306.737587144639 308.611382039387 310.485176934136 312.358971828884 310.272857666016 306.866773817275 303.460689968533 300.054606119792 296.648522271051 293.242438422309 289.836354573568 286.644192928739 284.093797895644 281.543402862549 278.993007829455 276.44261279636 273.892217763266 271.341822730171 268.791427697076 267.01776529948 265.503013780383 263.988262261285 262.473510742188 260.958759223091 259.444007703994 257.929256184897 256.039624913535 253.025354385377 250.011083857219
275.650626754758 283.669589869178 291.6885529836 299.70751609802 307.72647921244 315.745442326862 316.306409454345 314.381377919515 312.456346384684 310.531314849853 308.606283315022 306.681251780192 304.756220245361 303.65339864095 305.017206827799 306.381015014648 307.744823201497 309.108631388346 310.472439575195 311.836247762044 313.200055948893 310.916003417969 307.415997314454 303.915991210938 300.415985107422 296.915979003907 293.415972900391 289.915966796876 286.601097869874 283.841640472412 281.082183074952 278.322725677491 275.56326828003 272.803810882569 270.044353485108 267.284896087647 265.160552978516 263.247914632162 261.335276285808 259.422637939454 257.5099995931 255.597361246746 253.684722900392 251.545010503135 248.724075953167 245.903141403199
281.978875096637 289.68630290561 297.393730714584 305.101158523558 312.808586332531 320.516014141505 320.983677419026 319.038085852729 317.092494286431 315.146902720133 313.201311153836 311.255719587538 309.31012802124 308.064389716254 308.918211195203 309.772032674153 310.625854153103 311.479675632053 312.333497111002 313.187318589952 314.041140068902 311.559149169922 307.965220811633 304.371292453342 300.777364095053 297.183435736763 293.589507378473 289.995579020183 286.558002811009 283.589483049181 280.620963287354 277.652443525527 274.6839237637 271.715404001872 268.746884240045 265.778364478218 263.303340657553 260.992815483942 258.682290310331 256.37176513672 254.061239963109 251.750714789497 249.440189615886 247.050396092734 244.422797520956 241.795198949179
287.283645884194 294.772180430092 302.260714975992 309.74924952189 317.237784067788 324.726318613687 325.261714426676 323.479397328695 321.697080230713 319.914763132731 318.132446034749 316.350128936767 314.567811838785 313.336481221516 313.758110046386 314.179738871256 314.601367696126 315.022996520995 315.444625345865 315.866254170735 316.287882995605 313.530188242595 309.712718963624 305.895249684652 302.077780405681 298.26031112671 294.442841847738 290.625372568767 286.975207180448 283.826953464085 280.678699747722 277.530446031359 274.382192314996 271.233938598633 268.085684882271 264.937431165908 262.278028869629 259.781577046713 257.285125223796 254.788673400879 252.292221577963 249.795769755046 247.299317932129 244.796534813776 242.274757809109 239.752980804444
291.56493911743 298.927222442625 306.289505767821 313.651789093016 321.014072418211 328.376355743407 329.140520477295 327.705312347412 326.270104217529 324.834896087646 323.399687957763 321.96447982788 320.529271697997 319.469673156737 319.536903381347 319.604133605956 319.671363830566 319.738594055175 319.805824279784 319.873054504394 319.940284729003 316.829120635986 312.658491770427 308.487862904867 304.317234039307 300.146605173747 295.975976308187 291.805347442628 287.852710978191 284.554051717123 281.255392456055 277.956733194988 274.65807393392 271.359414672852 268.060755411785 264.762096150717 262.084617614747 259.614199320476 257.143781026205 254.673362731934 252.202944437663 249.732526143392 247.262107849122 244.78342666626 242.279956817627 239.776486968995
295.846232350666 303.082264455157 310.31829655965 317.554328664142 324.790360768634 332.026392873127 333.019326527913 331.931227366129 330.843128204345 329.755029042561 328.666929880778 327.578830718993 326.49073155721 325.602865091959 325.315696716308 325.028528340657 324.741359965006 324.454191589355 324.167023213704 323.879854838053 323.592686462402 320.128053029379 315.60426457723 311.080476125082 306.556687672933 302.032899220785 297.509110768636 292.985322316488 288.730214775934 285.281149970161 281.832085164389 278.383020358616 274.933955552843 271.484890747071 268.035825941299 264.586761135526 261.891206359864 259.446821594239 257.002436828614 254.558052062989 252.113667297364 249.669282531739 247.224897766114 244.770318518745 242.285155826145 239.799993133545
300.127525583901 307.23730646769 314.34708735148 321.456868235269 328.566649119057 335.676430002847 336.898132578532 336.157142384847 335.416152191162 334.675161997477 333.934171803792 333.193181610107 332.452191416422 331.73605702718 331.094490051269 330.452923075358 329.811356099446 329.169789123535 328.528222147623 327.886655171712 327.2450881958 323.426985422771 318.550037384034 313.673089345297 308.79614130656 303.919193267823 299.042245229086 294.165297190349 289.607718573677 286.008248223199 282.408777872722 278.809307522245 275.209837171767 271.61036682129 268.010896470812 264.411426120335 261.697795104981 259.279443868002 256.861092631022 254.442741394043 252.024390157064 249.606038920085 247.187687683106 244.75721037123 242.290354834663 239.823499298096
304.408818817137 311.392348480222 318.375878143309 325.359407806395 332.34293746948 339.326467132567 340.77693862915 340.383057403564 339.989176177978 339.595294952392 339.201413726806 338.80753250122 338.413651275634 337.869248962402 336.87328338623 335.877317810058 334.881352233886 333.885386657714 332.889421081542 331.893455505371 330.897489929199 326.725917816162 321.495810190837 316.265702565511 311.035594940186 305.805487314861 300.575379689535 295.34527206421 290.48522237142 286.735346476237 282.985470581055 279.235594685873 275.48571879069 271.735842895508 267.985967000326 264.236091105144 261.504383850098 259.112066141765 256.719748433431 254.327430725098 251.935113016765 249.542795308431 247.150477600098 244.744102223715 242.295553843181 239.847005462647
308.690112050373 315.547390492755 322.404668935139 329.261947377521 336.119225819904 342.976504262287 344.655744679768 344.608972422281 344.562200164794 344.515427907307 344.46865564982 344.421883392333 344.375111134846 344.002440897623 342.652076721191 341.301712544759 339.951348368326 338.600984191894 337.250620015462 335.90025583903 334.549891662597 330.024850209555 324.441582997641 318.858315785726 313.275048573812 307.691781361899 302.108514149984 296.52524693807 291.362726169163 287.462444729276 283.562163289389 279.661881849502 275.761600409614 271.861318969727 267.96103752984 264.060756089953 261.310972595215 258.944688415528 256.57840423584 254.212120056153 251.845835876465 249.479551696778 247.11326751709 244.7309940762 242.300752851698 239.870511627198
310.743885803222 317.69738922119 324.650892639159 331.604396057128 338.557899475096 345.511402893065 347.321920522054 347.418109554714 347.514298587375 347.610487620036 347.706676652696 347.802865685357 347.899054718017 347.647019704183 346.350312550862 345.053605397542 343.756898244222 342.460191090901 341.163483937581 339.866776784261 338.57006963094 333.880369059245 328.059670681424 322.238972303602 316.418273925781 310.597575547961 304.776877170139 298.956178792318 293.593242984348 289.603594885932 285.613946787516 281.624298689101 277.634650590684 273.645002492269 269.655354393853 265.665706295437 262.895833841959 260.532553270128 258.169272698296 255.805992126465 253.442711554633 251.079430982801 248.71615041097 246.330234866672 243.876414404975 241.422593943278
310.570140075682 317.842344665526 325.11454925537 332.386753845213 339.658958435057 346.931163024901 348.775466156006 348.810468800862 348.845471445719 348.880474090576 348.915476735433 348.95047938029 348.985482025146 348.80298538208 347.967990875244 347.132996368408 346.298001861572 345.463007354736 344.6280128479 343.793018341064 342.958023834228 338.292474365235 332.350073242188 326.407672119141 320.465270996094 314.522869873048 308.58046875 302.638067626954 297.176772816976 293.158796946208 289.14082107544 285.122845204672 281.104869333903 277.086893463135 273.068917592367 269.050941721598 266.258967590332 263.875660705566 261.4923538208 259.109046936035 256.72574005127 254.342433166504 251.959126281738 249.541824595134 247.022538503011 244.503252410889
310.396394348143 317.987300109862 325.578205871581 333.169111633299 340.760017395018 348.350923156737 350.229011789957 350.20282804701 350.176644304063 350.150460561116 350.124276818169 350.098093075222 350.071909332275 349.958951059977 349.585669199625 349.212387339274 348.839105478922 348.465823618571 348.092541758219 347.719259897867 347.345978037516 342.704579671224 336.640475802952 330.576371934679 324.512268066407 318.448164198135 312.384060329861 306.319956461589 300.760302649604 296.713999006483 292.667695363363 288.621391720242 284.575088077121 280.528784434001 276.48248079088 272.436177147759 269.622101338704 267.218768141005 264.815434943305 262.412101745605 260.008768547906 257.605435350206 255.202102152506 252.753414323595 250.168662601047 247.583910878499
310.222648620604 318.132255554197 326.041862487792 333.951469421385 341.861076354978 349.770683288573 351.682557423909 351.595187293158 351.507817162407 351.420447031657 351.333076900906 351.245706770155 351.158336639404 351.114916737874 351.203347524007 351.29177831014 351.380209096272 351.468639882405 351.557070668538 351.64550145467 351.733932240803 347.116684977214 340.930878363716 334.745071750217 328.559265136719 322.373458523221 316.187651909722 310.001845296224 304.343832482232 300.269201066759 296.194569651286 292.119938235813 288.045306820339 283.970675404867 279.896043989394 275.82141257392 272.985235087077 270.561875576443 268.138516065809 265.715156555176 263.291797044542 260.868437533908 258.445078023275 255.965004052056 253.314786699083 250.66456934611
310.048902893065 318.277210998533 326.505519104003 334.733827209471 342.962135314939 351.190443420409 353.136103057861 352.987546539306 352.838990020752 352.690433502197 352.541876983642 352.393320465088 352.244763946533 352.270882415771 352.821025848388 353.371169281005 353.921312713623 354.47145614624 355.021599578857 355.571743011474 356.121886444091 351.528790283203 345.22128092448 338.913771565755 332.606262207032 326.298752848308 319.991243489583 313.68373413086 307.92736231486 303.824403127034 299.721443939209 295.618484751384 291.515525563558 287.412566375733 283.309607187907 279.206648000081 276.348368835449 273.904983011881 271.461597188314 269.018211364746 266.574825541178 264.13143971761 261.688053894043 259.176593780518 256.460910797119 253.745227813721
309.875157165526 318.422166442869 326.969175720214 335.516184997557 344.0631942749 352.610203552245 354.589648691813 354.379905785454 354.170162879096 353.960419972737 353.750677066379 353.54093416002 353.331191253662 353.426848093668 354.43870417277 355.450560251871 356.462416330973 357.474272410074 358.486128489176 359.497984568277 360.509840647379 355.940895589193 349.511683485244 343.082471381294 336.653259277344 330.224047173395 323.794835069445 317.365622965495 311.510892147489 307.37960518731 303.248318227132 299.117031266955 294.985744306776 290.854457346599 286.723170386421 282.591883426242 279.711502583822 277.24809044732 274.784678310818 272.321266174316 269.857854037815 267.394441901313 264.931029764811 262.388183508979 259.607034895155 256.825886281331
308.528406016031 317.493737708196 326.459069400363 335.424401092528 344.389732784693 353.35506447686 355.225601959229 354.73120803833 354.236814117432 353.742420196534 353.248026275635 352.753632354737 352.259238433839 352.346769629585 354.180076175266 356.013382720947 357.846689266628 359.67999581231 361.513302357991 363.346608903672 365.179915449353 361.055340576172 354.944805230035 348.834269883897 342.72373453776 336.613199191623 330.502663845485 324.392128499348 318.746477847628 314.49548127916 310.244484710692 305.993488142224 301.742491573756 297.491495005288 293.240498436821 288.989501868353 285.960030364989 283.337733883327 280.715437401664 278.093140920002 275.47084443834 272.848547956677 270.226251475015 267.512621604071 264.52499156528 261.537361526488
306.008649444579 315.491924794513 324.975200144449 334.458475494383 343.941750844318 353.425026194254 355.043962860108 354.041453297933 353.038943735759 352.036434173584 351.03392461141 350.031415049236 349.028905487061 349.030647023519 352.045141855876 355.059636688232 358.074131520588 361.088626352945 364.103121185302 367.117616017658 370.132110850015 366.872125244141 361.520646158854 356.169167073567 350.817687988281 345.466208902994 340.114729817707 334.763250732421 329.634119415282 325.172031402587 320.709943389892 316.247855377197 311.785767364501 307.323679351806 302.861591339111 298.399503326415 295.093952178954 292.173913319905 289.253874460855 286.333835601806 283.413796742756 280.493757883707 277.573719024657 274.549908065795 271.214780807494 267.879653549194
303.488892873127 313.49011188083 323.491330888535 333.492549896239 343.493768903942 353.494987911647 354.862323760987 353.351698557536 351.841073354086 350.330448150635 348.819822947185 347.309197743734 345.798572540284 345.714524417453 349.910207536485 354.105890655517 358.301573774549 362.497256893581 366.692940012613 370.888623131645 375.084306250677 372.688909912109 368.096487087674 363.504064263237 358.911641438802 354.319218614366 349.72679578993 345.134372965494 340.521760982937 335.848581526014 331.175402069091 326.502222612169 321.829043155245 317.155863698323 312.482684241401 307.809504784477 304.227873992919 301.010092756483 297.792311520046 294.574530283609 291.356749047173 288.138967810736 284.9211865743 281.58719452752 277.904570049709 274.221945571899
300.969136301675 311.488298967148 322.007461632622 332.526624298094 343.045786963566 353.564949629041 354.680684661866 352.661943817139 350.643202972413 348.624462127686 346.60572128296 344.586980438233 342.568239593507 342.398401811387 347.775273217095 353.152144622802 358.529016028509 363.905887434217 369.282758839924 374.659630245631 380.036501651338 378.505694580078 374.672328016493 370.838961452907 367.005594889322 363.172228325737 359.338861762151 355.505495198566 351.40940255059 346.52513164944 341.64086074829 336.75658984714 331.872318945989 326.988048044839 322.10377714369 317.219506242539 313.361795806884 309.84627219306 306.330748579236 302.815224965412 299.299701351589 295.784177737765 292.268654123941 288.624480989244 284.594359291923 280.564237594604
