data/working_set_collections/6091692-Cassins_Sparrow-MC/2000/bio15.asc
NCOLS 265 
NROWS 230 
XLLCORNER -115.5625 
YLLCORNER 24.8333333333333 
CELLSIZE 0.0833333333333333 
NODATA_value -9999 
[rows 120 to 139 of 230, columns 92 to 137 of 265]
64.2506711430021 64.2401726298863 64.2296741167706 64.2191756036548 64.208677090539 63.4705352147423 62.4898455513852 61.5091558880278 60.5284662246707 59.5477765613135 58.5670868979562 57.586397234599 56.8256662580703 56.7248113420275 56.6239564259848 56.523101509942 56.4222465938993 56.3213916778565 56.2205367618138 56.119681845771 56.1700313250224 56.2707822693719 56.3715332137214 56.4722841580709 56.5730351024204 56.6737860467699 56.7745369911194 56.7399454116823 56.2993262608848 55.8587071100872 55.4180879592897 54.9774688084922 54.5368496576946 54.0962305068971 53.6556113560996 53.4487232844035 53.3197455724081 53.1907678604127 53.0617901484172 52.9328124364218 52.8038347244264 52.6748570124309 52.635803021325 52.866520192888 53.0972373644511 53.3279545360141
63.0177101453148 63.016054693858 63.0143992424013 63.0127437909446 63.0110883394879 62.3280340194706 61.4178467432662 60.5076594670616 59.5974721908572 58.6872849146529 57.7770976384483 56.8669103622439 56.16153755188 56.0706081390382 55.9796787261964 55.8887493133546 55.7978199005128 55.706890487671 55.6159610748292 55.5250316619874 55.586065196991 55.6977530479432 55.8094408988954 55.9211287498475 56.0328166007996 56.1445044517518 56.2561923027039 56.2385107040407 55.832720756531 55.4269308090211 55.0211408615114 54.6153509140016 54.2095609664918 53.8037710189821 53.3979810714723 53.1726560592652 53.0074860254924 52.8423159917197 52.6771459579469 52.5119759241741 52.3468058904013 52.1816358566285 52.1089573224386 52.3137532869975 52.5185492515565 52.7233452161154
61.7847491476273 61.7919367578296 61.799124368032 61.8063119782344 61.8134995884367 61.1855328241987 60.3458479351471 59.5061630460953 58.6664781570437 57.8267932679921 56.9871083789404 56.1474234898888 55.4974088456897 55.4164049360488 55.335401026408 55.2543971167671 55.1733932071263 55.0923892974855 55.0113853878446 54.9303814782038 55.0020990689596 55.1247238265144 55.2473485840692 55.369973341624 55.4925980991788 55.6152228567336 55.7378476142884 55.7370759963991 55.3661152521771 54.995154507955 54.624193763733 54.2532330195111 53.882272275289 53.511311531067 53.140350786845 52.8965888341269 52.6952264785767 52.4938641230266 52.2925017674765 52.0911394119264 51.8897770563763 51.6884147008261 51.5821116235521 51.7609863811069 51.9398611386618 52.1187358962165
60.5517881499398 60.5678188218012 60.5838494936627 60.5998801655241 60.6159108373855 60.0430316289269 59.273849127028 58.504666625129 57.7354841232302 56.9663016213314 56.1971191194324 55.4279366175336 54.8332801394993 54.7622017330594 54.6911233266195 54.6200449201797 54.5489665137398 54.4778881072999 54.40680970086 54.3357312944201 54.4181329409282 54.5516946050856 54.6852562692431 54.8188179334005 54.952379597558 55.0859412617154 55.2195029258728 55.2356412887575 54.8995097478232 54.5633782068889 54.2272466659547 53.8911151250205 53.5549835840862 53.218852043152 52.8827205022177 52.6205216089885 52.382966931661 52.1454122543336 51.9078575770061 51.6703028996786 51.4327482223512 51.1951935450237 51.0552659246657 51.2082194752164 51.361173025767 51.5141265763177
59.3188271522524 59.3437008857729 59.3685746192934 59.3934483528139 59.4183220863344 58.9005304336551 58.201850318909 57.5031702041628 56.8044900894168 56.1058099746707 55.4071298599245 54.7084497451785 54.169151433309 54.1079985300701 54.0468456268312 53.9856927235922 53.9245398203533 53.8633869171144 53.8022340138754 53.7410811106365 53.8341668128968 53.9786653836569 54.123163954417 54.2676625251771 54.4121610959372 54.5566596666973 54.7011582374573 54.7342065811159 54.4329042434694 54.1316019058229 53.8302995681764 53.5289972305299 53.2276948928834 52.9263925552369 52.6250902175905 52.3444543838502 52.0707073847454 51.7969603856406 51.5232133865358 51.249466387431 50.9757193883262 50.7019723892213 50.5284202257793 50.6554525693258 50.7824849128724 50.9095172564189
58.0858661545649 58.1195829497445 58.1532997449241 58.1870165401037 58.2207333352832 57.7580292383832 57.12985151079 56.5016737831966 55.8734960556033 55.24531832801 54.6171406004166 53.9889628728233 53.5050227271187 53.4537953270807 53.4025679270427 53.3513405270048 53.3001131269668 53.2488857269288 53.1976583268908 53.1464309268529 53.2502006848654 53.4056361622281 53.5610716395908 53.7165071169536 53.8719425943163 54.0273780716791 54.1828135490418 54.2327718734742 53.9662987391155 53.6998256047568 53.4333524703981 53.1668793360394 52.9004062016806 52.6339330673219 52.3674599329632 52.0683871587119 51.7584478378297 51.4485085169476 51.1385691960654 50.8286298751832 50.5186905543011 50.2087512334189 50.0015745268928 50.1026856634352 50.2037967999777 50.3049079365201
57.1415713734098 57.1563765101963 57.1711816469829 57.1859867837695 57.2007919205561 56.7585432052614 56.1639432059396 55.5693432066177 54.9747432072959 54.3801432079741 53.7855432086522 53.1909432093304 52.7333054436579 52.6865543789335 52.6398033142091 52.5930522494847 52.5463011847603 52.4995501200359 52.4527990553115 52.4060479905871 52.5232740402222 52.6951591279772 52.8670442157322 53.0389293034872 53.2108143912422 53.3826994789972 53.5545845667522 53.630216768053 53.4170903099909 53.2039638519288 52.9908373938667 52.7777109358047 52.5645844777426 52.3514580196805 52.1383315616185 51.8362747192384 51.5045744154189 51.1728741115995 50.84117380778 50.5094735039606 50.1777732001412 49.8460728963217 49.6150445408291 49.6860320303175 49.7570195198059 49.8280070092943
56.4859428087871 56.4540815671286 56.4222203254701 56.3903590838116 56.3584978421531 55.9020723342898 55.3041254043582 54.7061784744265 54.1082315444949 53.5102846145633 52.9123376846316 52.3143907547 51.8539995829266 51.8062756856284 51.7585517883302 51.7108278910321 51.6631039937339 51.6153800964357 51.5676561991375 51.5199323018393 51.6533868789674 51.8472342809042 52.0410816828411 52.2349290847779 52.4287764867148 52.6226238886516 52.8164712905885 52.926541264852 52.7852789560955 52.644016647339 52.5027543385825 52.361492029826 52.2202297210694 52.0789674123129 51.9377051035564 51.6481170654298 51.3090871175131 50.9700571695965 50.6310272216798 50.2919972737631 49.9529673258465 49.6139373779298 49.3688302675883 49.4054916699728 49.4421530723572 49.4788144747417
55.8303142441645 55.7517866240608 55.6732590039572 55.5947313838536 55.51620376375 55.0456014633181 54.4443076027767 53.8430137422352 53.2417198816938 52.6404260211523 52.0391321606108 51.4378383000694 50.9746937221952 50.9259969923233 50.8773002624513 50.8286035325793 50.7799068027074 50.7312100728354 50.6825133429635 50.6338166130915 50.7834997177125 50.9993094338312 51.2151191499499 51.4309288660686 51.6467385821873 51.862548298306 52.0783580144247 52.222865761651 52.1534676022001 52.0840694427491 52.0146712832981 51.9452731238472 51.8758749643962 51.8064768049453 51.7370786454943 51.4599594116212 51.1135998196073 50.7672402275934 50.4208806355795 50.0745210435657 49.7281614515518 49.3818018595379 49.1226159943475 49.124951309628 49.1272866249085 49.129621940189
55.1746856795418 55.0494916809931 54.9242976824444 54.7991036838957 54.6739096853469 54.1891305923464 53.5844898011952 52.9798490100438 52.3752082188926 51.7705674277414 51.1659266365901 50.5612858454388 50.0953878614639 50.0457182990181 49.9960487365724 49.9463791741266 49.8967096116809 49.8470400492351 49.7973704867894 49.7477009243436 49.9136125564576 50.1513845867581 50.3891566170587 50.6269286473593 50.8647006776598 51.1024727079604 51.340244738261 51.5191902584501 51.5216562483047 51.5241222381592 51.5265882280138 51.5290542178684 51.531520207723 51.5339861975776 51.5364521874322 51.2718017578126 50.9181125217015 50.5644232855904 50.2107340494792 49.8570448133682 49.5033555772571 49.1496663411459 48.8764017211067 48.8444109492832 48.8124201774598 48.7804294056363
54.5190571149192 54.3471967379254 54.1753363609316 54.0034759839378 53.8316156069439 53.3326597213748 52.7246719996137 52.1166842778526 51.5086965560916 50.9007088343305 50.2927211125694 49.6847333908084 49.2160820007326 49.1654396057131 49.1147972106935 49.064154815674 49.0135124206545 48.9628700256349 48.9122276306154 48.8615852355959 49.0437253952027 49.3034597396851 49.5631940841676 49.82292842865 50.0826627731324 50.3423971176149 50.6021314620973 50.8155147552491 50.8898448944093 50.9641750335694 51.0385051727296 51.1128353118897 51.1871654510499 51.26149559021 51.3358257293701 51.083644104004 50.7226252237957 50.3616063435874 50.000587463379 49.6395685831707 49.2785497029624 48.917530822754 48.6301874478659 48.5638705889385 48.497553730011 48.4312368710837
53.8634285502965 53.6449017948576 53.4263750394187 53.2078482839798 52.9893215285409 52.4761888504031 51.8648541980322 51.2535195456613 50.6421848932904 50.0308502409196 49.4195155885486 48.8081809361778 48.3367761400012 48.2851609124079 48.2335456848146 48.1819304572213 48.1303152296279 48.0787000020346 48.0270847744413 47.975469546848 48.1738382339478 48.4555348926121 48.7372315512764 49.0189282099407 49.3006248686049 49.5823215272692 49.8640181859335 50.1118392520481 50.2580335405138 50.4042278289796 50.5504221174452 50.6966164059109 50.8428106943767 50.9890049828423 51.135199271308 50.8954864501954 50.5271379258899 50.1587894015843 49.7904408772787 49.4220923529732 49.0537438286677 48.6853953043621 48.383973174625 48.2833302285937 48.1826872825623 48.082044336531
53.8654949929979 53.622690571679 53.3798861503601 53.1370817290412 52.8942773077223 52.3493254979452 51.7036578920153 51.0579902860854 50.4123226801555 49.7666550742256 49.1209874682957 48.4753198623658 47.9697886890835 47.8846668137444 47.7995449384054 47.7144230630663 47.6293011877272 47.5441793123881 47.4590574370491 47.37393556171 47.5661043802897 47.8507034301758 48.1353024800619 48.4199015299479 48.704500579834 48.9890996297201 49.2736986796061 49.5385499636332 49.7441579500834 49.9497659365336 50.1553739229838 50.360981909434 50.5665898958842 50.7721978823344 50.9778058687845 50.758661556244 50.3979331440397 50.0372047318354 49.676476319631 49.3157479074267 48.9550194952224 48.594291083018 48.2911930084229 48.1609859466553 48.0307788848877 47.9005718231201
54.5252564430236 54.2805630683898 54.035869693756 53.7911763191223 53.5464829444884 52.9520696640015 52.2410830815634 51.5300964991252 50.8191099166871 50.108123334249 49.3971367518107 48.6861501693726 48.1151196479797 47.9639573097229 47.8127949714661 47.6616326332093 47.5104702949524 47.3593079566956 47.2081456184388 47.056983280182 47.2205238342285 47.4889653523763 47.7574068705241 48.0258483886719 48.2942899068197 48.5627314249675 48.8311729431153 49.0956468900045 49.3482181231181 49.6007893562317 49.8533605893453 50.1059318224589 50.3585030555725 50.6110742886861 50.8636455217997 50.6731694221497 50.3350108782451 49.9968523343405 49.6586937904358 49.3205352465312 48.9823767026266 48.644218158722 48.3518469492595 48.1968377431234 48.0418285369873 47.8868193308513
55.1850178930494 54.9384355651007 54.691853237152 54.4452709092034 54.1986885812547 53.5548138300578 52.7785082711115 52.002202712165 51.2258971532187 50.4495915942723 49.6732860353258 48.8969804763795 48.260450606876 48.0432478057014 47.8260450045268 47.6088422033522 47.3916394021776 47.1744366010031 46.9572337998285 46.7400309986539 46.8749432881673 47.1272272745768 47.3795112609863 47.6317952473958 47.8840792338053 48.1363632202149 48.3886472066244 48.6527438163757 48.9522782961527 49.2518127759298 49.5513472557068 49.8508817354838 50.1504162152608 50.4499506950378 50.7494851748148 50.5876772880555 50.2720886124506 49.9564999368457 49.6409112612407 49.3253225856358 49.0097339100309 48.6941452344259 48.4125008900961 48.2326895395915 48.0528781890869 47.8730668385824
55.8447793430752 55.5963080618116 55.3478367805481 55.0993654992845 54.8508942180209 54.1575579961142 53.3159334606596 52.4743089252049 51.6326843897503 50.7910598542957 49.9494353188409 49.1078107833863 48.4057815657722 48.1225383016799 47.8392950375875 47.5560517734952 47.2728085094029 46.9895652453105 46.7063219812182 46.4230787171259 46.5293627421061 46.7654891967773 47.0016156514486 47.2377421061198 47.473868560791 47.7099950154623 47.9461214701335 48.209840742747 48.5563384691874 48.9028361956278 49.2493339220682 49.5958316485086 49.9423293749491 50.2888271013895 50.6353248278299 50.5021851539612 50.209166346656 49.9161475393508 49.6231287320455 49.3301099247403 49.0370911174351 48.7440723101298 48.4731548309326 48.2685413360596 48.0639278411866 47.8593143463135
56.5045407931009 56.2541805585225 56.003820323944 55.7534600893656 55.5030998547871 54.7603021621705 53.8533586502076 52.9464151382447 52.0394716262818 51.132528114319 50.225584602356 49.3186410903932 48.5511125246684 48.2018287976583 47.8525450706483 47.5032613436382 47.1539776166281 46.804693889618 46.455410162608 46.1061264355978 46.1837821960449 46.4037511189779 46.6237200419108 46.8436889648438 47.0636578877767 47.2836268107097 47.5035957336426 47.7669376691182 48.160398642222 48.5538596153259 48.9473205884297 49.3407815615335 49.7342425346374 50.1277035077412 50.521164480845 50.416693019867 50.1462440808615 49.875795141856 49.6053462028504 49.3348972638449 49.0644483248393 48.7939993858338 48.5338087717692 48.3043931325277 48.0749774932862 47.8455618540447
57.1643022431267 56.9120530552334 56.65980386734 56.4075546794467 56.1553054915533 55.3630463282268 54.3907838397557 53.4185213512845 52.4462588628134 51.4739963743423 50.5017338858711 49.5294713974 48.6964434835647 48.2811192936368 47.865795103709 47.4504709137812 47.0351467238533 46.6198225339255 46.2044983439977 45.7891741540698 45.8382016499837 46.0420130411784 46.2458244323731 46.4496358235677 46.6534472147624 46.8572586059571 47.0610699971517 47.3240345954895 47.7644588152567 48.204883035024 48.6453072547912 49.0857314745584 49.5261556943257 49.9665799140929 50.4070041338602 50.3312008857728 50.0833218150669 49.8354427443611 49.5875636736552 49.3396846029494 49.0918055322436 48.8439264615377 48.5944627126058 48.3402449289958 48.0860271453858 47.8318093617758
57.9181741714477 57.6743862787882 57.4305983861287 57.1868104934692 56.9430226008096 56.1153567314149 55.0930648697748 54.0707730081347 53.0484811464946 52.0261892848546 51.0038974232144 49.9816055615744 49.0935349358453 48.6081280178494 48.1227210998535 47.6373141818577 47.1519072638618 46.6665003458659 46.1810934278701 45.6956865098742 45.7106631278991 45.8924342579311 46.0742053879632 46.2559765179952 46.4377476480272 46.6195187780592 46.8012899080912 47.0515736156039 47.5073950555588 47.9632164955139 48.4190379354688 48.8748593754237 49.3306808153788 49.7865022553337 50.2423236952887 50.2001220067343 49.9919126086766 49.7837032106188 49.5754938125611 49.3672844145034 49.1590750164456 48.9508656183879 48.7299689504836 48.4710104730395 48.2120519955953 47.9530935181512
58.7661565780639 58.5411802291869 58.3162038803099 58.091227531433 57.866251182556 57.0172333717346 55.960201740265 54.9031701087951 53.8461384773255 52.7891068458558 51.732075214386 50.6750435829163 49.7423868815104 49.1828549702962 48.623323059082 48.0637911478679 47.5042592366537 46.9447273254395 46.3851954142254 45.8256635030111 45.8011666297912 45.9550147692362 46.1088629086812 46.2627110481262 46.4165591875712 46.5704073270162 46.7242554664612 46.9495547294616 47.3892073631286 47.8288599967956 48.2685126304626 48.7081652641295 49.1478178977966 49.5874705314636 50.0271231651305 50.0234563827515 49.8720164616903 49.7205765406291 49.5691366195679 49.4176966985067 49.2662567774455 49.1148168563843 48.9403274854024 48.6966897646586 48.4530520439148 48.209414323171
