data/working_set_collections/6091692-Cassins_Sparrow-MC/2000/bio16.asc
NCOLS 265 
NROWS 230 
XLLCORNER -115.5625 
YLLCORNER 24.8333333333333 
CELLSIZE 0.0833333333333333 
NODATA_value -9999 
[rows 100 to 119 of 230, columns 0 to 45 of 265]
69.556900660197 69.3097179412842 69.0625352223714 68.8153525034586 68.5681697845459 68.3209870656331 68.0738043467203 67.4918851852417 66.7983872095745 66.1048892339071 65.4113912582398 64.7178932825725 64.0243953069052 63.3308973312379 63.7692509333284 67.6031592686966 71.4370676040642 75.2709759394318 79.1048842748001 82.9387926101677 86.7727009455352 90.6066092809035 93.5428737640374 96.1799236297599 98.8169734954829 101.454023361205 104.091073226928 106.728123092651 109.365172958373 112.202943547566 115.642876307169 119.082809066772 122.522741826374 125.962674585978 129.40260734558 132.842540105183 136.282472864786 136.570059585571 135.806864293416 135.043669001261 134.280473709106 133.517278416951 132.754083124796 131.990887832641 130.721907170614 127.935570398966
69.702605565389 69.5311359405518 69.3596663157145 69.1881966908772 69.01672706604 68.8452574412028 68.6737878163655 68.0436031977336 67.2605135811701 66.4774239646064 65.6943343480429 64.9112447314794 64.1281551149157 63.3450654983522 63.7590234332605 67.7641240225893 71.7692246119174 75.7743252012455 79.7794257905743 83.7845263799024 87.7896269692305 91.7947275585592 94.7476779937738 97.3499117109503 99.9521454281273 102.554379145304 105.15661286248 107.758846579657 110.361080296834 113.199818123711 116.74806827969 120.296318435668 123.844568591647 127.392818747626 130.941068903604 134.489319059583 138.037569215562 138.43211072286 137.775416013929 137.118721304999 136.462026596069 135.805331887139 135.148637178209 134.491942469279 133.414076783922 131.072698169284
69.544797897339 69.3878739674887 69.2309500376385 69.0740261077882 68.9171021779379 68.7601782480877 68.6032543182374 67.9961703300478 67.2390329890783 66.4818956481087 65.7247583071392 64.9676209661697 64.2104836252001 63.4533462842307 63.9021258778033 67.968656275007 72.03518667221 76.101717069413 80.1682474666167 84.2347778638197 88.3013082610227 92.3678386582264 95.3240242640173 97.9100949393373 100.496165614658 103.082236289978 105.668306965298 108.254377640618 110.840448315938 113.688643688625 117.323213153415 120.957782618204 124.592352082993 128.226921547783 131.861491012573 135.496060477362 139.130629942152 139.736304982503 139.332348548041 138.92839211358 138.524435679118 138.120479244656 137.716522810194 137.312566375732 136.491983858744 134.421523094177
69.0834776560467 68.8799320220948 68.676386388143 68.4728407541912 68.2692951202394 68.0657494862876 67.8622038523358 67.3495865821841 66.733945433299 66.1183042844138 65.5026631355287 64.8870219866436 64.2713808377584 63.6557396888734 64.1985582669566 68.2167560259496 72.2349537849419 76.2531515439342 80.2713493029272 84.2895470619195 88.3077448209118 92.3259425799047 95.2719125747676 97.8604733149205 100.449034055074 103.037594795227 105.626155535379 108.214716275533 110.803277015686 113.669420242309 117.368310928344 121.067201614379 124.766092300414 128.46498298645 132.163873672485 135.86276435852 139.561655044555 140.482642364502 140.477661895752 140.472681427002 140.467700958252 140.462720489502 140.457740020751 140.452759552001 139.95562839508 137.982045173645
68.6221574147543 68.371990076701 68.1218227386476 67.8716554005942 67.6214880625408 67.3713207244875 67.1211533864341 66.7030028343202 66.2288578775196 65.7547129207188 65.2805679639182 64.8064230071175 64.3322780503167 63.8581330935161 64.49499065611 68.4648557768923 72.4347208976739 76.4045860184554 80.3744511392377 84.3443162600193 88.3141813808008 92.2840465015831 95.219800885518 97.8108516905037 100.40190249549 102.992953300476 105.584004105461 108.175054910448 110.766105715433 113.650196795993 117.413408703274 121.176620610554 124.939832517835 128.703044425116 132.466256332397 136.229468239677 139.992680146959 141.2289797465 141.622975243462 142.016970740424 142.410966237386 142.804961734347 143.198957231309 143.592952728271 143.419272931417 141.542567253113
68.160837173462 67.8640481313071 67.5672590891521 67.2704700469972 66.9736810048422 66.6768919626873 66.3801029205324 66.0564190864564 65.7237703217402 65.3911215570239 65.0584727923076 64.7258240275914 64.393175262875 64.0605264981588 64.7914230452634 68.712955527835 72.6344880104058 76.5560204929767 80.4775529755482 84.399085458119 88.3206179406899 92.2421504232614 95.1676891962683 97.7612300660869 100.354770935906 102.948311805725 105.541852675543 108.135393545362 110.728934415181 113.630973349676 117.458506478203 121.286039606729 125.113572735256 128.941105863783 132.768638992309 136.596172120835 140.423705249362 141.975317128499 142.768288591173 143.561260053846 144.35423151652 145.147202979193 145.940174441867 146.733145904541 146.882917467753 145.10308933258
67.6995169321697 67.3561061859132 67.0126954396568 66.6692846934002 66.3258739471437 65.9824632008872 65.6390524546307 65.4098353385927 65.2186827659608 65.0275301933289 64.8363776206971 64.6452250480652 64.4540724754333 64.2629199028015 65.0878554344168 68.9610552787776 72.8342551231378 76.7074549674979 80.5806548118587 84.4538546562188 88.327054500579 92.2002543449398 95.1155775070186 97.7116084416702 100.307639376322 102.903670310974 105.499701245625 108.095732180277 110.691763114929 113.61174990336 117.503604253133 121.395458602905 125.287312952676 129.179167302449 133.071021652221 136.962876001993 140.854730351765 142.721654510498 143.913601938883 145.105549367268 146.297496795654 147.489444224039 148.681391652425 149.87333908081 150.346562004089 148.663611412048
67.2381966908774 66.8481642405194 66.4581317901613 66.0680993398032 65.6780668894451 65.2880344390871 64.898001988729 64.7632515907289 64.7135952101814 64.663938829634 64.6142824490865 64.5646260685391 64.5149696879917 64.4653133074442 65.3842878235702 69.2091550297203 73.0340222358697 76.8588894420191 80.6837566481692 84.5086238543186 88.333491060468 92.1583582666181 95.0634658177689 97.6619868172534 100.260507816738 102.859028816223 105.457549815707 108.056070815192 110.654591814676 113.592526457044 117.548702028062 121.50487759908 125.461053170097 129.417228741116 133.373404312133 137.329579883151 141.285755454169 143.467991892496 145.058915286593 146.649838680691 148.240762074788 149.831685468885 151.422608862982 153.013532257079 153.810206540425 152.224133491516
65.3604075643755 64.9815339088444 64.6026602533133 64.2237865977821 63.844912942251 63.4660392867199 63.0871656311887 63.1020139376325 63.2481028980681 63.3941918585038 63.5402808189394 63.686369779375 63.8324587398107 63.9785477002463 65.03029407925 68.7990127139618 72.567731348673 76.3364499833842 80.105168618096 83.8738872528071 87.6426058875183 91.4113245222301 94.2795380274452 96.8475831561614 99.4156282848781 101.983673413594 104.551718542311 107.119763671027 109.687808799743 112.613126436869 116.610261599223 120.607396761576 124.604531923929 128.601667086283 132.598802248636 136.59593741099 140.593072573344 142.92958094279 144.712547047933 146.495513153076 148.278479258219 150.061445363362 151.844411468506 153.627377573649 154.619497850207 153.239080641005
62.0661495526638 61.756215190888 61.4462808291123 61.1363464673366 60.8264121055609 60.5164777437852 60.2065433820094 60.4261223793034 60.8222058296207 61.2182892799381 61.6143727302554 62.0104561805727 62.4065396308901 62.8026230812074 64.025874201456 67.730628331502 71.4353824615474 75.1401365915928 78.8448907216388 82.5496448516842 86.2543989817295 89.9591531117755 92.7637941360472 95.2683974583941 97.7730007807414 100.277604103088 102.782207425435 105.286810747782 107.791414070129 110.673549842834 114.688282966614 118.703016090393 122.717749214172 126.732482337952 130.747215461731 134.76194858551 138.776681709289 141.106421661377 142.8744972229 144.642572784424 146.410648345947 148.178723907471 149.946799468994 151.714875030518 152.774435933432 151.708452860515
58.7718915409517 58.5308964729314 58.2899014049111 58.0489063368908 57.8079112688705 57.5669162008502 57.3259211328299 57.750230820974 58.396308761173 59.0423867013722 59.6884646415712 60.3345425817703 60.9806205219694 61.6266984621684 63.021454323662 66.6622439490422 70.3030335744217 73.9438231998013 77.5846128251815 81.2254024505611 84.8661920759407 88.5069817013209 91.248050244649 93.6892117606266 96.1303732766045 98.571534792582 101.01269630856 103.453857824537 105.895019340515 108.733973248799 112.766304334005 116.798635419209 120.830966504414 124.86329758962 128.895628674825 132.927959760029 136.960290845235 139.283262379964 141.036447397868 142.789632415772 144.542817433675 146.296002451579 148.049187469482 149.802372487386 150.929374016656 150.177825080024
55.4776335292396 55.3055777549748 55.1335219807099 54.961466206445 54.7894104321801 54.6173546579153 54.4452988836504 55.0743392626446 55.9704116927254 56.8664841228063 57.762556552887 58.6586289829678 59.5547014130487 60.4507738431295 62.0170344458679 65.5938595665823 69.1706846872961 72.7475098080099 76.3243349287243 79.901160049438 83.4779851701518 87.0548102908662 89.7323063532509 92.1100260628591 94.4877457724676 96.8654654820758 99.243185191684 101.620904901293 103.998624610901 106.794396654764 110.844325701395 114.894254748026 118.944183794657 122.994112841288 127.044041887919 131.093970934549 135.143899981181 137.460103098551 139.198397572835 140.936692047119 142.674986521403 144.413280995687 146.151575469971 147.889869944254 149.084312099881 148.647197299534
52.1833755175278 52.0802590370184 51.9771425565089 51.8740260759995 51.77090959549 51.6677931149806 51.5646766344711 52.3984477043155 53.5445146242779 54.6905815442406 55.836648464203 56.9827153841655 58.1287823041281 59.2748492240906 61.0126145680739 64.5254751841225 68.0383358001705 71.5511964162185 75.0640570322671 78.5769176483151 82.089778264363 85.6026388804116 88.2165624618529 90.5308403650917 92.8451182683309 95.1593961715697 97.4736740748085 99.7879519780478 102.102229881287 104.854820060729 108.922347068786 112.989874076843 117.057401084899 121.124928092956 125.192455101013 129.259982109069 133.327509117126 135.636943817139 137.360347747803 139.083751678467 140.807155609131 142.530559539795 144.253963470459 145.977367401123 147.239250183106 147.116569519043
48.8891175058158 48.8549403190617 48.8207631323077 48.7865859455537 48.7524087587997 48.7182315720457 48.6840543852916 49.7225561459861 51.1186175558302 52.5146789656747 53.9107403755188 55.306801785363 56.7028631952074 58.0989246050516 60.0081946902799 63.4570908016626 66.9059869130448 70.354883024427 73.8037791358098 77.252675247192 80.7015713585742 84.150467469957 86.7008185704547 88.9516546673242 91.202490764194 93.4533268610635 95.704162957933 97.9549990548028 100.205835151672 102.915243466695 107.000368436177 111.08549340566 115.170618375142 119.255743344625 123.340868314107 127.425993283589 131.511118253072 133.813784535726 135.52229792277 137.230811309814 138.939324696859 140.647838083903 142.356351470947 144.064864857992 145.39418826633 145.585941738553
46.5632202890186 46.5172292391461 46.4712381892736 46.4252471394011 46.3792560895286 46.3332650396561 46.2872739897836 47.4382049878438 48.9881100018818 50.53801501592 52.087920029958 53.637825043996 55.1877300580343 56.7376350720723 58.7417484495369 62.1084869172836 65.4752253850297 68.8419638527759 72.2087023205226 75.5754407882687 78.9421792560148 82.3089177237616 84.7496501922606 86.8817139943439 89.0137777964275 91.1458415985107 93.2779054005939 95.4099692026775 97.5420330047608 100.130043347676 104.08589331309 108.041743278503 111.997593243916 115.95344320933 119.909293174744 123.865143140157 127.820993105571 130.08329372406 131.781077893575 133.47886206309 135.176646232605 136.87443040212 138.572214571635 140.26999874115 141.664262453716 142.147964795431
45.2056838671369 45.067125797272 44.9285677274071 44.7900096575422 44.6514515876773 44.5128935178124 44.3743354479475 45.545394229889 47.1529919624328 48.7605896949769 50.3681874275208 51.9757851600646 53.5833828926087 55.1909806251526 57.2132758458451 60.4796635309854 63.7460512161252 67.012438901265 70.2788265864054 73.5452142715452 76.811601956685 80.0779896418254 82.3630573272706 84.3210183461507 86.2789793650312 88.2369403839113 90.1949014027914 92.1528624216719 94.110823440552 96.4992197036741 100.178921699524 103.858623695374 107.538325691223 111.218027687073 114.897729682923 118.577431678772 122.257133674622 124.445471382142 126.136687660218 127.827903938294 129.51912021637 131.210336494446 132.901552772523 134.592769050599 136.04947274526 136.802638689678
43.8481474452551 43.6170223553978 43.3858972655405 43.1547721756832 42.9236470858259 42.6925219959686 42.4613969061113 43.652583471934 45.3178739229837 46.9831643740337 48.6484548250834 50.3137452761331 51.9790357271831 53.6443261782328 55.6848032421531 58.8508401446871 62.0168770472206 65.182913949754 68.348950852288 71.5149877548215 74.681024657355 77.847061559889 79.9764644622803 81.7603226979573 83.5441809336346 85.3280391693116 87.1118974049886 88.895755640666 90.679613876343 92.8683960596718 96.271950085958 99.6755041122437 103.079058138529 106.482612164816 109.886166191101 113.289720217387 116.693274243673 118.807649040223 120.49229742686 122.176945813498 123.861594200135 125.546242586772 127.23089097341 128.915539360047 130.434683036805 131.457312583924
42.4906110233733 42.1669189135236 41.8432268036739 41.5195346938241 41.1958425839745 40.8721504741248 40.548458364275 41.759772713979 43.4827558835346 45.2057390530904 46.928722222646 48.6517053922015 50.3746885617574 52.097671731313 54.1563306384611 57.2220167583888 60.2877028783159 63.3533889982431 66.4190751181707 69.4847612380979 72.550447358025 75.6161334779526 77.58987159729 79.1996270497639 80.8093825022381 82.419137954712 84.0288934071859 85.63864885966 87.2484043121339 89.2375724156695 92.3649784723919 95.4923845291137 98.6197905858356 101.747196642558 104.87460269928 108.002008756002 111.129414812724 113.169826698304 114.847907193502 116.525987688701 118.204068183899 119.882148679098 121.560229174297 123.238309669495 124.819893328349 126.11198647817
41.1330746014916 40.7168154716495 40.3005563418074 39.8842972119652 39.4680380821232 39.0517789522811 38.6355198224389 39.8669619560242 41.6476378440856 43.4283137321473 45.2089896202087 46.9896655082701 48.7703413963319 50.5510172843933 52.6278580347693 55.5931933720906 58.5585287094114 61.5238640467322 64.4891993840535 67.4545347213744 70.4198700586952 73.3852053960165 75.2032787323 76.6389314015708 78.0745840708418 79.5102367401126 80.9458894093833 82.3815420786544 83.8171947479252 85.6067487716674 88.458006858826 91.3092649459841 94.1605230331422 97.0117811203008 99.8630392074589 102.714297294617 105.565555381776 107.532004356385 109.203516960145 110.875029563905 112.546542167664 114.218054771424 115.889567375184 117.561079978944 119.205103619894 120.766660372417
39.7755381796098 39.2667120297753 38.7578858799408 38.2490597301062 37.7402335802717 37.2314074304373 36.7225812806027 37.9741511980692 39.8125198046365 41.6508884112041 43.4892570177713 45.3276256243386 47.1659942309062 49.0043628374735 51.0993854310773 53.9643699857923 56.8293545405068 59.6943390952212 62.5593236499362 65.4243082046507 68.2892927593652 71.1542773140801 72.8166858673097 74.0782357533774 75.3397856394452 76.6013355255129 77.8628854115805 79.1244352976484 80.3859851837161 81.9759251276651 84.5510352452599 87.1261453628542 89.7012554804485 92.2763655980432 94.8514757156375 97.4265858332318 100.001695950827 101.894182014466 103.559126726787 105.224071439108 106.889016151429 108.55396086375 110.218905576071 111.883850288392 113.590313911438 115.421334266663
