data/working_set_collections/6091692-Cassins_Sparrow-MC/2000/bio18.asc
NCOLS 265 
NROWS 230 
XLLCORNER -115.5625 
YLLCORNER 24.8333333333333 
CELLSIZE 0.0833333333333333 
NODATA_value -9999 
[rows 200 to 219 of 230, columns 92 to 137 of 265]
446.94405339559 443.968236541749 440.992419687907 438.016602834066 435.040785980225 424.415074666343 411.239398532446 398.063722398547 384.88804626465 371.712370130753 358.536693996854 345.361017862957 332.985554631553 323.010730107626 313.0359055837 303.061081059775 293.086256535848 283.111432011923 273.136607487998 263.161782964071 252.326809310914 241.205119281347 230.083429251778 218.961739222211 207.840049192643 196.718359163074 185.596669133507 176.614887534249 174.052831225926 171.490774917604 168.928718609281 166.366662300959 163.804605992636 161.242549684314 158.680493375991 157.10182393392 155.850950113933 154.600076293946 153.349202473959 152.098328653972 150.847454833985 149.596581013998 148.393007320829 147.331334008112 146.269660695394 145.207987382677
444.222541046144 442.013759104411 439.80497716268 437.596195220948 435.387413279216 425.395606486005 412.809458075632 400.223309665257 387.637161254884 375.051012844512 362.464864434137 349.878716023764 337.977251052858 328.12983640035 318.282421747844 308.435007095338 298.58759244283 288.740177790324 278.892763137819 269.045348485311 257.102855300905 244.462002605864 231.821149910822 219.180297215782 206.539444520742 193.898591825699 181.257739130659 171.173130755956 168.757255342273 166.34137992859 163.925504514908 161.509629101225 159.093753687542 156.677878273859 154.262002860177 152.733637491863 151.50110880534 150.268580118816 149.036051432293 147.803522745769 146.570994059246 145.338465372722 144.305678388808 143.872116512723 143.438554636638 143.004992760553
441.501028696697 440.059281667074 438.617534637452 437.175787607829 435.734040578207 426.376138305666 414.379517618818 402.382896931967 390.386276245119 378.38965555827 366.39303487142 354.396414184572 342.968947474163 333.248942693075 323.528937911988 313.808933130901 304.088928349813 294.368923568726 284.64891878764 274.928914006551 261.878901290895 247.718885930382 233.558870569866 219.398855209353 205.23883984884 191.078824488324 176.918809127811 165.731373977663 163.46167945862 161.191984939576 158.922290420534 156.652595901491 154.382901382447 152.113206863405 149.843512344362 148.365451049806 147.151267496746 145.937083943686 144.722900390626 143.508716837566 142.294533284506 141.080349731446 140.218349456788 140.412899017335 140.607448577881 140.801998138428
438.77951634725 438.104804229737 437.430092112224 436.75537999471 436.080667877197 427.356670125327 415.949577162003 404.542484198677 393.135391235353 381.728298272029 370.321205308703 358.914112345379 347.960643895469 338.3680489858 328.775454076132 319.182859166465 309.590264256796 299.997669347128 290.405074437461 280.812479527792 266.654947280886 250.9757692549 235.29659122891 219.617413202924 203.938235176938 188.259057150949 172.579879124963 160.289617199369 158.166103574966 156.042589950563 153.91907632616 151.795562701756 149.672049077353 147.54853545295 145.425021828547 143.997264607748 142.801426188152 141.605587768556 140.409749348959 139.213910929363 138.018072509767 136.82223409017 136.131020524767 136.953681521946 137.776342519125 138.599003516303
429.32648561266 431.498284996882 433.670084381104 435.841883765326 438.013683149549 430.47818628947 419.706924014623 408.935661739773 398.164399464926 387.393137190078 376.621874915228 365.850612640381 355.054768202041 344.18517727322 333.315586344402 322.445995415584 311.576404486764 300.706813557945 289.837222629127 278.967631700307 264.595905049646 249.056799825038 233.517694600426 217.978589375817 202.439484151208 186.900378926597 171.361273701988 159.198450385199 157.164472791884 155.130495198567 153.096517605252 151.062540011936 149.028562418619 146.994584825304 144.960607231988 143.537896728515 142.318941921658 141.0999871148 139.881032307942 138.662077501085 137.443122694227 136.224167887369 135.547632853189 136.498357137043 137.449081420898 138.399805704752
413.141936492921 420.239723968507 427.337511444092 434.435298919676 441.533086395262 435.740686798097 425.651558176678 415.562429555257 405.473300933838 395.38417231242 385.295043690999 375.20591506958 364.251320393882 350.700327555339 337.149334716799 323.598341878258 310.047349039715 296.496356201175 282.945363362634 269.394370524092 255.701774597172 241.961977640792 228.22218068441 214.48238372803 200.742586771651 187.002789815268 173.262992858889 162.457873535156 160.456787109375 158.455700683594 156.454614257812 154.453527832031 152.45244140625 150.451354980469 148.450268554687 146.987347412109 145.703814697265 144.420281982422 143.136749267578 141.853216552734 140.56968383789 139.286151123047 138.468186442057 139.04692586263 139.625665283203 140.204404703776
396.957387373182 408.981162940132 421.004938507079 433.028714074026 445.052489640976 441.003187306723 431.596192338733 422.189197370741 412.782202402751 403.375207434761 393.96821246677 384.56121749878 373.447872585723 357.215477837458 340.983083089195 324.750688340932 308.518293592667 292.285898844404 276.053504096142 259.821109347876 246.807644144697 234.867155456547 222.926666768394 210.986178080243 199.045689392093 187.10520070394 175.16471201579 165.717296685113 163.749101426866 161.78090616862 159.812710910373 157.844515652127 155.87632039388 153.908125135634 151.939929877387 150.436798095703 149.088687472873 147.740576850043 146.392466227213 145.044355604384 143.696244981554 142.348134358724 141.388740030924 141.595494588216 141.802249145507 142.009003702799
380.772838253444 397.722601911757 414.672365570067 431.622129228376 448.571892886689 446.265687815349 437.540826500787 428.815965186225 420.091103871663 411.366242557102 402.641381242539 393.916519927978 382.644424777563 363.730628119575 344.816831461591 325.903034803607 306.989238145619 288.075441487634 269.16164482965 250.247848171662 237.913513692224 227.772333272302 217.631152852379 207.489972432457 197.348792012535 187.207611592612 177.06643117269 168.976719835069 167.041415744358 165.106111653645 163.170807562934 161.235503472222 159.30019938151 157.364895290798 155.429591200087 153.886248779296 152.473560248481 151.060871717665 149.648183186849 148.235494656033 146.822806125217 145.410117594401 144.309293619791 144.144063313802 143.978833007812 143.813602701823
364.588289133705 386.464040883382 408.339792633054 430.215544382726 452.091296132403 451.528188323975 443.485460662843 435.442733001709 427.400005340576 419.357277679444 411.31455001831 403.271822357177 391.840976969404 370.245778401694 348.650579833987 327.055381266281 305.46018269857 283.864984130864 262.269785563157 240.674586995447 229.019383239749 220.677511088056 212.335638936363 203.99376678467 195.651894632977 187.310022481283 178.968150329591 172.236142985026 170.333730061849 168.431317138672 166.528904215495 164.626491292318 162.72407836914 160.821665445963 158.919252522786 157.33569946289 155.858433024088 154.381166585286 152.903900146484 151.426633707682 149.94936726888 148.472100830078 147.229847208658 146.692632039388 146.155416870117 145.618201700846
348.403740013966 375.205479855006 402.007219696041 428.808959537076 455.610699378116 456.790688832601 449.430094824898 442.069500817193 434.708906809489 427.348312801786 419.987718794081 412.627124786377 401.037529161246 376.760928683813 352.484328206384 328.207727728955 303.931127251522 279.654526774093 255.377926296665 231.101325819232 220.125252787275 213.582688903811 207.040125020347 200.497561136883 193.95499725342 187.412433369955 180.869869486492 175.495566134983 173.62604437934 171.756522623698 169.887000868056 168.017479112413 166.147957356771 164.278435601128 162.408913845486 160.785150146484 159.243305799696 157.701461452908 156.15961710612 154.617772759332 153.075928412543 151.534084065755 150.150400797526 149.241200764974 148.332000732422 147.42280069987
338.190561506477 368.105344560408 398.020127614334 427.93491066826 457.849693722192 460.566895802816 454.218237559001 447.869579315185 441.52092107137 435.172262827555 428.823604583739 422.474946339924 411.180095079214 385.046664767796 358.913234456383 332.77980414497 306.646373833552 280.512943522139 254.379513210725 228.246082899308 217.426798248291 211.712228817411 205.997659386529 200.283089955648 194.568520524767 188.853951093886 183.139381663005 178.391327285767 176.542818069458 174.694308853149 172.845799636841 170.997290420532 169.148781204223 167.300271987915 165.451762771606 163.779619725545 162.1662654029 160.552911080254 158.939556757609 157.326202434964 155.712848112318 154.099493789673 152.508312712775 150.983651373122 149.458990033468 147.934328693814
333.94875361124 365.16363499959 396.378516387934 427.593397776279 458.808279164628 462.85680923462 457.849888865154 452.842968495687 447.83604812622 442.829127756754 437.822207387287 432.815287017821 422.268674723312 395.102986653647 367.937298583988 340.771610514328 313.605922444663 286.440234375004 259.274546305344 232.10885823568 220.924019622803 215.066130828858 209.208242034912 203.350353240967 197.492464447022 191.634575653076 185.776686859131 180.923426437378 179.084051132202 177.244675827026 175.405300521851 173.565925216675 171.726549911499 169.887174606323 168.047799301148 166.319108200073 164.627311833699 162.935515467326 161.243719100952 159.551922734578 157.860126368205 156.168330001831 154.303582954407 151.919983863831 149.536384773255 147.152785682679
329.706945716003 362.221925438772 394.736905161534 427.251884884297 459.766864607065 465.146722666423 461.481540171306 457.816357676188 454.151175181071 450.485992685954 446.820810190836 443.155627695719 433.357254367409 405.159308539498 376.961362711592 348.763416883686 320.565471055775 292.367525227869 264.169579399962 235.971633572051 224.421240997315 218.420032840306 212.418824683296 206.417616526286 200.416408369277 194.415200212267 188.413992055258 183.455525588989 181.625284194946 179.795042800903 177.96480140686 176.134560012818 174.304318618774 172.474077224732 170.643835830689 168.858596674601 167.088358264499 165.318119854397 163.547881444295 161.777643034193 160.007404624091 158.237166213989 156.098853196039 152.85631635454 149.613779513042 146.371242671544
325.465137820766 359.280215877953 393.095293935134 426.910371992316 460.725450049502 467.436636098226 465.113191477458 462.789746856689 460.466302235921 458.142857615153 455.819412994384 453.495968373616 444.445834011507 415.215630425349 385.985426839197 356.755223253044 327.525019666886 298.294816080734 269.064612494581 239.834408908423 227.918462371827 221.773934851753 215.629407331679 209.484879811606 203.340352291532 197.195824771458 191.051297251384 185.987624740601 184.166517257691 182.34540977478 180.52430229187 178.70319480896 176.88208732605 175.06097984314 173.23987236023 171.398085149129 169.549404695299 167.700724241469 165.852043787638 164.003363333808 162.154682879978 160.306002426148 157.89412343767 153.79264884525 149.691174252829 145.589699660408
321.22332992553 356.338506317135 391.453682708735 426.568859100334 461.684035491939 469.726549530029 468.74484278361 467.76313603719 466.781429290771 465.799722544351 464.818015797932 463.836309051512 455.534413655604 425.2719523112 395.0094909668 364.747029622401 334.484568277997 304.222106933598 273.959645589199 243.697184244794 231.415683746338 225.127836863201 218.839989980062 212.552143096924 206.264296213787 199.976449330648 193.68860244751 188.519723892212 186.707750320435 184.895776748657 183.08380317688 181.271829605103 179.459856033325 177.647882461548 175.835908889771 173.937573623657 172.010451126099 170.08332862854 168.156206130981 166.229083633423 164.301961135864 162.374838638306 159.689393679302 154.728981335959 149.768568992616 144.808156649273
316.981522030293 353.396796756317 389.812071482335 426.227346208352 462.642620934376 472.016462961832 472.376494089761 472.736525217691 473.09655634562 473.45658747355 473.816618601479 474.176649729408 466.622993299701 435.32827419705 404.033555094404 372.738835991759 341.444116889108 310.149397786462 278.854678683817 247.559959581166 234.91290512085 228.481738874648 222.050572628445 215.619406382243 209.188240136041 202.757073889838 196.325907643637 191.051823043823 189.248983383179 187.446143722534 185.643304061889 183.840464401245 182.0376247406 180.234785079956 178.431945419311 176.477062098185 174.471497556898 172.465933015611 170.460368474324 168.454803933038 166.449239391751 164.443674850464 161.484663920933 155.665313826668 149.845963732402 144.026613638138
311.08910060458 344.463907157048 377.83871370951 411.213520261972 444.58832681444 455.796946334842 459.616836844553 463.436727354264 467.256617863974 471.076508373685 474.896398883396 478.716289393107 473.633172437887 441.84103308784 410.048893737798 378.256754387756 346.464615037709 314.672475687668 282.880336337626 251.088196987579 238.284814961752 231.811018710667 225.337222459582 218.863426208497 212.389629957412 205.915833706326 199.442037455242 194.133094914754 192.318713506063 190.504332097371 188.68995068868 186.875569279989 185.061187871297 183.246806462606 181.432425053914 179.409581756592 177.317251163059 175.224920569526 173.132589975993 171.04025938246 168.947928788927 166.855598195394 163.705060746936 157.379902733698 151.05474472046 144.729586707222
303.546065648392 329.539837519327 355.533609390258 381.527381261189 407.521153132124 421.067999649052 430.465871047976 439.863742446902 449.261613845827 458.659485244751 468.057356643677 477.455228042601 476.564951070156 444.810228983564 413.055506896978 381.300784810391 349.546062723799 317.791340637212 286.036618550625 254.281896464033 241.531413269043 235.115676371257 228.69993947347 222.284202575684 215.868465677898 209.452728780111 203.036991882325 197.763539505005 195.916940689087 194.070341873169 192.223743057251 190.377144241333 188.530545425415 186.683946609497 184.837347793579 182.735132598877 180.54771194458 178.360291290283 176.172870635986 173.985449981689 171.798029327393 169.610608673096 166.350584157309 159.872748057049 153.394911956788 146.917075856528
296.003030692204 314.615767881607 333.228505071006 351.841242260406 370.453979449808 386.339052963262 401.3149052514 416.290757539541 431.266609827679 446.242462115817 461.218314403958 476.194166692096 479.496729702426 447.779424879289 416.062120056157 384.344815233025 352.627510409888 320.910205586756 289.192900763624 257.475595940487 244.778011576335 238.420334031847 232.062656487359 225.704978942871 219.347301398384 212.989623853895 206.631946309408 201.393984095255 199.515167872111 197.636351648966 195.757535425822 193.878719202677 191.999902979532 190.121086756388 188.242270533244 186.060683441162 183.778172726101 181.495662011041 179.21315129598 176.930640580919 174.648129865858 172.365619150797 168.996107567682 162.3655933804 155.735079193116 149.104565005833
288.459995736014 299.691698243883 310.92340075175 322.155103259617 333.386805767486 351.610106277466 372.163939454819 392.717772632175 413.271605809528 433.825438986881 454.379272164237 474.93310534159 482.428508334697 450.748620775014 419.068733215337 387.38884565566 355.708958095978 324.029070536301 292.349182976624 260.669295416941 248.024609883627 241.724991692438 235.425373501248 229.125755310059 222.82613711887 216.52651892768 210.226900736492 205.024428685506 203.113395055135 201.202361424764 199.291327794393 197.380294164022 195.469260533651 193.55822690328 191.647193272909 189.386234283447 187.008633507623 184.631032731798 182.253431955973 179.875831180149 177.498230404324 175.120629628499 171.641630978056 164.858438703751 158.075246429444 151.292054155139
