data/working_set_collections/6091692-Cassins_Sparrow-MC/2000/bio13.asc
NCOLS 265 
NROWS 230 
XLLCORNER -115.5625 
YLLCORNER 24.8333333333333 
CELLSIZE 0.0833333333333333 
NODATA_value -9999 
[rows 100 to 119 of 230, columns 138 to 183 of 265]
62.2488997777304 61.9722299575807 61.695560137431 61.4188903172813 62.4428078651427 63.9002545356748 65.357701206207 66.8151478767394 68.2725945472715 69.7300412178037 71.187487888336 72.7538400650021 74.6469087600703 76.5399774551389 78.4330461502071 80.3261148452754 82.2191835403439 84.1122522354121 86.0053209304804 88.0376651763912 90.1164346059158 92.1952040354404 94.2739734649654 96.35274289449 98.4315123240146 100.51028175354 102.471159362793 104.07836151123 105.685563659668 107.292765808105 108.899967956543 110.50717010498 112.114372253418 113.721574401855 114.779967880249 115.655425135295 116.53088239034 117.406339645386 118.281796900431 119.157254155477 120.032711410522 120.742325592041 120.954410552978 121.166495513916 121.378580474853 121.590665435791
61.9476629257204 61.5807099024456 61.2137568791709 60.8468038558962 61.8332535107929 63.2708373917471 64.7084212727014 66.1460051536558 67.5835890346101 69.0211729155643 70.4587567965188 72.0459611468841 74.0820269054832 76.1180926640826 78.1541584226816 80.1902241812806 82.22628993988 84.2623556984791 86.2984214570781 88.3905239105221 90.5013052622472 92.6120866139723 94.7228679656978 96.833649317423 98.9444306691481 101.055212020874 102.9913998074 104.403806898329 105.816213989258 107.228621080186 108.641028171115 110.053435262044 111.465842352973 112.878249443902 113.991559727987 115.005171076457 116.018782424927 117.032393773397 118.046005121867 119.059616470337 120.073227818807 120.894614240858 121.139325883653 121.384037526449 121.628749169244 121.873460812039
61.4712971051536 61.1650245984396 60.8587520917258 60.5524795850119 61.5754608154294 63.0415266248911 64.5075924343529 65.9736582438148 67.4397240532765 68.9057898627382 70.3718556722002 72.0068913777664 74.1488367716464 76.2907821655269 78.432727559407 80.5746729532871 82.7166183471675 84.8585637410476 87.0005091349277 89.1292247136429 91.2535303539694 93.3778359942959 95.5021416346227 97.6264472749492 99.7507529152757 101.875058555603 103.787069045172 105.062194082472 106.337319119771 107.61244415707 108.887569194369 110.162694231669 111.437819268968 112.712944306267 113.847545305888 114.935304959615 116.023064613342 117.110824267069 118.198583920796 119.286343574524 120.374103228251 121.251048321194 121.495549731784 121.740051142375 121.984552552965 122.229053963555
60.81980231603 60.7251740455628 60.6305457750957 60.5359175046285 61.6694297790525 63.212322235107 64.7552146911616 66.2981071472165 67.8409996032711 69.3838920593256 70.9267845153805 72.6366307576491 74.8473383585604 77.0580459594721 79.2687535603835 81.4794611612948 83.6901687622065 85.9008763631178 88.1115839640291 90.2537675857538 92.3731098810825 94.4924521764111 96.6117944717402 98.7311367670688 100.850479062397 102.969821357727 104.85816707611 106.053523063659 107.248879051208 108.444235038757 109.639591026306 110.834947013855 112.030303001403 113.225658988952 114.347924613952 115.445826784769 116.543728955586 117.641631126404 118.739533297221 119.837435468038 120.935337638855 121.811627833048 122.023082097371 122.234536361694 122.445990626017 122.65744489034
60.1683075269064 60.285323492686 60.4023394584656 60.5193554242452 61.7633987426755 63.383117845323 65.0028369479704 66.6225560506182 68.2422751532656 69.8619942559131 71.4817133585608 73.2663701375319 75.5458399454745 77.8253097534175 80.10477956136 82.3842493693026 84.6637191772456 86.9431889851881 89.2226587931307 91.3783104578649 93.4926894081957 95.6070683585265 97.7214473088577 99.8358262591886 101.950205209519 104.064584159851 105.929265107048 107.044852044847 108.160438982645 109.276025920444 110.391612858242 111.507199796041 112.622786733839 113.738373671637 114.848303922017 115.956348609924 117.064393297831 118.172437985738 119.280482673645 120.388527361552 121.496572049459 122.372207344903 122.550614462958 122.729021581014 122.907428699069 123.085835817125
59.5168127377828 59.8454729398092 60.1741331418355 60.5027933438618 61.8573677062985 63.5539134555389 65.2504592047792 66.9470049540199 68.6435507032602 70.3400964525005 72.0366422017412 73.8961095174148 76.2443415323886 78.5925735473628 80.9408055623366 83.2890375773104 85.6372695922847 87.9855016072585 90.3337336222323 92.5028533299759 94.6122689353089 96.7216845406419 98.8311001459753 100.940515751308 103.049931356641 105.159346961975 107.000363137987 108.036181026034 109.071998914083 110.10781680213 111.143634690178 112.179452578226 113.215270466274 114.251088354322 115.348683230082 116.466870435079 117.585057640075 118.703244845072 119.821432050069 120.939619255066 122.057806460062 122.932786856757 123.078146828545 123.223506800334 123.368866772122 123.51422674391
58.8653179486592 59.4056223869324 59.9459268252054 60.4862312634784 61.9513366699216 63.7247090657548 65.498081461588 67.2714538574215 69.0448262532547 70.818198649088 72.5915710449215 74.5258488972975 76.9428431193026 79.3598373413081 81.7768315633131 84.1938257853182 86.6108200073237 89.0278142293287 91.4448084513338 93.6273962020869 95.731848462422 97.8363007227572 99.9407529830927 102.045205243428 104.149657503763 106.254109764099 108.071461168925 109.027510007222 109.98355884552 110.939607683817 111.895656522115 112.851705360412 113.80775419871 114.763803037007 115.849062538147 116.977392260233 118.10572198232 119.234051704406 120.362381426493 121.49071114858 122.619040870666 123.493366368612 123.605679194132 123.717992019653 123.830304845174 123.942617670695
58.2138231595356 58.9657718340555 59.7177205085753 60.4696691830951 62.0453056335446 63.8955046759707 65.7457037183968 67.5959027608232 69.4461018032493 71.2963008456754 73.1464998881018 75.1555882771803 77.6413447062166 80.1271011352534 82.6128575642897 85.098613993326 87.5843704223627 90.070126851399 92.5558832804354 94.7519390741979 96.8514279895352 98.9509169048726 101.05040582021 103.149894735548 105.249383650885 107.348872566223 109.142559199863 110.01883898841 110.895118776957 111.771398565504 112.647678354051 113.523958142598 114.400237931145 115.276517719692 116.349441846211 117.487914085388 118.626386324564 119.764858563741 120.903330802917 122.041803042094 123.18027528127 124.053945880466 124.133211559719 124.212477238973 124.291742918226 124.37100859748
58.0269903182981 58.8800082524616 59.7330261866249 60.5860441207883 62.2280313491818 64.1330083423186 66.0379853354554 67.9429623285926 69.8479393217294 71.7529163148662 73.6578933080034 75.7157548480557 78.2322700288553 80.7487852096553 83.2653003904548 85.7818155712544 88.2983307520544 90.8148459328539 93.3313611136535 95.5301806131995 97.623101552327 99.7160224914544 101.808943430582 103.90186436971 105.994785308837 108.087706247965 109.864506848653 110.692946434021 111.521386019389 112.349825604756 113.178265190124 114.006704775492 114.83514436086 115.663583946228 116.731571833292 117.879409154256 119.027246475219 120.175083796183 121.322921117147 122.47075843811 123.618595759074 124.491860156589 124.541405783759 124.590951410929 124.640497038099 124.69004266527
58.3048194249468 59.1483316421507 59.9918438593544 60.8353560765581 62.4995138168331 64.4372200647985 66.3749263127639 68.3126325607296 70.250338808695 72.1880450566603 74.125751304626 76.2063486099237 78.7156190872184 81.2248895645137 83.7341600418084 86.2434305191032 88.7527009963984 91.2619714736932 93.771241950988 95.9621208190914 98.046869150797 100.131617482503 102.216365814209 104.301114145914 106.38586247762 108.470610809326 110.237304115295 111.049832344055 111.862360572815 112.674888801574 113.487417030334 114.299945259094 115.112473487854 115.925001716613 116.995452499389 118.151877466837 119.308302434285 120.464727401733 121.621152369181 122.777577336629 123.934002304077 124.807109196981 124.830261866252 124.853414535522 124.876567204793 124.899719874064
58.5826485315956 59.4166550318398 60.2506615320839 61.084668032328 62.7709962844845 64.7414317872784 66.7118672900724 68.6823027928666 70.6527382956606 72.6231737984545 74.5936093012488 76.6969423717916 79.1989681455816 81.700993919372 84.2030196931621 86.7050454669521 89.2070712407425 91.7090970145325 94.2111227883225 96.3940610249833 98.470636749267 100.547212473551 102.623788197835 104.700363922119 106.776939646402 108.853515370686 110.610101381937 111.406718254089 112.203335126241 112.999951998393 113.796568870544 114.593185742696 115.389802614848 116.186419486999 117.259333165486 118.424345779419 119.589358393351 120.754371007283 121.919383621216 123.084396235148 124.24940884908 125.122358237372 125.119117948744 125.115877660116 125.112637371487 125.109397082859
58.8604776382444 59.684978421529 60.5094792048134 61.3339799880979 63.0424787521359 65.0456435097583 67.0488082673808 69.0519730250037 71.0551377826262 73.0583025402487 75.0614672978715 77.1875361336596 79.6823172039448 82.1770982742305 84.6718793445157 87.1666604148009 89.6614414850866 92.1562225553718 94.6510036256571 96.8260012308752 98.8944043477371 100.962807464599 103.031210581461 105.099613698323 107.168016815185 109.236419932047 110.98289864858 111.763604164123 112.544309679667 113.325015195211 114.105720710754 114.886426226298 115.667131741841 116.447837257385 117.523213831583 118.696814092 119.870414352417 121.044014612833 122.21761487325 123.391215133667 124.564815394083 125.437607277764 125.407974031236 125.378340784709 125.348707538181 125.319074291653
59.1383067448931 59.9533018112181 60.7682968775429 61.5832919438677 63.3139612197872 65.3498552322383 67.3857492446893 69.4216432571407 71.4575372695917 73.4934312820428 75.5293252944942 77.6781298955275 80.165666262308 82.6532026290889 85.1407389958693 87.6282753626498 90.1158117294306 92.6033480962111 95.0908844629916 97.2579414367672 99.3181719462071 101.378402455647 103.438632965087 105.498863474527 107.559093983967 109.619324493408 111.355695915222 112.120490074157 112.885284233093 113.650078392029 114.414872550964 115.1796667099 115.944460868835 116.709255027771 117.78709449768 118.969282404581 120.151470311482 121.333658218384 122.515846125285 123.698034032185 124.880221939087 125.752856318156 125.696830113729 125.640803909302 125.584777704875 125.528751500448
59.4161358515419 60.2216252009072 61.0271145502724 61.8326038996376 63.5854436874386 65.6540669547182 67.7226902219978 69.7913134892778 71.8599367565574 73.928560023837 75.9971832911169 78.1687236573955 80.6490153206712 83.1293069839473 85.609598647223 88.0898903104986 90.5701819737747 93.0504736370504 95.5307653003261 97.6898816426591 99.7419395446772 101.793997446695 103.846055348714 105.898113250732 107.95017115275 110.002229054768 111.728493181864 112.477375984192 113.226258786519 113.975141588847 114.724024391174 115.472907193502 116.221789995829 116.970672798156 118.050975163777 119.241750717163 120.432526270548 121.623301823934 122.814077377319 124.004852930704 125.19562848409 126.068105358548 125.985686196221 125.903267033895 125.820847871568 125.738428709242
59.3527456495495 60.2145352681477 61.0763248867457 61.9381145053437 63.7025794982907 65.7679362826873 67.8332930670838 69.8986498514808 71.9640066358774 74.029363420274 76.0947202046709 78.25494096544 80.699753655327 83.1445663452145 85.5893790351015 88.0341917249885 90.479004414876 92.923817104763 95.36862979465 97.4995152791339 99.525758361816 101.552001444498 103.578244527181 105.604487609863 107.630730692545 109.656973775228 111.355693266127 112.071841981676 112.787990697225 113.504139412774 114.220288128323 114.936436843872 115.652585559421 116.36873427497 117.460367266337 118.677161682976 119.893956099616 121.110750516256 122.327544932895 123.544339349535 124.761133766174 125.661864556207 125.614404466417 125.566944376628 125.519484286838 125.472024197049
58.9481361389158 59.9320320129393 60.9159278869627 61.899823760986 63.6653686523434 65.6914632161454 67.7175577799474 69.7436523437497 71.7697469075516 73.7958414713536 75.821936035156 77.936781819661 80.3178812662754 82.6989807128903 85.0800801595047 87.4611796061192 89.8422790527341 92.2233784993485 94.604477945963 96.6868423461912 98.6696283976234 100.652414449056 102.635200500488 104.61798655192 106.600772603352 108.583558654785 110.237296168009 110.90388806661 111.57047996521 112.23707186381 112.903663762411 113.570255661011 114.236847559611 114.903439458211 116.015270805359 117.275515302022 118.535759798686 119.796004295349 121.056248792012 122.316493288676 123.576737785339 124.534133911133 124.582984924317 124.6318359375 124.680686950684 124.729537963867
58.5435266282821 59.649528757731 60.7555308871797 61.8615330166284 63.6281578063961 65.6149901496035 67.6018224928109 69.5886548360186 71.5754871792259 73.5623195224333 75.549151865641 77.6186226738819 79.9360088772238 82.2533950805661 84.570781283908 86.8881674872499 89.2055536905921 91.522939893934 93.8403260972759 95.8741694132485 97.8134984334307 99.7528274536129 101.692156473795 103.631485493978 105.57081451416 107.510143534342 109.118899069892 109.735934151544 110.352969233195 110.970004314846 111.587039396498 112.20407447815 112.821109559801 113.438144641452 114.570174344381 115.873868921068 117.177563497755 118.481258074443 119.78495265113 121.088647227817 122.392341804504 123.406403266059 123.551565382216 123.696727498372 123.841889614529 123.987051730686
58.1389171176483 59.3670255025226 60.5951338873967 61.8232422722707 63.5909469604489 65.5385170830616 67.4860872056744 69.4336573282874 71.3812274509002 73.3287975735129 75.276367696126 77.3004635281028 79.5541364881721 81.8078094482418 84.0614824083112 86.3151553683805 88.5688283284502 90.8225012885195 93.0761742485888 95.0614964803058 96.9573684692379 98.8532404581701 100.749112447103 102.644984436035 104.540856424967 106.4367284139 108.000501971775 108.567980236477 109.13545850118 109.702936765883 110.270415030585 110.837893295288 111.405371559991 111.972849824693 113.125077883402 114.472222540114 115.819367196825 117.166511853536 118.513656510247 119.860801166958 121.207945823669 122.278672620985 122.520145840115 122.761619059245 123.003092278375 123.244565497504
57.7343076070147 59.0845222473143 60.4347368876137 61.784951527913 63.5537361145016 65.4620440165198 67.3703519185379 69.2786598205563 71.1869677225745 73.0952756245926 75.003583526611 76.9823043823238 79.1722640991205 81.3622238159177 83.5521835327144 85.7421432495112 87.9321029663083 90.1220626831051 92.3120223999018 94.2488235473631 96.1012385050453 97.9536534627275 99.80606842041 101.658483378092 103.510898335774 105.363313293457 106.882104873657 107.400026321411 107.917947769165 108.435869216919 108.953790664673 109.471712112427 109.989633560181 110.507555007935 111.679981422424 113.070576159159 114.461170895894 115.851765632629 117.242360369364 118.632955106099 120.023549842834 121.150941975912 121.488726298014 121.826510620117 122.16429494222 122.502079264323
57.3296980963809 58.8020189921059 60.2743398878306 61.7466607835554 63.5165252685544 65.3855709499779 67.2546166314014 69.1236623128252 70.9927079942487 72.8617536756722 74.7307993570961 76.6641452365447 78.7903917100689 80.9166381835935 83.0428846571177 85.1691311306418 87.2953776041664 89.4216240776906 91.5478705512148 93.4361506144204 95.2451085408526 97.0540664672848 98.8630243937173 100.671982320149 102.480940246582 104.289898173014 105.76370777554 106.232072406345 106.70043703715 107.168801667955 107.63716629876 108.105530929566 108.573895560371 109.042260191176 110.234884961446 111.668929778205 113.102974594964 114.537019411723 115.971064228482 117.40510904524 118.839153861999 120.023211330838 120.457306755914 120.89140218099 121.325497606066 121.759593031141
