data/working_set_collections/6091692-Cassins_Sparrow-MC/2000/bio12.asc
NCOLS 265 
NROWS 230 
XLLCORNER -115.5625 
YLLCORNER 24.8333333333333 
CELLSIZE 0.0833333333333333 
NODATA_value -9999 
[rows 40 to 59 of 230, columns 46 to 91 of 265]
478.416497039794 480.766673024495 483.116849009195 485.467024993896 487.817200978596 490.167376963296 490.012051391601 489.02155863444 488.031065877278 487.040573120117 486.050080362956 485.059587605794 484.069094848633 479.936918385827 466.379690806073 452.822463226321 439.265235646569 425.708008066815 412.150780487064 398.593552907312 385.036325327558 370.86865615845 356.497506459558 342.126356760663 327.755207061771 313.384057362878 299.012907663983 284.641757965091 272.931733067832 269.205082575481 265.47843208313 261.75178159078 258.025131098429 254.298480606079 250.571830113729 246.845179621378 248.742906570433 252.515425999957 256.287945429482 260.060464859007 263.832984288531 267.605503718056 271.378023147581 278.955486806228 297.947783152259 316.940079498286
479.002396392822 482.343657853867 485.684919314914 489.026180775959 492.367442237005 495.708703698051 495.171100870768 493.340543280707 491.509985690646 489.679428100586 487.848870510525 486.018312920465 484.187755330404 479.278613366024 465.133718278675 450.988823191328 436.84392810398 422.699033016631 408.554137929284 394.409242841936 380.264347754587 366.227593231204 352.226885562477 338.226177893747 324.225470225019 310.224762556292 296.224054887562 282.223347218834 271.089230982463 268.554889043173 266.020547103882 263.486205164592 260.951863225301 258.417521286011 255.88317934672 253.348837407429 255.852683130898 260.035924741955 264.219166353012 268.402407964069 272.585649575125 276.768891186183 280.952132797239 288.712459225119 307.204040103485 325.695620981848
473.919296773275 476.770226542156 479.621156311036 482.472086079917 485.323015848797 488.173945617678 487.180836995446 484.906382242841 482.631927490237 480.357472737633 478.083017985029 475.808563232425 473.534108479821 468.313566674132 454.254763709178 440.195960744227 426.137157779275 412.078354814321 398.01955184937 383.960748884418 369.901945919464 356.653261311853 343.674616156689 330.695971001522 317.717325846357 304.738680691193 291.760035536027 278.781390380862 268.733589511448 267.478321499295 266.223053487142 264.967785474989 263.712517462836 262.457249450683 261.201981438531 259.946713426377 262.911758931476 267.283575608993 271.655392286511 276.027208964028 280.399025641546 284.770842319063 289.14265899658 296.960694885249 315.117388407386 333.274081929521
463.167198181154 464.046379089357 464.925559997561 465.804740905764 466.683921813968 467.563102722171 466.041259765629 463.719075520837 461.396891276045 459.074707031254 456.752522786462 454.430338541671 452.108154296879 447.041778310147 433.74282709758 420.443875885015 407.144924672451 393.845973459884 380.54702224732 367.248071034755 353.949119822188 342.145660400395 330.840698242192 319.535736083988 308.230773925785 296.925811767582 285.620849609377 274.315887451175 265.864808654786 265.975379943848 266.08595123291 266.196522521972 266.307093811035 266.417665100097 266.528236389159 266.638807678221 269.920133972166 274.258378601072 278.596623229979 282.934867858885 287.273112487791 291.611357116698 295.949601745604 303.700193786616 321.687828063962 339.675462341304
452.415099589032 451.322531636558 450.229963684084 449.137395731611 448.044827779137 446.952259826663 444.901682535811 442.531768798832 440.161855061852 437.791941324873 435.422027587894 433.052113850915 430.682200113936 425.769989946159 413.23089048598 400.691791025802 388.152691565625 375.613592105446 363.074492645268 350.535393185091 337.996293724911 327.638059488936 318.006780327695 308.375501166452 298.744222005211 289.11294284397 279.481663682728 269.850384521487 262.996027798123 264.472438388401 265.948848978678 267.425259568956 268.901670159233 270.378080749511 271.854491339788 273.330901930066 276.928509012856 281.233181593151 285.537854173447 289.842526753742 294.147199334037 298.451871914332 302.756544494627 310.439692687983 328.258267720537 346.076842753088
441.663000996909 438.598684183759 435.534367370607 432.470050557457 429.405733744306 426.341416931155 423.762105305992 421.344462076826 418.926818847659 416.509175618492 414.091532389326 411.673889160159 409.256245930992 404.498201582172 392.71895387438 380.93970616659 369.160458458799 357.381210751007 345.601963043217 333.822715335427 322.043467627634 313.130458577477 305.172862413198 297.215266248917 289.257670084638 281.300073920359 273.342477756078 265.384881591799 260.12724694146 262.969496832953 265.811746724446 268.653996615939 271.496246507432 274.338496398925 277.180746290418 280.022996181911 283.936884053547 288.20798458523 292.479085116915 296.750185648599 301.021286180283 305.292386711967 309.563487243651 317.179191589351 334.828707377113 352.478223164873
430.910902404788 425.87483673096 420.838771057132 415.802705383305 410.766639709477 405.730574035649 402.622528076176 400.157155354822 397.691782633467 395.226409912113 392.761037190759 390.295664469405 387.830291748051 383.226413218187 372.207017262781 361.187621307378 350.168225351975 339.14882939657 328.129433441167 317.110037485764 306.090641530359 298.622857666019 292.338944498702 286.055031331383 279.771118164065 273.487204996748 267.203291829429 260.919378662111 257.258466084798 261.466555277506 265.674644470214 269.882733662922 274.090822855631 278.298912048338 282.507001241046 286.715090433755 290.945259094236 295.182787577309 299.420316060383 303.657844543455 307.895373026528 312.132901509601 316.370429992674 323.918690490718 341.399147033688 358.879603576656
420.158803812665 413.150989278161 406.143174743655 399.135360209151 392.127545674646 385.11973114014 381.482950846358 378.969848632816 376.456746419274 373.943644205733 371.430541992191 368.917439778649 366.404337565108 361.954624854199 351.695080651181 341.435536448165 331.175992245149 320.916448042132 310.656903839116 300.3973596361 290.137815433082 284.11525675456 279.505026584204 274.894796413848 270.284566243492 265.674336073136 261.064105902779 256.453875732423 254.389685228135 259.963613722059 265.537542215982 271.111470709905 276.685399203829 282.259327697752 287.833256191676 293.4071846856 297.953634134927 302.157590569388 306.36154700385 310.565503438312 314.769459872774 318.973416307236 323.177372741698 330.658189392085 347.969586690264 365.28098398844
414.084705861411 406.738331010608 399.391956159804 392.045581309002 384.699206458199 377.352831607395 372.851866912842 369.299372270373 365.746877627903 362.194382985434 358.641888342965 355.089393700495 351.536899058026 346.470558251278 336.862678951689 327.254799652102 317.646920352515 308.039041052926 298.431161753339 288.823282453752 279.215403154163 274.301292165122 270.95177061293 267.602249060738 264.252727508546 260.903205956354 257.553684404162 254.20416285197 253.335799407957 259.910910288492 266.486021169025 273.061132049559 279.636242930093 286.211353810627 292.78646469116 299.361575571695 303.881507619221 307.716380055744 311.551252492268 315.386124928791 319.220997365315 323.055869801839 326.890742238362 334.058298916283 351.223908318412 368.389517720537
412.688608551027 406.636861928305 400.585115305583 394.533368682862 388.481622060141 382.429875437418 376.729276275635 371.145726267498 365.562176259359 359.978626251222 354.395076243085 348.811526234946 343.227976226809 336.774213409428 327.709812164309 318.645410919192 309.581009674076 300.516608428957 291.452207183841 282.387805938724 273.323404693606 269.180963897706 266.679176584881 264.177389272055 261.675601959229 259.173814646404 256.672027333578 254.170240020752 254.096808624266 261.308444976806 268.520081329344 275.731717681883 282.943354034422 290.154990386961 297.3666267395 304.578263092039 308.728879547118 311.859156036376 314.989432525634 318.119709014892 321.249985504149 324.380261993408 327.510538482665 334.11901906331 351.16211191813 368.205204772946
411.292511240642 406.535392846003 401.778274451362 397.021156056722 392.264037662083 387.506919267442 380.606685638428 372.992080264623 365.377474890816 357.76286951701 350.148264143204 342.533658769397 334.919053395592 327.077868567576 318.556945376928 310.036022186282 301.515098995636 292.994175804988 284.473252614342 275.952329423695 267.431406233048 264.060635630291 262.406582556831 260.752529483372 259.098476409913 257.444423336454 255.790370262994 254.136317189535 254.857817840574 262.705979665119 270.554141489663 278.402303314207 286.250465138752 294.098626963296 301.946788787839 309.794950612384 313.576251475015 316.001932017007 318.427612559 320.853293100992 323.278973642984 325.704654184977 328.130334726969 334.179739210337 351.100315517847 368.020891825355
409.896413930258 406.4339237637 402.971433597141 399.508943430583 396.046453264025 392.583963097466 384.484095001222 374.838434261748 365.192773522272 355.547112782798 345.901452043324 336.255791303848 326.610130564374 317.381523725724 309.404078589547 301.426633453371 293.449188317196 285.471743181018 277.494298044843 269.516852908667 261.53940777249 258.940307362875 258.133988528782 257.327669694689 256.521350860596 255.715032026503 254.90871319241 254.102394358317 255.618827056883 264.103514353433 272.588201649982 281.072888946531 289.557576243081 298.04226353963 306.526950836179 315.01163813273 318.423623402913 320.144707997639 321.865792592366 323.586877187092 325.307961781819 327.029046376546 328.750130971272 334.240459357364 351.038519117565 367.836578877764
408.500316619874 406.332454681397 404.16459274292 401.996730804443 399.828868865967 397.66100692749 388.361504364015 376.684788258873 365.008072153729 353.331356048586 341.654639943444 329.9779238383 318.301207733158 307.685178883874 300.251211802167 292.817244720462 285.383277638756 277.94931055705 270.515343475344 263.081376393639 255.647409311932 253.81997909546 253.861394500733 253.902809906006 253.94422531128 253.985640716553 254.027056121826 254.0684715271 256.379836273191 265.501049041747 274.622261810301 283.743474578855 292.86468734741 301.985900115965 311.107112884519 320.228325653074 323.27099533081 324.28748397827 325.303972625732 326.320461273193 327.336949920654 328.353438568115 329.369927215576 334.301179504391 350.976722717283 367.652265930173
407.104219309489 406.230985599094 405.357751888699 404.484518178304 403.611284467909 402.738050757513 392.238913726808 378.531142255998 364.823370785185 351.115599314374 337.407827843564 323.700056372751 309.99228490194 297.988834042022 291.098345014786 284.207855987551 277.317366960316 270.42687793308 263.536388905845 256.64589987861 249.755410851374 248.699650828044 249.588800472684 250.477950117324 251.367099761963 252.256249406603 253.145399051242 254.034548695882 257.1408454895 266.898583730061 276.65632197062 286.414060211179 296.17179845174 305.929536692299 315.687274932858 325.445013173419 328.118367258707 328.430259958902 328.742152659098 329.054045359293 329.365938059489 329.677830759684 329.989723459879 334.361899651418 350.914926317001 367.467952982582
403.017187754314 402.124285803902 401.23138385349 400.338481903078 399.445579952665 398.552678002253 387.651281738285 373.41372070313 359.176159667972 344.938598632816 330.70103759766 316.463476562503 302.225915527347 289.925988006594 283.438961029054 276.951934051515 270.464907073977 263.977880096437 257.490853118898 251.003826141359 244.51679916382 244.171253967285 245.872869364421 247.574484761556 249.276100158691 250.977715555827 252.679330952962 254.380946350097 258.215487670896 268.448806762694 278.68212585449 288.915444946286 299.148764038084 309.382083129881 319.615402221677 329.848721313475 332.224726359049 331.981626722548 331.738527086046 331.495427449544 331.252327813042 331.009228176541 330.766128540039 334.607428910994 350.701929304333 366.79642969767
396.239221954347 394.012355295819 391.78548863729 389.558621978762 387.331755320234 385.104888661705 374.598608398442 361.332523600265 348.066438802087 334.80035400391 321.534269205734 308.268184407555 295.002099609378 283.49664077759 277.273059844972 271.049478912356 264.825897979739 258.602317047121 252.378736114504 246.155155181887 239.931574249269 240.234788513184 242.713601175944 245.192413838705 247.671226501465 250.150039164225 252.628851826985 255.107664489746 259.60376281738 270.151718139647 280.699673461912 291.247628784177 301.795584106444 312.343539428709 322.891494750974 333.43945007324 335.590072631835 334.941584269205 334.293095906575 333.644607543945 332.996119181315 332.347630818685 331.699142456055 335.037767283118 350.337731679279 365.637696075437
389.46125615438 385.900424787735 382.33959342109 378.778762054445 375.217930687801 371.657099321156 361.545935058598 349.2513264974 336.956717936201 324.662109375004 312.367500813806 300.072892252607 287.778283691409 277.067293548586 271.10715866089 265.147023773195 259.1868888855 253.226753997804 247.266619110109 241.306484222414 235.346349334718 236.298323059082 239.554332987467 242.810342915853 246.066352844238 249.322362772623 252.578372701009 255.834382629394 260.992037963865 271.8546295166 282.717221069334 293.579812622067 304.442404174803 315.304995727537 326.167587280271 337.030178833006 338.955418904622 337.901541815864 336.847664727105 335.793787638346 334.739910549588 333.686033460829 332.63215637207 335.468105655243 349.973534054225 364.478962453204
382.683290354412 377.788494279652 372.89369820489 367.998902130129 363.104106055368 358.209309980606 348.493261718753 337.170129394535 325.846997070315 314.523864746097 303.200732421879 291.877600097659 280.55446777344 270.637946319582 264.941257476808 259.244568634035 253.547879791262 247.851190948488 242.154502105714 236.457813262941 230.761124420167 232.36185760498 236.39506479899 240.428271993001 244.461479187011 248.494686381021 252.527893575032 256.561100769042 262.380313110349 273.557540893553 284.734768676756 295.911996459958 307.089224243163 318.266452026365 329.443679809567 340.620907592772 342.320765177409 340.861499362522 339.402233547634 337.942967732747 336.48370191786 335.024436102973 333.565170288086 335.898444027368 349.609336429171 363.320228830971
375.905324554446 369.676563771569 363.44780298869 357.219042205813 350.990281422936 344.761520640058 335.44058837891 325.088932291671 314.73727620443 304.385620117191 294.033964029952 283.682307942711 273.330651855472 264.208599090579 258.775356292726 253.342113494875 247.908870697024 242.475627899171 237.04238510132 231.609142303469 226.175899505617 228.425392150879 233.235796610514 238.04620107015 242.856605529785 247.66700998942 252.477414449055 257.28781890869 263.768588256833 275.260452270506 286.752316284177 298.244180297849 309.736044311522 321.227908325193 332.719772338864 344.211636352537 345.686111450195 343.82145690918 341.956802368164 340.092147827148 338.227493286133 336.362838745117 334.498184204102 336.328782399492 349.245138804116 362.161495208738
369.127358754478 361.564633263485 354.00190777249 346.439182281497 338.876456790504 331.313731299509 322.387915039066 313.007735188806 303.627555338544 294.247375488284 284.867195638024 275.487015787763 266.106835937503 257.779251861574 252.609455108644 247.439658355715 242.269861602785 237.100064849855 231.930268096925 226.760471343996 221.590674591066 224.488926696777 230.076528422037 235.664130147298 241.251731872558 246.839333597818 252.426935323079 258.014537048339 265.156863403317 276.963363647459 288.769863891599 300.576364135739 312.382864379881 324.189364624021 335.995864868161 347.802365112303 349.051457722982 346.781414455838 344.511371188693 342.24132792155 339.971284654406 337.701241387261 335.431198120117 336.759120771617 348.880941179062 361.002761586505
