data/working_set_collections/6091692-Cassins_Sparrow-MC/2000/bio13.asc
NCOLS 265 
NROWS 230 
XLLCORNER -115.5625 
YLLCORNER 24.8333333333333 
CELLSIZE 0.0833333333333333 
NODATA_value -9999 
[rows 200 to 219 of 230, columns 92 to 137 of 265]
208.592598046198 206.014897579618 203.437197113038 200.859496646458 198.281796179878 192.072241846722 184.652069558039 177.231897269356 169.811724980673 162.391552691991 154.971380403307 147.551208114625 140.781901529101 135.965192053053 131.148482577007 126.33177310096 121.515063624912 116.698354148865 111.881644672819 107.064935196771 103.380867067973 100.074346054925 96.7678250418771 93.4613040288293 90.1547830157815 86.8482620027332 83.5417409896855 80.7874553680421 79.6898759206138 78.5922964731852 77.4947170257569 76.3971375783286 75.2995581309001 74.2019786834718 73.1043992360434 72.4128888448079 71.8567348056369 71.3005807664659 70.7444267272949 70.1882726881239 69.6321186489529 69.0759646097819 68.2703686078392 66.7164467175805 65.1625248273215 63.6086029370628
206.360717180041 204.08772591485 201.814734649659 199.541743384468 197.268752119277 191.364399083457 184.249592124093 177.134785164728 170.019978205364 162.905171246 155.790364286635 148.675557327271 142.137481456334 137.329598850674 132.521716245016 127.713833639358 122.905951033698 118.09806842804 113.290185822382 108.482303216723 104.771745999654 101.426963912117 98.0821818245783 94.7373997370405 91.3926176495027 88.0478355619644 84.7030534744266 81.9196140289307 80.8202025095623 79.7207909901936 78.6213794708252 77.5219679514568 76.4225564320882 75.3231449127198 74.2237333933513 73.5127199808755 72.931172604031 72.3496252271864 71.7680778503417 71.1865304734971 70.6049830966525 70.0234357198078 69.187139606476 67.5865972836815 65.9860549608867 64.3855126380923
204.128836313884 202.160554250082 200.19227218628 198.223990122478 196.255708058676 190.656556320192 183.847114690146 177.0376730601 170.228231430055 163.41878980001 156.609348169963 149.799906539918 143.493061383566 138.694005648295 133.894949913025 129.095894177756 124.296838442485 119.497782707215 114.698726971945 109.899671236674 106.162624931336 102.779581769308 99.3965386072796 96.0134954452518 92.630452283224 89.2474091211956 85.8643659591678 83.0517726898194 81.9505290985109 80.8492855072021 79.7480419158936 78.6467983245851 77.5455547332764 76.4443111419678 75.3430675506593 74.6125511169433 74.0056104024251 73.3986696879069 72.7917289733886 72.1847882588704 71.5778475443522 70.9709068298339 70.1039106051129 68.4567478497826 66.809585094452 65.1624223391217
201.896955447727 200.233382585314 198.569809722901 196.906236860488 195.242663998074 189.948713556927 183.4446372562 176.940560955472 170.436484654746 163.932408354019 157.428332053291 150.924255752564 144.848641310799 140.058412445916 135.268183581035 130.477954716154 125.687725851271 120.89749698639 116.107268121508 111.317039256626 107.553503863017 104.132199626499 100.710895389981 97.2895911534631 93.8682869169453 90.4469826804269 87.0256784439091 84.1839313507081 83.0808556874595 81.9777800242106 80.874704360962 79.7716286977134 78.6685530344645 77.5654773712159 76.4624017079673 75.712382253011 75.0800482008192 74.4477141486274 73.8153800964355 73.1830460442437 72.5507119920519 71.91837793986 71.0206816037498 69.3268984158837 67.6331152280173 65.9393320401512
200.342614661323 199.140928734674 197.939242808024 196.737556881375 195.535870954725 190.589626057943 184.395194837783 178.200763617622 172.006332397461 165.811901177301 159.61746995714 153.423038736979 147.563477961223 142.708528518677 137.853579076131 132.998629633586 128.14368019104 123.288730748495 118.433781305949 113.578831863403 109.776377677917 106.324755244785 102.873132811652 99.4215103785197 95.9698879453873 92.5182655122543 89.0666430791219 86.203831863403 85.1074542999265 84.0110767364498 82.9146991729733 81.8183216094968 80.7219440460201 79.6255664825436 78.5291889190671 77.754263178507 77.086488045586 76.4187129126651 75.750937779744 75.083162646823 74.4153875139021 73.747612380981 72.7828640619913 70.9271961847942 69.0715283075967 67.2158604303996
199.465813954671 198.883192698161 198.30057144165 197.71795018514 197.135328928629 192.579293823243 186.698787434897 180.81828104655 174.937774658204 169.057268269858 163.17676188151 157.296255493164 151.637571334839 146.644353866577 141.651136398316 136.657918930054 131.664701461792 126.671483993531 121.678266525269 116.685049057007 112.831246376038 109.357248624166 105.883250872294 102.409253120422 98.9352553685509 95.4612576166788 91.9872598648072 89.111474227905 88.0303249359129 86.9491756439206 85.8680263519284 84.7868770599363 83.705727767944 82.6245784759519 81.5434291839597 80.7381938934322 80.0249299367266 79.3116659800209 78.5984020233151 77.8851380666094 77.1718741099037 76.4586101531979 75.3904579798381 73.2576411565147 71.1248243331909 68.9920075098675
198.58901324802 198.625456661648 198.661900075277 198.698343488905 198.734786902533 194.568961588542 189.00238003201 183.435798475478 177.869216918946 172.302635362414 166.736053805881 161.169472249349 155.711664708456 150.580179214478 145.4486937205 140.317208226522 135.185722732544 130.054237238566 124.922751744589 119.79126625061 115.886115074158 112.389742003547 108.893368932936 105.396995862325 101.900622791715 98.4042497211032 94.9078766504925 92.019116592407 90.9531955718993 89.8872745513914 88.8213535308836 87.7554325103759 86.6895114898679 85.6235904693602 84.5576694488524 83.7221246083575 82.963371827867 82.2046190473766 81.4458662668861 80.6871134863957 79.9283607059053 79.1696079254148 77.9980518976849 75.5880861282352 73.1781203587851 70.7681545893354
197.712212541368 198.367720625136 199.023228708903 199.67873679267 200.334244876437 196.558629353842 191.305972629124 186.053315904405 180.800659179688 175.54800245497 170.295345730252 165.042689005534 159.785758082072 154.516004562378 149.246251042684 143.97649752299 138.706744003296 133.436990483602 128.167236963908 122.897483444214 118.940983772278 115.422235382928 111.903486993578 108.384738604228 104.865990214878 101.347241825527 97.8284934361776 94.9267589569088 93.8760662078855 92.8253734588619 91.7746807098385 90.7239879608151 89.6732952117916 88.6226024627682 87.5719097137448 86.7060553232824 85.9018137190073 85.0975721147322 84.2933305104569 83.4890889061818 82.6848473019067 81.8806056976314 80.6056458155315 77.9185310999555 75.2314163843791 72.5443016688032
196.835411834717 198.109984588623 199.384557342529 200.659130096435 201.933702850341 198.548297119141 193.609565226238 188.670833333333 183.73210144043 178.793369547527 173.854637654622 168.915905761719 163.859851455689 158.451829910278 153.043808364868 147.635786819459 142.227765274048 136.819743728638 131.411722183228 126.003700637817 121.995852470398 118.454728762309 114.913605054219 111.37248134613 107.831357638041 104.290233929952 100.749110221863 97.8344013214109 96.7989368438719 95.7634723663327 94.7280078887937 93.6925434112547 92.6570789337155 91.6216144561765 90.5861499786375 89.6899860382076 88.8402556101478 87.990525182088 87.140794754028 86.2910643259681 85.4413338979083 84.5916034698483 83.2132397333783 80.2489760716761 77.2847124099733 74.320448748271
195.958611128065 197.85224855211 199.745885976155 201.6395234002 203.533160824245 200.537964884441 195.913157823351 191.288350762261 186.663543701172 182.038736640083 177.413929578993 172.789122517904 167.933944829306 162.387655258179 156.841365687053 151.295076115927 145.7487865448 140.202496973674 134.656207402548 129.109917831421 125.050721168518 121.48722214169 117.923723114861 114.360224088033 110.796725061205 107.233226034376 103.669727007548 100.742043685913 99.7218074798583 98.7015712738035 97.6813350677488 96.6610988616942 95.6408626556394 94.6206264495848 93.6003902435301 92.6739167531329 91.7786975012883 90.8834782494438 89.988258997599 89.0930397457545 88.1978204939099 87.3026012420652 85.8208336512251 82.5794210433966 79.3380084355675 76.0965958277389
194.062135654026 196.599505784777 199.136875915527 201.674246046278 204.211616177029 201.745697784424 197.612016550701 193.478335316976 189.344654083252 185.210972849528 181.077291615804 176.94361038208 172.425389862061 166.753551483154 161.081713104248 155.409874725342 149.738036346435 144.066197967529 138.394359588624 132.722521209717 128.573728179931 124.932616933187 121.291505686442 117.650394439697 114.009283192953 110.368171946207 106.727060699463 103.737028503418 102.700233459472 101.663438415527 100.626643371582 99.5898483276364 98.553053283691 97.5162582397458 96.4794631958005 95.5031050999956 94.5468926535709 93.5906802071463 92.6344677607215 91.6782553142969 90.7220428678723 89.7658304214475 88.1773550563392 84.6920909351779 81.206826814016 77.7215626928546
191.145985412597 194.351756286621 197.557527160644 200.763298034667 203.969068908691 202.171495819092 198.706141408285 195.240786997477 191.77543258667 188.310078175863 184.844723765055 181.379369354248 177.334186553956 171.549518585205 165.764850616455 159.980182647706 154.195514678955 148.410846710205 142.626178741456 136.841510772705 132.564873504639 128.7909131368 125.016952768961 121.242992401123 117.469032033285 113.695071665446 109.921111297608 106.819355773926 105.734214782715 104.649073791504 103.563932800293 102.478791809082 101.393650817871 100.30850982666 99.2233688354491 98.1775510787961 97.144841066996 96.112131055196 95.0794210433958 94.0467110315957 93.0140010197956 91.9812910079954 90.2828039487208 86.5869857470202 82.891167545319 79.1953493436183
188.229835171169 192.104006788466 195.978178405761 199.852350023057 203.726521640353 202.59729385376 199.80026626587 197.003238677979 194.206211090088 191.409183502197 188.612155914306 185.815128326416 182.24298324585 176.345485687256 170.447988128662 164.550490570069 158.652993011475 152.755495452881 146.857997894288 140.960500335693 136.556018829346 132.649209340414 128.742399851481 124.835590362549 120.928780873617 117.021971384684 113.115161895752 109.901683044433 108.768196105957 107.63470916748 106.501222229004 105.367735290527 104.234248352051 103.100761413574 101.967274475098 100.851997057597 99.7427894804212 98.6335819032457 97.52437432607 96.4151667488945 95.305959171719 94.1967515945433 92.3882528411023 88.4818805588625 84.5755082766219 80.6691359943821
185.313684929741 189.85625729031 194.398829650878 198.941402011447 203.483974372016 203.023091888428 200.894391123454 198.76569035848 196.636989593506 194.508288828532 192.379588063558 190.250887298584 187.151779937745 181.141452789307 175.13112564087 169.120798492432 163.110471343994 157.100144195557 151.08981704712 145.079489898682 140.547164154053 136.507505544027 132.467846934001 128.428188323975 124.388529713949 120.348871103923 116.309212493897 112.984010314941 111.802177429199 110.620344543457 109.438511657715 108.256678771973 107.07484588623 105.893013000488 104.711180114746 103.526443036397 102.340737893846 101.155032751295 99.9693276087442 98.7836224661933 97.5979173236424 96.4122121810913 94.4937017334839 90.3767753707047 86.2598490079249 82.1429226451458
182.397534688313 187.608507792155 192.819480895995 198.030453999836 203.241427103678 203.448889923096 201.988515981039 200.528142038981 199.067768096924 197.607394154866 196.147020212809 194.686646270751 192.060576629639 185.937419891357 179.814263153076 173.691106414796 167.567949676514 161.444792938233 155.321636199952 149.19847946167 144.53830947876 140.36580174764 136.19329401652 132.0207862854 127.848278554281 123.675770823161 119.503263092041 116.066337585449 114.836158752441 113.605979919433 112.375801086426 111.145622253418 109.91544342041 108.685264587402 107.455085754394 106.200889015198 104.938686307271 103.676483599345 102.414280891418 101.152078183492 99.8898754755656 98.627672767639 96.5991506258653 92.2716701825469 87.9441897392277 83.6167092959093
179.481384446885 185.360758293999 191.240132141113 197.119505988226 202.99887983534 203.874687957764 203.082640838623 202.290593719482 201.498546600341 200.706499481201 199.91445236206 199.122405242919 196.969373321534 190.733386993408 184.497400665283 178.261414337159 172.025428009033 165.789441680908 159.553455352784 153.317469024658 148.529454803467 144.224097951253 139.918741099039 135.613384246826 131.308027394613 127.002670542399 122.697313690186 119.148664855957 117.870140075683 116.59161529541 115.313090515136 114.034565734863 112.756040954589 111.477516174316 110.198991394043 108.875334993998 107.536634720696 106.197934447394 104.859234174092 103.520533900791 102.181833627489 100.843133354187 98.7045995182467 94.166564994389 89.6285304705306 85.0904959466729
176.930849329629 183.085639063517 189.240428797403 195.39521853129 201.550008265177 202.972297541301 202.817086664836 202.661875788371 202.506664911906 202.351454035441 202.196243158976 202.041032282511 200.380860010784 194.205803553264 188.030747095745 181.855690638225 175.680634180705 169.505577723186 163.330521265667 157.155464808146 152.291045379639 147.863504960802 143.435964541965 139.008424123129 134.580883704292 130.153343285455 125.725802866618 122.067724757724 120.718033578661 119.368342399597 118.018651220534 116.66896004147 115.319268862406 113.969577683343 112.619886504279 111.220827229818 109.805311923557 108.389796617296 106.974281311035 105.558766004774 104.143250698514 102.727735392253 100.495747396682 95.8143413331785 91.1329352696743 86.4515292061709
174.745929336547 180.783150100708 186.820370864868 192.857591629027 198.894812393188 200.741718673706 201.191853459676 201.641988245646 202.092123031616 202.542257817586 202.992392603556 203.442527389526 202.295036697389 196.354669570923 190.414302444459 184.473935317994 178.533568191529 172.593201065064 166.652833938599 160.712466812134 155.823081207276 151.284022776286 146.744964345296 142.205905914307 137.666847483318 133.127789052328 128.588730621338 124.823517290751 123.379839261373 121.936161231994 120.492483202616 119.048805173238 117.60512714386 116.161449114482 114.717771085103 113.237365722656 111.744717915853 110.25207010905 108.759422302246 107.266774495443 105.774126688639 104.281478881836 101.97259426117 97.2149991989147 92.4574041366583 87.6998090744027
172.561009343464 178.480661137899 184.400312932332 190.319964726765 196.239616521199 198.511139806112 199.566620254517 200.622100702922 201.677581151326 202.733061599731 203.788542048136 204.844022496541 204.209213383993 198.503535588583 192.797857793173 187.092179997763 181.386502202352 175.680824406942 169.975146611532 164.269468816121 159.355117034912 154.70454059177 150.053964148627 145.403387705485 140.752811262343 136.1022348192 131.451658376058 127.579309823778 126.041644944085 124.503980064392 122.966315184699 121.428650305006 119.890985425313 118.35332054562 116.815655665927 115.253904215495 113.684123908149 112.114343600803 110.544563293457 108.974782986111 107.405002678765 105.835222371419 103.449441125659 98.6156570646508 93.7818730036423 88.9480889426346
170.376089350381 176.178172175089 181.980254999796 187.782337824503 193.58442064921 196.280560938517 197.941387049357 199.602213160197 201.263039271037 202.923865381876 204.584691492716 206.245517603556 206.123390070598 200.652401606242 195.181413141887 189.710424677532 184.239436213176 178.768447748821 173.297459284465 167.826470820109 162.887152862549 158.125058407254 153.362963951959 148.600869496664 143.838775041369 139.076680586073 134.314586130778 130.335102356805 128.703450626797 127.07179889679 125.440147166782 123.808495436775 122.176843706767 120.545191976759 118.913540246752 117.270442708333 115.623529900445 113.976617092557 112.329704284668 110.68279147678 109.035878668891 107.388965861003 104.926287990147 100.016314930387 95.1063418706265 90.1963688108666
