data/working_set_collections/6091692-Cassins_Sparrow-MC/2000/bio14.asc
NCOLS 265 
NROWS 230 
XLLCORNER -115.5625 
YLLCORNER 24.8333333333333 
CELLSIZE 0.0833333333333333 
NODATA_value -9999 
[rows 160 to 179 of 230, columns 90 to 134 of 265]
1.67681241532165 1.78142269551752 1.88603297571338 1.99064325590926 2.09525353610513 2.199863816301 2.30447409649688 2.50889535546298 2.74658694068585 2.98427852590876 3.22197011113162 3.45966169635449 3.6973532815774 3.93504486680027 4.35260769923506 5.30978427330641 6.2669608473776 7.22413742144879 8.18131399552014 9.13849056959133 10.0956671436625 11.0528437177339 11.9683963537214 12.8700743436811 13.7717523336409 14.6734303236006 15.5751083135602 16.47678630352 17.3784642934797 18.1153838475544 18.3580280939737 18.600672340393 18.8433165868122 19.0859608332315 19.3286050796508 19.5712493260701 19.8138935724893 19.5644927024842 19.1510767936707 18.7376608848573 18.3242449760438 17.9108290672303 17.4974131584169 17.0839972496033 16.4764856179558
1.71477931241193 1.82100479106106 1.92723026971019 2.03345574835934 2.13968122700848 2.24590670565761 2.35213218430676 2.55178497831022 2.78258021076515 3.01337544322011 3.24417067567503 3.47496590812996 3.70576114058492 3.93655637303984 4.35608133872328 5.34179550409305 6.32750966946266 7.31322383483227 8.29893800020205 9.28465216557166 10.2703663309413 11.256080496311 12.1938463767368 13.1156294955145 14.0374126142924 14.9591957330702 15.8809788518479 16.8027619706258 17.7245450894036 18.4723338445027 18.6981395085652 18.9239451726277 19.1497508366902 19.3755565007527 19.6013621648152 19.8271678288777 20.0529734929402 19.7723284085592 19.3228664080303 18.8734044075013 18.4239424069723 17.9744804064434 17.5250184059144 17.0755564053854 16.4456513033976
1.78015512393577 1.88674082656698 1.99332652919818 2.0999122318294 2.2064979344606 2.31308363709181 2.41966933972303 2.6162704110145 2.84287660519275 3.06948279937104 3.29608899354929 3.52269518772754 3.74930138190583 3.97590757608408 4.39051677518397 5.36913498904958 6.34775320291503 7.32637141678047 8.30498963064609 9.28360784451153 10.262226058377 11.2408442722426 12.1466284910837 13.0281347115833 13.9096409320831 14.7911471525828 15.6726533730824 16.5541595935822 17.4356658140819 18.1446707301671 18.3361717330086 18.5276727358502 18.7191737386917 18.9106747415333 19.1021757443748 19.2936767472163 19.4851777500579 19.1982687711719 18.7518897983767 18.3055108255814 17.8591318527861 17.4127528799908 16.9663739071956 16.5199949344002 15.9126203325064
1.87293984989322 1.9786308020353 2.08432175417737 2.19001270631946 2.29570365846154 2.40139461060361 2.5070855627457 2.70235165357584 2.9274761239687 3.15260059436158 3.37772506475443 3.60284953514728 3.82797400554017 4.05309847593302 4.45591400861718 5.39180272817601 6.32769144773468 7.26358016729335 8.19946888685218 9.13535760641085 10.0712463259695 11.0071350455283 11.826742696762 12.6075899918873 13.3884372870127 14.169284582138 14.9501318772633 15.7309791723888 16.5118264675141 17.1323945045473 17.2721247673036 17.41185503006 17.5515852928163 17.6913155555727 17.831045818329 17.9707760810854 18.1105063438417 17.8423137903217 17.4381469647093 17.0339801390969 16.6298133134845 16.2256464878721 15.8214796622597 15.4173128366473 14.877392705282
1.96572457585067 2.07052077750362 2.17531697915656 2.28011318080953 2.38490938246247 2.48970558411542 2.59450178576838 2.78843289613719 3.01207564274464 3.23571838935213 3.45936113595958 3.68300388256703 3.90664662917451 4.13028937578196 4.52131124205038 5.41447046730243 6.30762969255432 7.20078891780622 8.09394814305827 8.98710736831016 9.88026659356206 10.7734258188141 11.5068569024403 12.1870452721913 12.8672336419423 13.5474220116933 14.2276103814442 14.9077987511953 15.5879871209463 16.1201182789274 16.2080778015986 16.2960373242698 16.3839968469409 16.4719563696121 16.5599158922833 16.6478754149545 16.7358349376256 16.4863588094714 16.1244041310419 15.7624494526124 15.4004947741829 15.0385400957534 14.6765854173239 14.3146307388944 13.8421650780575
2.05850930180811 2.16241075297193 2.26631220413575 2.37021365529958 2.4741151064634 2.57801655762721 2.68191800879105 2.87451413869852 3.09667516152057 3.31883618434266 3.54099720716471 3.76315822998676 3.98531925280885 4.2074802756309 4.58670847548358 5.43713820642885 6.28756793737397 7.1379976683191 7.98842739926437 8.83885713020949 9.68928686115461 10.5397165920999 11.1869711081187 11.7665005524953 12.346029996872 12.9255594412486 13.5050888856252 14.0846183300019 14.6641477743785 15.1078420533076 15.1440308358936 15.1802196184796 15.2164084010656 15.2525971836516 15.2887859662376 15.3249747488236 15.3611635314096 15.1304038286212 14.8106612973746 14.490918766128 14.1711762348814 13.8514337036348 13.5316911723882 13.2119486411415 12.8069374508331
2.15129402776556 2.25430072844025 2.35730742911494 2.46031412978964 2.56332083046433 2.66632753113902 2.76933423181372 2.96059538125987 3.18127468029652 3.4019539793332 3.62263327836985 3.8433125774065 4.06399187644319 4.28467117547984 4.65210570891679 5.45980594555527 6.26750618219362 7.07520641883197 7.88290665547046 8.6906068921088 9.49830712874715 10.3060073653856 10.867085313797 11.3459558327992 11.8248263518016 12.3036968708039 12.7825673898061 13.2614379088085 13.7403084278107 14.0955658276878 14.0799838701886 14.0644019126894 14.0488199551902 14.033237997691 14.0176560401919 14.0020740826927 13.9864921251935 13.774448847771 13.4969184637073 13.2193880796435 12.9418576955798 12.6643273115161 12.3867969274524 12.1092665433886 11.7717098236087
2.24407875372301 2.34619070390857 2.44830265409413 2.55041460427971 2.65252655446526 2.75463850465082 2.8567504548364 3.04667662382121 3.26587419907246 3.48507177432374 3.70426934957499 3.92346692482624 4.14266450007753 4.36186207532878 4.71750294234999 5.4824736846817 6.24744442701327 7.01241516934484 7.77738591167655 8.54235665400812 9.30732739633969 10.0722981386714 10.5471995194753 10.9254111131032 11.3036227067312 11.6818343003591 12.060045893987 12.438257487615 12.8164690812429 13.0832896020679 13.0159369044835 12.9485842068992 12.8812315093148 12.8138788117305 12.7465261141461 12.6791734165618 12.6118207189774 12.4184938669207 12.1831756300399 11.9478573931591 11.7125391562782 11.4772209193974 11.2419026825165 11.0065844456357 10.7364821963842
2.40385833382601 2.49836481213564 2.59287129044527 2.68737776875491 2.78188424706454 2.87639072537417 2.97089720368381 3.158938695987 3.37815852628806 3.59737835658916 3.81659818689022 4.03581801719128 4.25503784749238 4.47425767779344 4.8096005982821 5.49331278933411 6.17702498038601 6.8607371714379 7.54444936248991 8.2281615535418 8.91187374459369 9.5955859356457 9.98767142693213 10.2825480182967 10.5774246096613 10.8723012010258 11.1671777923903 11.4620543837549 11.7569309751195 11.9561713072991 11.8685028619239 11.7808344165487 11.6931659711734 11.6054975257982 11.517829080423 11.4301606350477 11.3424921896725 11.1720079024635 10.9739183346433 10.7758287668231 10.5777391990028 10.3796496311826 10.1815600633624 9.98347049554211 9.76962178548201
2.63063276807462 2.71082305312152 2.79101333816841 2.87120362321532 2.95139390826221 3.0315841933091 3.11177447835601 3.29738159775728 3.51812766194336 3.73887372612948 3.95961979031557 4.18036585450165 4.40111191868777 4.62185798287385 4.92839867671316 5.49232325951252 6.05624784231178 6.62017242511105 7.18409700791041 7.74802159070967 8.31194617350894 8.8758707563083 9.18850103616724 9.41736654837936 9.64623206059151 9.87509757280363 10.1039630850157 10.3328285972279 10.56169410944 10.7142109433812 10.6376817425094 10.5611525416376 10.4846233407659 10.4080941398941 10.3315649390223 10.2550357381505 10.1785065372787 10.0349909543993 9.86914657751742 9.7033022006355 9.53745782375356 9.37161344687165 9.20576906998973 9.03992469310779 8.87112859090189
2.85740720232324 2.9232812941074 2.98915538589155 3.05502947767572 3.12090356945988 3.18677766124404 3.25265175302821 3.43582449952756 3.65809679759866 3.88036909566981 4.10264139374091 4.32491369181202 4.54718598988316 4.76945828795427 5.04719675514421 5.49133372969093 5.93547070423756 6.3796076787842 6.82374465333091 7.26788162787755 7.71201860242418 8.15615557697089 8.38933064540236 8.55218507846205 8.71503951152177 8.87789394458147 9.04074837764116 9.20360281070088 9.36645724376057 9.4722505794633 9.40686062309496 9.34147066672661 9.27608071035828 9.21069075398994 9.14530079762159 9.07991084125325 9.01452088488491 8.89797400633513 8.76437482039153 8.63077563444792 8.4971764485043 8.3635772625607 8.2299780766171 8.09637889067348 7.97263539632176
3.08418163657183 3.13573953509326 3.18729743361468 3.23885533213611 3.29041323065754 3.34197112917896 3.39352902770039 3.57426740129782 3.79806593325395 4.02186446521012 4.24566299716625 4.46946152912238 4.69326006107855 4.91705859303468 5.16599483357526 5.49034419986933 5.81469356616335 6.13904293245737 6.46339229875144 6.78774166504546 7.11209103133948 7.43644039763355 7.59016025463754 7.68700360854482 7.78384696245211 7.88069031635938 7.97753367026666 8.07437702417395 8.17122037808122 8.23029021554549 8.1760395036806 8.12178879181569 8.0675380799508 8.0132873680859 7.959036656221 7.9047859443561 7.85053523249121 7.76095705827102 7.65960306326572 7.55824906826044 7.45689507325513 7.35554107824984 7.25418708324455 7.15283308823924 7.07414220174172
3.31095607082045 3.34819777607914 3.38543948133782 3.42268118659652 3.4599228918552 3.49716459711389 3.53440630237259 3.7127103030681 3.93803506890925 4.16335983475044 4.3886846005916 4.61400936643275 4.83933413227394 5.0646588981151 5.28479291200631 5.48935467004774 5.69391642808913 5.89847818613052 6.10303994417194 6.30760170221333 6.51216346025473 6.71672521829615 6.79098986387266 6.82182213862751 6.85265441338237 6.88348668813722 6.91431896289207 6.94515123764693 6.97598351240178 6.98832985162757 6.94521838426612 6.90210691690467 6.85899544954322 6.81588398218176 6.77277251482031 6.72966104745886 6.68654958009741 6.62394011020681 6.55483130613983 6.48572250207286 6.41661369800587 6.34750489393889 6.27839608987191 6.20928728580492 6.1756490071616
3.53773050506906 3.56065601706501 3.58358152906097 3.60650704105692 3.62943255305287 3.65235806504883 3.67528357704478 3.85115320483838 4.07800420456455 4.30485520429077 4.53170620401694 4.75855720374312 4.98540820346934 5.21225920319551 5.40359099043737 5.48836514022614 5.57313929001491 5.65791343980367 5.74268758959245 5.82746173938121 5.91223588916997 5.99701003895875 5.99181947310778 5.9566406687102 5.92146186431263 5.88628305991505 5.85110425551748 5.81592545111991 5.78074664672233 5.74636948770965 5.71439726485165 5.68242504199364 5.65045281913563 5.61848059627763 5.58650837341962 5.55453615056161 5.52256392770361 5.4869231621426 5.45005954901394 5.41319593588528 5.3763323227566 5.33946870962794 5.30260509649928 5.2657414833706 5.27715581258147
3.89736252360864 3.89244915644319 3.88753578927774 3.88262242211229 3.87770905494684 3.87279568778138 3.86788232061593 4.02834338148427 4.24392925169724 4.45951512191025 4.67510099212322 4.89068686233619 5.1062727325492 5.32185860276217 5.48087030384275 5.47015949752597 5.45944869120918 5.4487378848924 5.43802707857561 5.42731627225882 5.41660546594204 5.40589465962525 5.34923869570107 5.27726767924108 5.20529666278108 5.13332564632109 5.0613546298611 4.9893836134011 4.91741259694111 4.85760125981448 4.83426896068796 4.81093666156144 4.78760436243492 4.7642720633084 4.74093976418188 4.71760746505536 4.69427516592884 4.67562304536512 4.65853098432233 4.64143892327954 4.62434686223675 4.60725480119397 4.59016274015118 4.57307067910839 4.60930577052968
4.38985212643933 4.3435771942138 4.29730226198826 4.25102732976272 4.20475239753718 4.15847746531165 4.1122025330861 4.24428083300584 4.43581021030736 4.62733958760892 4.81886896491045 5.01039834221198 5.20192771951354 5.39345709681507 5.51663085222246 5.43473774194719 5.35284463167194 5.27095152139669 5.18905841112142 5.10716530084617 5.02527219057092 4.94337908029565 4.86324753165255 4.78370317022016 4.70415880878776 4.62461444735537 4.54507008592298 4.46552572449058 4.38598136305819 4.32202516794214 4.30483347177515 4.28764177560816 4.27045007944116 4.25325838327417 4.23606668710718 4.21887499094018 4.20168329477319 4.19003975987443 4.18024561206508 4.17045146425573 4.16065731644639 4.15086316863704 4.14106902082769 4.13127487301834 4.17209888100627
4.88234172927003 4.79470523198441 4.70706873469879 4.61943223741315 4.53179574012753 4.44415924284191 4.35652274555628 4.4602182845274 4.62769116891748 4.7951640533076 4.96263693769768 5.13010982208776 5.29758270647787 5.46505559086796 5.55239140060216 5.39931598636841 5.2462405721347 5.09316515790098 4.94008974366723 4.78701432943351 4.63393891519979 4.48086350096605 4.37725636760402 4.29013866119924 4.20302095479444 4.11590324838965 4.02878554198486 3.94166783558006 3.85455012917528 3.7864490760698 3.77539798286234 3.76434688965487 3.75329579644741 3.74224470323994 3.73119361003247 3.72014251682501 3.70909142361754 3.70445647438374 3.70196023980783 3.69946400523192 3.69696777065602 3.69447153608011 3.6919753015042 3.68947906692829 3.73489199148286
5.37483133210068 5.24583326975498 5.11683520740928 4.98783714506355 4.85883908271785 4.72984102037215 4.60084295802643 4.67615573604895 4.81957212752759 4.96298851900626 5.1064049104849 5.24982130196354 5.3932376934422 5.53665408492084 5.58815194898186 5.36389423078964 5.13963651259746 4.91537879440528 4.69112107621306 4.46686335802088 4.2426056398287 4.01834792163649 3.89126520355554 3.79657415217835 3.70188310080115 3.60719204942397 3.51250099804679 3.41780994666959 3.3231188952924 3.25087298419751 3.24596249394957 3.24105200370163 3.23614151345369 3.23123102320575 3.22632053295781 3.22141004270987 3.21649955246194 3.2188731888931 3.22367486755063 3.22847654620816 3.23327822486569 3.23807990352322 3.24288158218075 3.24768326083828 3.29768510195949
5.86732093493137 5.69696130752559 5.5266016801198 5.35624205271399 5.1858824253082 5.01552279790242 4.8451631704966 4.89209318757052 5.01145308613771 5.13081298470493 5.25017288327213 5.36953278183932 5.48889268040654 5.60825257897374 5.62391249736156 5.32847247521086 5.03303245306022 4.73759243090957 4.44215240875888 4.14671238660823 3.85127236445758 3.55583234230688 3.40527403950701 3.30300964315743 3.20074524680783 3.09848085045825 2.99621645410867 2.89395205775907 2.79168766140949 2.71529689232517 2.71652700503676 2.71775711774835 2.71898723045994 2.72021734317152 2.72144745588311 2.7226775685947 2.72390768130629 2.73328990340241 2.74538949529338 2.75748908718435 2.76958867907532 2.78168827096629 2.79378786285726 2.80588745474823 2.86047821243607
6.35981053776207 6.1480893452962 5.93636815283033 5.72464696036442 5.51292576789855 5.30120457543268 5.08948338296677 5.10803063909208 5.20333404474783 5.2986374504036 5.39394085605936 5.48924426171511 5.58454766737088 5.67985107302663 5.65967304574127 5.29305071963209 4.92642839352298 4.55980606741386 4.19318374130469 3.82656141519557 3.45993908908646 3.09331676297728 2.91928287545849 2.80944513413651 2.69960739281451 2.58976965149253 2.47993191017055 2.37009416884855 2.26025642752657 2.17972080045284 2.18709151612395 2.19446223179507 2.20183294746618 2.20920366313729 2.21657437880841 2.22394509447952 2.23131581015064 2.24770661791172 2.26710412303613 2.28650162816054 2.30589913328495 2.32529663840936 2.34469414353376 2.36409164865818 2.42327132291266
