data/working_set_collections/6091692-Cassins_Sparrow-MC/2000/bio19.asc
NCOLS 265 
NROWS 230 
XLLCORNER -115.5625 
YLLCORNER 24.8333333333333 
CELLSIZE 0.0833333333333333 
NODATA_value -9999 
[rows 160 to 179 of 230, columns 138 to 183 of 265]
48.9084659894314 46.6102885246281 44.3121110598251 42.0139335950222 41.0275520324708 40.4784357706707 39.9293195088706 39.3802032470704 38.8310869852703 38.2819707234702 37.7328544616701 37.388215859731 37.6570102373759 37.9258046150208 38.1945989926657 38.4633933703105 38.7321877479554 39.0009821256003 39.2697765032451 39.7822340965272 40.3759127616883 40.9695914268494 41.5632700920105 42.1569487571716 42.7506274223327 43.3443060874939 43.8109252929689 43.8963661193849 43.9818069458009 44.0672477722169 44.1526885986329 44.238129425049 44.323570251465 44.409011077881 45.8228262901305 47.6794329643247 49.5360396385189 51.3926463127134 53.2492529869076 55.1058596611018 56.9624663352964 59.022323417663 61.6919317245476 64.3615400314327 67.0311483383173 69.7007566452019
49.0045112291978 46.7181473731998 44.4317835172022 42.1454196612046 41.1202855428061 40.5155613369413 39.9108371310766 39.3061129252117 38.7013887193469 38.0966645134822 37.4919403076173 37.0794753922357 37.2437883483039 37.4081013043722 37.5724142604405 37.7367272165087 37.901040172577 38.0653531286453 38.2296660847135 38.7499099413554 39.3887974315219 40.0276849216885 40.6665724118551 41.3054599020216 41.9443473921881 42.5832348823547 43.0721767849393 43.1112819247777 43.150387064616 43.1894922044543 43.2285973442927 43.267702484131 43.3068076239693 43.3459127638076 44.8286440213519 46.7925839847985 48.7565239482451 50.7204639116921 52.6844038751387 54.6483438385852 56.6122838020322 58.7594258838224 61.4561743206441 64.1529227574662 66.8496711942879 69.5464196311095
48.3476845847245 46.1882265090948 44.0287684334656 41.8693103578363 40.8984571774803 40.3238056288827 39.7491540802852 39.1745025316876 38.59985098309 38.0251994344925 37.4505478858948 37.0308770815531 37.0761485099792 37.1214199384054 37.1666913668315 37.2119627952576 37.2572342236838 37.3025056521099 37.347777080536 37.8533284187317 38.5123063935174 39.1712843683031 39.8302623430888 40.4892403178745 41.1482182926601 41.8071962674459 42.299162303077 42.2900925212438 42.2810227394106 42.2719529575774 42.2628831757442 42.2538133939109 42.2447436120777 42.2356738302445 43.7720307668049 45.8235299428301 47.8750291188554 49.926528294881 51.9780274709063 54.0295266469315 56.0810258229571 58.309011512332 61.0664567417562 63.8239019711808 66.581347200605 69.3387924300292
46.9379860560107 45.0205259323125 43.1030658086147 41.1856056849168 40.3620669364931 39.9031686464947 39.4442703564964 38.9853720664979 38.5264737764995 38.0675754865012 37.6086771965027 37.2424209276835 37.1540907224019 37.0657605171204 36.9774303118388 36.8891001065573 36.8007699012757 36.7124396959942 36.6241094907126 37.092489528656 37.7464396476745 38.4003897666931 39.0543398857117 39.7082900047302 40.3622401237487 41.0161902427674 41.4918818473817 41.4327979087831 41.3737139701845 41.3146300315859 41.2555460929872 41.1964621543886 41.13737821579 41.0782942771914 42.6529865264891 44.7722708384193 46.8915551503495 49.0108394622801 51.1301237742103 53.2494080861405 55.368692398071 57.6710803031916 60.5227789878838 63.3744776725765 66.2261763572687 69.0778750419609
45.528287527297 43.8528253555302 42.1773631837638 40.5019010119974 39.8256766955059 39.4825316641067 39.1393866327075 38.7962416013083 38.4530965699091 38.1099515385099 37.7668065071106 37.4539647738139 37.2320329348247 37.0101010958354 36.7881692568462 36.566237417857 36.3443055788677 36.1223737398785 35.9004419008892 36.3316506385803 36.9805729018317 37.6294951650831 38.2784174283346 38.9273396915859 39.5762619548373 40.2251842180888 40.6846013916865 40.5755032963224 40.4664052009584 40.3573071055944 40.2482090102303 40.1391109148663 40.0300128195023 39.9209147241382 41.5339422861733 43.7210117340084 45.9080811818436 48.0951506296791 50.2822200775143 52.4692895253494 54.656358973185 57.0331490940512 59.9791012340114 62.9250533739721 65.8710055139323 68.8169576538926
44.1185889985833 42.685124778748 41.251660558913 39.818196339078 39.2892864545188 39.0618946817187 38.8345029089187 38.6071111361187 38.3797193633186 38.1523275905186 37.9249358177185 37.6655086199443 37.3099751472474 36.9544416745505 36.5989082018536 36.2433747291567 35.8878412564597 35.5323077837628 35.1767743110659 35.5708117485047 36.2147061559889 36.8586005634731 37.5024949709575 38.1463893784417 38.7902837859259 39.4341781934103 39.8773209359913 39.7182086838618 39.5590964317324 39.399984179603 39.2408719274735 39.0817596753441 38.9226474232146 38.7635351710852 40.4148980458576 42.6697526295977 44.9246072133378 47.1794617970783 49.4343163808183 51.6891709645584 53.9440255482989 56.3952178849109 59.4354234801391 62.4756290753678 65.515834670596 68.5560402658243
42.7088904698696 41.5174242019657 40.3259579340621 39.1344916661585 38.7528962135316 38.6412576993307 38.5296191851299 38.417980670929 38.3063421567281 38.1947036425273 38.0830651283264 37.8770524660747 37.3879173596701 36.8987822532655 36.4096471468609 35.9205120404563 35.4313769340517 34.9422418276471 34.4531067212425 34.809972858429 35.4488394101461 36.0877059618632 36.7265725135803 37.3654390652974 38.0043056170145 38.6431721687317 39.070040480296 38.8609140714012 38.6517876625063 38.4426612536115 38.2335348447166 38.0244084358218 37.8152820269269 37.6061556180321 39.2958538055418 41.6184935251868 43.9411332448319 46.2637729644773 48.5864126841223 50.9090524037674 53.2316921234128 55.7572866757705 58.8917457262667 62.0262047767635 65.1606638272597 68.2951228777559
41.2991919411558 40.3497236251834 39.4002553092112 38.450786993239 38.2165059725444 38.2206207169427 38.2247354613411 38.2288502057394 38.2329649501377 38.237079694536 38.2411944389343 38.0885963122051 37.4658595720929 36.8431228319805 36.2203860918682 35.597649351756 34.9749126116436 34.3521758715314 33.7294391314191 34.0491339683533 34.6829726643032 35.3168113602532 35.9506500562032 36.5844887521532 37.2183274481031 37.8521661440531 38.2627600246007 38.0036194589405 37.7444788932802 37.48533832762 37.2261977619597 36.9670571962994 36.7079166306392 36.4487760649789 38.176809565226 40.567234420776 42.957659276326 45.3480841318763 47.7385089874263 50.1289338429763 52.5193586985267 55.1193554666301 58.3480679723943 61.5767804781591 64.8054929839233 68.0342054896876
39.638005468581 38.9028851191208 38.1677647696606 37.4326444202004 37.3355430126192 37.4511145856647 37.5666861587102 37.6822577317557 37.7978293048012 37.9134008778467 38.0289724508922 37.9392130004038 37.2334604793128 36.5277079582217 35.8219554371307 35.1162029160397 34.4104503949486 33.7046978738576 32.9989453527666 33.2792007128398 33.8881253666348 34.4970500204298 35.1059746742249 35.7148993280199 36.3238239818149 36.93274863561 37.3194320731696 37.0393918620218 36.7593516508741 36.4793114397264 36.1992712285786 35.9192310174309 35.6391908062832 35.3591505951354 37.0792750835417 39.4661211384664 41.8529671933912 44.2398132483163 46.626659303241 49.0135053581658 51.4003514130909 54.0114246050512 57.2951792081191 60.5789338111875 63.8626884142553 67.1464430173232
37.7253310521449 37.1769086837772 36.6284863154097 36.0800639470422 36.1100073337557 36.3327393054964 36.555471277237 36.7782032489778 37.0009352207185 37.2236671924592 37.4463991641999 37.4289025306704 36.6907200813296 35.9525376319888 35.214355182648 34.4761727333072 33.7379902839663 32.9998078346255 32.2616253852848 32.5001730918885 33.0642975171407 33.628421942393 34.1925463676453 34.7566707928976 35.3207952181498 35.8849196434022 36.2400566260022 35.968231280645 35.6964059352877 35.4245805899305 35.1527552445732 34.8809298992159 34.6091045538587 34.3372792085014 36.0032503604887 38.3151536782579 40.6270569960272 42.9389603137968 45.2508636315661 47.5627669493353 49.874670267105 52.4334940910335 55.7330794334405 59.0326647758481 62.3322501182551 65.6318354606622
35.8126566357087 35.4509322484337 35.0892078611589 34.727483473884 34.8844716548921 35.214364025328 35.5442563957639 35.8741487661998 36.2040411366357 36.5339335070716 36.8638258775076 36.9185920609371 36.1479796833465 35.3773673057558 34.6067549281653 33.8361425505747 33.065530172984 32.2949177953935 31.5243054178029 31.7211454709371 32.2404696676466 32.7597938643561 33.2791180610657 33.7984422577752 34.3177664544847 34.8370906511943 35.1606811788349 34.8970706992681 34.6334602197013 34.3698497401346 34.1062392605678 33.842628781001 33.5790183014342 33.3154078218674 34.9272256374357 37.1641862180494 39.4011467986632 41.6381073792774 43.8750679598911 46.1120285405049 48.348989121119 50.8555635770157 54.1709796587619 57.4863957405087 60.8018118222549 64.1172279040011
33.8999822192726 33.7249558130904 33.5499294069082 33.374903000726 33.6589359760286 34.0959887451597 34.5330415142908 34.9700942834219 35.407147052553 35.8441998216841 36.2812525908153 36.4082815912038 35.6052392853634 34.802196979523 33.9991546736826 33.1961123678423 32.3930700620018 31.5900277561615 30.7869854503212 30.9421178499858 31.4166418181526 31.8911657863193 32.3656897544862 32.8402137226529 33.3147376908197 33.7892616589865 34.0813057316677 33.8259101178914 33.570514504115 33.3151188903387 33.0597232765624 32.8043276627861 32.5489320490098 32.2935364352335 33.8512009143828 36.0132187578411 38.1752366012993 40.337254444758 42.4992722882163 44.6612901316745 46.8233079751332 49.277633062998 52.6088798840834 55.9401267051694 59.2713735262548 62.6026203473403
31.9873078028364 31.9989793777469 32.0106509526573 32.0223225275678 32.433400297165 32.9776134649913 33.5218266328176 34.066039800644 34.6102529684703 35.1544661362965 35.6986793041229 35.8979711214704 35.0624988873803 34.22702665329 33.3915544191999 32.5560821851098 31.7206099510195 30.8851377169294 30.0496654828393 30.1630902290345 30.5928139686585 31.0225377082825 31.4522614479066 31.8819851875306 32.3117089271546 32.7414326667787 33.0019302845004 32.7547495365145 32.5075687885287 32.2603880405428 32.013207292557 31.7660265445711 31.5188457965853 31.2716650485995 32.7751761913298 34.8622512976326 36.9493264039354 39.0364015102385 41.1234766165413 43.2105517228441 45.2976268291472 47.6997025489802 51.0467801094048 54.39385766983 57.7409352302546 61.0880127906792
30.0746333864002 30.2730029424034 30.4713724984065 30.6697420544096 31.2078646183015 31.8592381848229 32.5106117513444 33.161985317866 33.8133588843875 34.464732450909 35.1161060174306 35.3876606517371 34.5197584893972 33.6518563270571 32.7839541647172 31.9160520023773 31.0481498400373 30.1802476776974 29.3123455153575 29.3840626080831 29.7689861191644 30.1539096302456 30.538833141327 30.9237566524082 31.3086801634895 31.6936036745708 31.922554837333 31.6835889551377 31.4446230729423 31.2056571907469 30.9666913085516 30.7277254263562 30.4887595441608 30.2497936619655 31.6991514682768 33.7112838374241 35.7234162065714 37.735548575719 39.7476809448663 41.7598133140136 43.7719456831613 46.1217720349624 49.4846803347262 52.8475886344906 56.2104969342544 59.5734052340182
28.3802468935651 28.6772425651553 28.9742382367454 29.2712339083356 29.8692092259727 30.5675110922921 31.2658129586115 31.964114824931 32.6624166912504 33.3607185575698 34.0590204238893 34.3755461162996 33.546743286981 32.7179404576623 31.8891376283438 31.0603347990252 30.2315319697065 29.402729140388 28.5739263110694 28.6330431620281 28.9881332397462 29.3432233174642 29.6983133951824 30.0534034729005 30.4084935506185 30.7635836283367 30.9742900053662 30.7518452803296 30.529400555293 30.3069558302563 30.0845111052197 29.8620663801831 29.6396216551465 29.4171769301099 30.8069279829659 32.7340776284533 34.6612272739407 36.5883769194284 38.5155265649158 40.4426762104031 42.3698258558908 44.648666286468 47.9825790723158 51.3164918581642 54.650404644012 57.9843174298598
26.9041483243308 27.2116982460024 27.5192481676739 27.8267980893455 28.4174341201784 29.1024321873984 29.7874302546184 30.4724283218385 31.1574263890585 31.8424244562785 32.5274225234987 32.8616275151575 32.1434532801315 31.4252790451053 30.7071048100793 29.9889305750533 29.2707563400271 28.5525821050011 27.8344078699751 27.9100318908692 28.2502553304037 28.5904787699382 28.9307022094727 29.2709256490072 29.6111490885417 29.9513725280763 30.1571357885998 29.9595185120902 29.7619012355806 29.564283959071 29.3666666825614 29.1690494060518 28.9714321295422 28.7738148530326 30.0985057353971 31.9306326707201 33.7627596060431 35.5948865413664 37.4270134766894 39.2591404120124 41.0912673473357 43.2803853034968 46.5404763221734 49.8005673408505 53.0606583595271 56.3207493782037
25.4280497550966 25.7461539268495 26.0642580986024 26.3823622703553 26.965659014384 27.6373532825047 28.3090475506253 28.980741818746 29.6524360868667 30.3241303549873 30.995824623108 31.3477089140154 30.7401632732819 30.1326176325483 29.5250719918148 28.9175263510813 28.3099807103477 27.7024350696142 27.0948894288808 27.1870206197103 27.5123774210612 27.8377342224121 28.1630910237631 28.488447825114 28.8138046264649 29.1391614278158 29.3399815718334 29.1671917438509 28.9944019158683 28.8216120878857 28.6488222599031 28.4760324319205 28.3032426039379 28.1304527759553 29.3900834878284 31.127187712987 32.8642919381456 34.6013961633045 36.3385003884631 38.0756046136217 39.8127088387806 41.9121043205256 45.098373572031 48.2846428235369 51.4709120750422 54.6571813265476
23.9519511858624 24.2806096076968 24.6092680295311 24.9379264513653 25.5138839085899 26.1722743776111 26.8306648466323 27.4890553156537 28.1474457846749 28.8058362536961 29.4642267227175 29.8337903128734 29.3368732664324 28.8399562199914 28.3430391735504 27.8461221271095 27.3492050806684 26.8522880342274 26.3553709877865 26.4640093485515 26.7744995117188 27.0849896748861 27.3954798380535 27.7059700012208 28.0164601643881 28.3269503275554 28.5228273550671 28.3748649756116 28.226902596156 28.0789402167004 27.9309778372449 27.7830154577893 27.6350530783337 27.4870906988781 28.6816612402597 30.3237427552539 31.9658242702481 33.6079057852426 35.2499873002369 36.8920688152311 38.5341503302256 40.5438233375545 43.6562708218886 46.7687183062233 49.8811657905575 52.9936132748916
22.4758526166282 22.8150652885439 23.1542779604596 23.4934906323752 24.0621088027955 24.7071954727174 25.3522821426392 25.9973688125612 26.642455482483 27.2875421524049 27.9326288223268 28.3198717117313 27.9335832595829 27.5472948074344 27.1610063552859 26.7747179031375 26.388429450989 26.0021409988406 25.6158525466921 25.7409980773926 26.0366216023764 26.3322451273601 26.6278686523438 26.9234921773275 27.2191157023112 27.514739227295 27.7056731383007 27.5825382073722 27.4594032764436 27.3362683455151 27.2131334145865 27.089998483658 26.9668635527294 26.8437286218009 27.9732389926909 29.5202977975207 31.0673566023506 32.6144154071807 34.1614742120105 35.7085330168404 37.2555918216705 39.1755423545833 42.2141680717462 45.2527937889097 48.2914195060726 51.3300452232355
20.9997540473939 21.349520969391 21.6992878913881 22.0490548133851 22.6103336970012 23.2421165678237 23.8738994386461 24.5056823094687 25.1374651802911 25.7692480511136 26.4010309219361 26.8059531105892 26.5302932527333 26.2546333948773 25.9789735370214 25.7033136791655 25.4276538213096 25.1519939634537 24.8763341055978 25.0179868062338 25.2987436930339 25.579500579834 25.8602574666342 26.1410143534343 26.4217712402344 26.7025281270346 26.8885189215344 26.7902114391328 26.6919039567313 26.5935964743298 26.4952889919282 26.3969815095267 26.2986740271252 26.2003665447236 27.2648167451221 28.7168528397876 30.168888934453 31.6209250291187 33.0729611237842 34.5249972184497 35.9770333131154 37.8072613716121 40.7720653216038 43.736869271596 46.7016732215877 49.6664771715794
