data/working_set_collections/6091692-Cassins_Sparrow-MC/2000/bio18.asc
NCOLS 265 
NROWS 230 
XLLCORNER -115.5625 
YLLCORNER 24.8333333333333 
CELLSIZE 0.0833333333333333 
NODATA_value -9999 
[rows 40 to 59 of 230, columns 138 to 183 of 265]
132.212621815999 133.78846206665 135.364302317301 136.940142567952 139.601215362548 142.624032338459 145.646849314371 148.669666290283 151.692483266194 154.715300242105 157.738117218017 160.172817738851 160.84316889445 161.513520050049 162.183871205648 162.854222361247 163.524573516846 164.194924672445 164.865275828044 165.382141113281 165.847844441732 166.313547770182 166.779251098633 167.244954427084 167.710657755534 168.176361083985 168.788103230794 169.837961832682 170.88782043457 171.937679036458 172.987537638346 174.037396240234 175.087254842122 176.13711344401 177.907021331787 179.916945648193 181.926869964599 183.936794281005 185.946718597412 187.956642913818 189.966567230224 191.636157735188 192.284746805826 192.933335876465 193.581924947102 194.23051401774
133.189300960964 134.647749582926 136.106198204888 137.56464682685 140.221066538492 143.276809946695 146.332553354898 149.388296763102 152.444040171305 155.499783579507 158.555526987711 160.969366370307 161.457493676079 161.945620981852 162.433748287625 162.921875593397 163.41000289917 163.898130204942 164.386257510715 164.672182210287 164.890706041124 165.109229871962 165.3277537028 165.546277533637 165.764801364475 165.983325195313 166.504691908095 167.93458726671 169.364482625326 170.794377983941 172.224273342556 173.654168701172 175.084064059787 176.513959418402 178.445406850179 180.544038306342 182.642669762505 184.741301218668 186.839932674831 188.938564130994 191.037195587158 192.796586269802 193.53825463189 194.279922993978 195.021591356065 195.763259718153
135.352665731641 136.735352007547 138.118038283453 139.500724559359 142.093117396036 145.088745752969 148.084374109903 151.080002466837 154.07563082377 157.071259180704 160.066887537638 162.421380869547 162.852469126383 163.283557383219 163.714645640055 164.145733896891 164.576822153727 165.007910410563 165.438998667399 165.544979095459 165.54259024726 165.540201399061 165.537812550862 165.535423702664 165.533034854465 165.530646006266 165.91419567532 167.455560896131 168.996926116943 170.538291337755 172.079656558566 173.621021779378 175.16238700019 176.703752221001 178.673258845011 180.785479270087 182.897699695163 185.009920120239 187.122140545315 189.234360970391 191.346581395467 193.133837763468 193.946201960246 194.758566157023 195.5709303538 196.383294550578
138.70271612803 140.051269340514 141.399822552998 142.748375765482 145.21736793518 148.059839757282 150.902311579385 153.744783401488 156.587255223591 159.429727045694 162.272198867797 164.528861236572 165.028095245361 165.52732925415 166.026563262939 166.525797271728 167.025031280517 167.524265289306 168.023499298095 168.000531768798 167.80349706014 167.606462351481 167.409427642822 167.212392934163 167.015358225504 166.818323516846 167.01661453247 168.400882720947 169.785150909423 171.1694190979 172.553687286376 173.937955474853 175.32222366333 176.706491851806 178.590577316284 180.641268539428 182.691959762573 184.742650985717 186.793342208862 188.844033432006 190.894724655151 192.647912216186 193.508588790893 194.3692653656 195.229941940307 196.090618515014
142.05276652442 143.367186673482 144.681606822543 145.996026971604 148.341618474324 151.030933761596 153.720249048868 156.40956433614 159.098879623412 161.788194910684 164.477510197957 166.636341603597 167.203721364339 167.771101125081 168.338480885823 168.905860646565 169.473240407308 170.04062016805 170.607999928792 170.456084442138 170.06440387302 169.672723303901 169.281042734782 168.889362165663 168.497681596544 168.106001027425 168.119033389621 169.346204545762 170.573375701904 171.800546858045 173.027718014187 174.254889170329 175.48206032647 176.709231482611 178.507895787557 180.49705780877 182.486219829983 184.475381851196 186.464543872409 188.453705893622 190.442867914835 192.161986668904 193.070975621541 193.979964574178 194.888953526815 195.797942479451
145.40281692081 146.683104006449 147.963391092088 149.243678177727 151.465869013468 154.002027765909 156.53818651835 159.074345270792 161.610504023233 164.146662775674 166.682821528116 168.743821970621 169.379347483317 170.014872996012 170.650398508707 171.285924021403 171.921449534098 172.556975046793 173.192500559488 172.911637115478 172.325310685899 171.73898425632 171.152657826741 170.566331397162 169.980004967584 169.393678538005 169.221452246772 170.291526370578 171.361600494385 172.431674618191 173.501748741997 174.571822865804 175.64189698961 176.711971113417 178.425214258829 180.352847078111 182.280479897393 184.208112716675 186.135745535956 188.063378355238 189.99101117452 191.676061121623 192.633362452189 193.590663782755 194.547965113322 195.505266443888
148.752867317199 149.999021339416 151.245175361632 152.491329383849 154.590119552611 156.973121770222 159.356123987833 161.739126205443 164.122128423054 166.505130640665 168.888132858276 170.851302337646 171.554973602294 172.258644866943 172.962316131591 173.66598739624 174.369658660888 175.073329925537 175.777001190185 175.367189788818 174.586217498779 173.80524520874 173.024272918701 172.243300628662 171.462328338623 170.681356048584 170.323871103922 171.236848195393 172.149825286865 173.062802378336 173.975779469808 174.888756561279 175.80173365275 176.714710744222 178.342532730102 180.208636347452 182.074739964803 183.940843582153 185.806947199503 187.673050816853 189.539154434204 191.190135574341 192.195749282837 193.201362991333 194.206976699829 195.212590408325
152.102917713588 153.314938672383 154.526959631177 155.738980589972 157.714370091755 159.944215774535 162.174061457315 164.403907140095 166.633752822875 168.863598505655 171.093444188435 172.958782704671 173.730599721272 174.502416737874 175.274233754475 176.046050771077 176.817867787679 177.58968480428 178.361501820882 177.822742462158 176.847124311659 175.87150616116 174.895888010661 173.920269860162 172.944651709663 171.969033559163 171.426289961073 172.182170020209 172.938050079345 173.693930138482 174.449810197618 175.205690256754 175.961570315891 176.717450375027 178.259851201375 180.064425616794 181.869000032212 183.673574447632 185.47814886305 187.282723278469 189.087297693888 190.704210027059 191.758136113484 192.81206219991 193.865988286336 194.919914372762
154.787358305189 155.919950230916 157.052542156643 158.18513408237 160.024829355875 162.100225745306 164.175622134738 166.251018524169 168.326414913601 170.401811303032 172.477207692464 174.239209323459 175.061026679145 175.882844034831 176.704661390516 177.526478746202 178.348296101888 179.170113457574 179.991930813259 179.447708002726 178.44813847012 177.448568937514 176.448999404907 175.449429872301 174.449860339695 173.450290807088 172.855939059787 173.477240668402 174.098542277018 174.719843885633 175.341145494249 175.962447102864 176.58374871148 177.205050320095 178.626974868774 180.315773730807 182.004572592841 183.693371454874 185.382170316908 187.070969178941 188.759768040975 190.312338892619 191.456225713094 192.600112533569 193.743999354044 194.88788617452
156.806189092 157.814056015014 158.821922938028 159.829789861043 161.52149734497 163.441151682535 165.3608060201 167.280460357666 169.200114695231 171.119769032796 173.039423370361 174.69258219401 175.546254475911 176.399926757812 177.253599039713 178.107271321614 178.960943603515 179.814615885416 180.668288167317 180.242086410522 179.389259974162 178.536433537801 177.68360710144 176.83078066508 175.977954228719 175.125127792358 174.612818400065 175.122060139974 175.631301879882 176.140543619791 176.6497853597 177.159027099609 177.668268839518 178.177510579427 179.443903732299 180.962680689493 182.481457646687 184.000234603882 185.519011561076 187.037788518269 188.556565475464 190.01452217102 191.290018081665 192.565513992309 193.841009902954 195.116505813598
158.825019878811 159.708161799113 160.591303719414 161.474445639716 163.018165334065 164.782077619764 166.545989905463 168.309902191162 170.07381447686 171.837726762559 173.601639048258 175.145955064561 176.031482272678 176.917009480794 177.80253668891 178.688063897027 179.573591105143 180.459118313259 181.344645521376 181.036464818319 180.330381478204 179.624298138089 178.918214797974 178.212131457859 177.506048117744 176.799964777628 176.369697740343 176.766879611545 177.164061482747 177.561243353949 177.958425225152 178.355607096354 178.752788967556 179.149970838758 180.260832595825 181.609587648179 182.958342700534 184.307097752889 185.655852805243 187.004607857598 188.353362909953 189.716705449422 191.123810450236 192.53091545105 193.938020451863 195.345125452677
160.843850665622 161.602267583211 162.3606845008 163.119101418389 164.51483332316 166.123003556993 167.731173790825 169.339344024658 170.94751425849 172.555684492323 174.163854726155 175.599327935113 176.516710069444 177.434092203776 178.351474338107 179.268856472439 180.186238606771 181.103620741102 182.021002875434 181.830843226115 181.271502982246 180.712162738376 180.152822494507 179.593482250637 179.034142006768 178.474801762899 178.12657708062 178.411699083116 178.696821085612 178.981943088107 179.267065090603 179.552187093099 179.837309095594 180.12243109809 181.07776145935 182.256494606865 183.435227754381 184.613960901896 185.792694049411 186.971427196926 188.150160344442 189.418888727824 190.957602818807 192.49631690979 194.035031000773 195.573745091756
162.862681452433 163.496373367309 164.130065282185 164.763757197062 166.011501312255 167.463929494221 168.916357676188 170.368785858154 171.82121404012 173.273642222086 174.726070404052 176.052700805664 177.001937866211 177.951174926758 178.900411987304 179.849649047851 180.798886108398 181.748123168945 182.697360229492 182.625221633911 182.212624486287 181.800027338664 181.38743019104 180.974833043416 180.562235895792 180.149638748169 179.883456420898 180.056518554687 180.229580688476 180.402642822265 180.575704956054 180.748767089844 180.921829223633 181.094891357422 181.894690322876 182.903401565551 183.912112808227 184.920824050903 185.929535293579 186.938246536255 187.946957778931 189.121072006225 190.791395187378 192.46171836853 194.132041549682 195.802364730834
164.881512239244 165.390479151408 165.899446063571 166.408412975735 167.50816930135 168.80485543145 170.10154156155 171.39822769165 172.69491382175 173.99159995185 175.28828608195 176.506073676215 177.487165662977 178.468257649739 179.449349636501 180.430441623264 181.411533610026 182.392625596788 183.37371758355 183.419600041707 183.153745990329 182.887891938951 182.622037887573 182.356183836195 182.090329784817 181.824475733439 181.640335761176 181.701338026258 181.762340291341 181.823342556423 181.884344821506 181.945347086588 182.006349351671 182.067351616753 182.711619186401 183.550308524237 184.388997862074 185.22768719991 186.066376537747 186.905065875583 187.74375521342 188.823255284627 190.625187555948 192.42711982727 194.229052098592 196.030984369913
165.750455347697 166.139815394084 166.52917544047 166.918535486857 167.919434992472 169.124180984497 170.328926976522 171.533672968546 172.738418960571 173.943164952596 175.147910944621 176.328279156155 177.435514026218 178.542748896281 179.649983766344 180.757218636406 181.86445350647 182.971688376532 184.078923246595 184.292841974894 184.208988655938 184.125135336982 184.041282018026 183.957428699069 183.873575380113 183.789722061157 183.735484610663 183.770094765557 183.804704920451 183.839315075344 183.873925230238 183.908535385132 183.943145540025 183.977755694919 184.51482404073 185.219378450181 185.923932859632 186.628487269083 187.333041678534 188.037596087985 188.742150497436 189.744806374443 191.64176665412 193.538726933797 195.435687213473 197.33264749315
165.469510777791 165.744382095337 166.019253412883 166.294124730428 167.24529838562 168.421906153361 169.598513921102 170.775121688843 171.951729456584 173.128337224324 174.304944992065 175.519317245483 176.846982955932 178.174648666382 179.502314376831 180.82998008728 182.157645797729 183.485311508178 184.812977218627 185.244947433472 185.378352483113 185.511757532755 185.645162582397 185.778567632039 185.911972681681 186.045377731323 186.16890296936 186.262788772583 186.356674575805 186.450560379028 186.54444618225 186.638331985473 186.732217788696 186.826103591918 187.304304885864 187.910611343383 188.516917800903 189.123224258422 189.729530715942 190.335837173461 190.942143630981 191.885725275675 193.841132481892 195.79653968811 197.751946894327 199.707354100544
165.188566207886 165.34894879659 165.509331385295 165.669713973999 166.571161778768 167.719631322225 168.868100865682 170.016570409139 171.165039952596 172.313509496053 173.46197903951 174.710355334811 176.258451885647 177.806548436483 179.354644987318 180.902741538153 182.450838088989 183.998934639824 185.54703119066 186.197052892049 186.547716310289 186.898379728529 187.249043146769 187.599706565009 187.950369983249 188.301033401489 188.602321328057 188.755482779608 188.90864423116 189.061805682712 189.214967134263 189.368128585815 189.521290037367 189.674451488918 190.093785730997 190.601844236585 191.109902742173 191.617961247762 192.12601975335 192.634078258938 193.142136764526 194.026644176906 196.040498309664 198.054352442423 200.068206575181 202.082060707939
164.90762163798 164.953515497843 164.999409357707 165.04530321757 165.897025171916 167.017356491089 168.137687810262 169.258019129435 170.378350448608 171.498681767781 172.619013086955 173.90139342414 175.669920815361 177.438448206583 179.206975597805 180.975502989027 182.744030380249 184.51255777147 186.281085162692 187.149158350626 187.717080137464 188.285001924303 188.852923711141 189.420845497979 189.988767284817 190.556689071655 191.035739686754 191.248176786634 191.460613886515 191.673050986396 191.885488086276 192.097925186157 192.310362286038 192.522799385918 192.883266576131 193.293077129787 193.702887683444 194.112698237101 194.522508790758 194.932319344414 195.342129898071 196.167563078138 198.239864137437 200.312165196736 202.384466256035 204.456767315334
164.626677068075 164.558082199097 164.489487330119 164.420892461141 165.222888565063 166.315081659953 167.407274754842 168.499467849731 169.591660944621 170.68385403951 171.776047134399 173.092431513468 175.081389745076 177.070347976684 179.059306208292 181.0482644399 183.037222671508 185.026180903116 187.015139134724 188.101263809204 188.88644396464 189.671624120076 190.456804275512 191.241984430948 192.027164586385 192.812344741821 193.46915804545 193.74087079366 194.01258354187 194.284296290079 194.556009038289 194.827721786499 195.099434534708 195.371147282918 195.672747421264 195.984310022989 196.295872624715 196.60743522644 196.918997828165 197.23056042989 197.542123031616 198.308481979369 200.439229965209 202.569977951049 204.700725936889 206.831473922728
164.345732498169 164.16264890035 163.979565302531 163.796481704712 164.548751958211 165.612806828817 166.676861699422 167.740916570028 168.804971440633 169.869026311238 170.933081181844 172.283469602796 174.492858674791 176.702247746785 178.911636818779 181.121025890774 183.330414962768 185.539804034762 187.749193106757 189.053369267781 190.055807791815 191.05824631585 192.060684839884 193.063123363918 194.065561887952 195.068000411987 195.902576404147 196.233564800686 196.564553197225 196.895541593763 197.226529990302 197.55751838684 197.888506783379 198.219495179918 198.462228266398 198.675542916192 198.888857565985 199.102172215779 199.315486865573 199.528801515367 199.742116165161 200.449400880601 202.638595792981 204.827790705362 207.016985617743 209.206180530123
