data/working_set_collections/6091692-Cassins_Sparrow-MC/2000/bio11.asc
NCOLS 265 
NROWS 230 
XLLCORNER -115.5625 
YLLCORNER 24.8333333333333 
CELLSIZE 0.0833333333333333 
NODATA_value -9999 
[rows 80 to 99 of 230, columns 0 to 45 of 265]
3.91195034318494 3.99410041570657 4.0762504882282 4.15840056074985 4.24055063327148 4.32270070579311 4.40485077831475 4.44102156162257 4.46186591519244 4.48271026876231 4.50355462233218 4.52439897590205 4.54524332947192 4.56608768304179 4.56334598196869 4.48984611696658 4.41634625196448 4.34284638696238 4.26934652196027 4.19584665695817 4.12234679195607 4.04884692695396 3.79127358483766 3.47234241701659 3.15341124919547 2.8344800813744 2.51554891355333 2.1966177457322 1.87768657791113 1.59064898702 1.39929212691876 1.20793526681755 1.01657840671634 0.825221546615103 0.633864686513896 0.442507826412688 0.251150966311448 0.310059146086287 0.452389005819864 0.594718865553466 0.737048725287043 0.87937858502062 1.02170844475422 1.1640383044878 1.30996640026562 1.46668920417621
4.25204388962847 4.32567187547679 4.3992998613251 4.47292784717343 4.54655583302175 4.62018381887007 4.6938118047184 4.76799209117884 4.84235647784333 4.91672086450783 4.99108525117232 5.0654496378368 5.1398140245013 5.21417841116579 5.25385450389644 5.18946571482545 5.12507692575448 5.0606881366835 4.99629934761252 4.93191055854154 4.86752176947057 4.80313298039958 4.54380315405624 4.2194929819554 3.8951828098545 3.57087263775366 3.24656246565281 2.92225229355192 2.59794212145107 2.29869060553607 2.07461505817865 1.85053951082127 1.62646396346388 1.40238841610646 1.17831286874908 0.954237321391694 0.730161774034273 0.760258956750163 0.87508038282387 0.989901808897596 1.1047232349713 1.21954466104501 1.33436608711874 1.44918751319244 1.57158980468903 1.71673469245429
4.59213743607197 4.65724333524697 4.72234923442198 4.78745513359699 4.852561032772 4.91766693194701 4.98277283112202 5.09496262073509 5.22284704049419 5.35073146025331 5.47861588001241 5.60650029977151 5.73438471953063 5.86226913928972 5.94436302582412 5.88908531268426 5.83380759954441 5.77852988640456 5.7232521732647 5.66797446012485 5.612696746985 5.55741903384514 5.29633272327476 4.96664354689414 4.63695437051347 4.30726519413286 3.97757601775224 3.64788684137157 3.31819766499095 3.00673222405209 2.74993798943849 2.49314375482493 2.23634952021137 1.97955528559777 1.72276105098421 1.46596681637066 1.20917258175706 1.210458767414 1.29777175982784 1.38508475224169 1.47239774465553 1.55971073706937 1.64702372948322 1.73433672189706 1.83321320911241 1.96678018073235
4.93223098251549 4.98881479501719 5.04539860751888 5.10198242002058 5.15856623252228 5.21515004502397 5.27173385752567 5.42193315029137 5.60333760314508 5.78474205599883 5.96614650885254 6.14755096170625 6.32895541456 6.51035986741372 6.63487154775187 6.58870491054314 6.54253827333441 6.49637163612569 6.45020499891695 6.40403836170823 6.3578717244995 6.31170508729077 6.04886229249333 5.71379411183295 5.3787259311725 5.04365775051212 4.70858956985173 4.37352138919128 4.0384532085309 3.71477384256816 3.42526092069838 3.13574799882865 2.84623507695891 2.55672215508913 2.2672092332194 1.97769631134966 1.68818338947988 1.66065857807788 1.72046313683185 1.78026769558582 1.84007225433979 1.89987681309376 1.95968137184774 2.0194859306017 2.09483661353582 2.21682566901043
5.11566748221714 5.18257674773532 5.2494860132535 5.3163952787717 5.38330454428988 5.45021380980806 5.51712307532625 5.69538184007003 5.91075710455569 6.12613236904139 6.34150763352705 6.55688289801272 6.77225816249842 6.98763342698408 7.13150769207211 7.06087895896698 6.99025022586186 6.91962149275674 6.84899275965161 6.77836402654649 6.70773529344137 6.63710656033624 6.37191796700167 6.0418760869239 5.71183420684607 5.3817923267683 5.05175044669053 4.72170856661271 4.39166668653494 4.0695933067137 3.77142542766203 3.47325754861042 3.1750896695588 2.87692179050713 2.57875391145551 2.2805860324039 1.98241815335223 1.93600249389806 1.97350424097642 2.01100598805479 2.04850773513316 2.08600948221152 2.1235112292899 2.16101297636826 2.21523324549196 2.31960908075173
5.14244693517683 5.23852919340131 5.33461145162579 5.43069370985028 5.52677596807476 5.62285822629923 5.71894048452373 5.91530869007103 6.14510554472596 6.37490239938093 6.60469925403587 6.8344961086908 7.06429296334577 7.2940898180007 7.43427145878472 7.30560745795565 7.17694345712661 7.04827945629756 6.9196154554685 6.79095145463945 6.66228745381041 6.53362345298135 6.26549974679954 5.95088947216678 5.63627919753397 5.32166892290122 5.00705864826846 4.69244837363565 4.37783809900289 4.07119061648852 3.78843151032928 3.50567240417008 3.22291329801088 2.94015419185164 2.65739508569244 2.37463597953324 2.091876873374 2.03649051487444 2.05689507226147 2.07729962964851 2.09770418703555 2.11810874442258 2.13851330180962 2.15891785919666 2.19440310498077 2.27513041595618
5.16922638813653 5.2944816390673 5.41973688999808 5.54499214092887 5.67024739185965 5.79550264279042 5.92075789372122 6.13523554007205 6.37945398489625 6.6236724297205 6.8678908745447 7.1121093193689 7.35632776419315 7.60054620901735 7.73703522549735 7.55033595694435 7.36363668839137 7.1769374198384 6.9902381512854 6.80353888273242 6.61683961417945 6.43014034562644 6.15908152659741 5.85990285740966 5.56072418822187 5.26154551903413 4.96236684984638 4.66318818065859 4.36400951147085 4.07278792626334 3.80543759299652 3.53808725972974 3.27073692646297 3.00338659319615 2.73603625992937 2.4686859266626 2.20133559339578 2.13697853585083 2.14028590354653 2.14359327124224 2.14690063893794 2.15020800663365 2.15351537432935 2.15682274202506 2.17357296446958 2.23065175116062
5.19600584109622 5.3504340847333 5.50486232837037 5.65929057200747 5.81371881564454 5.96814705928161 6.12257530291871 6.35516239007307 6.61380242506655 6.87244246006006 7.13108249505354 7.38972253004701 7.64836256504053 7.907002600034 8.03979899220998 7.79506445593304 7.55032991965614 7.30559538337924 7.06086084710229 6.81612631082539 6.57139177454849 6.32665723827154 6.05266330639527 5.76891624265254 5.48516917890977 5.20142211516704 4.91767505142431 4.63392798768153 4.3501809239388 4.07438523603816 3.82244367566376 3.57050211528941 3.31856055491506 3.06661899454066 2.81467743416631 2.56273587379195 2.31079431341756 2.23746655682722 2.22367673483159 2.20988691283596 2.19609709084034 2.18230726884471 2.16851744684908 2.15472762485345 2.15274282395839 2.18617308636507
5.22278529405591 5.40638653039928 5.58998776674265 5.77358900308605 5.95719023942942 6.14079147577279 6.32439271211619 6.57508924007407 6.84815086523682 7.1212124903996 7.39427411556235 7.66733574072509 7.94039736588788 8.21345899105062 8.34256275892259 8.03979295492172 7.73702315092089 7.43425334692006 7.13148354291918 6.82871373891835 6.52594393491753 6.22317413091665 5.94624508619315 5.67792962789543 5.40961416959767 5.14129871129995 4.87298325300224 4.60466779470447 4.33635233640676 4.07598254581298 3.839449758331 3.60291697084907 3.36638418336714 3.12985139588517 2.89331860840323 2.6567858209213 2.42025303343933 2.3379545778036 2.30706756611664 2.27618055442968 2.24529354274273 2.21440653105577 2.18351951936881 2.15263250768185 2.1319126834472 2.14169442156951
5.24956474701561 5.46233897606527 5.67511320511494 5.88788743416464 6.10066166321431 6.31343589226398 6.52621012131368 6.7950160900751 7.08249930540711 7.36998252073917 7.65746573607118 7.9449489514032 8.23243216673526 8.51991538206727 8.64532652563523 8.28452145391041 7.92371638218565 7.5629113104609 7.20210623873608 6.84130116701132 6.48049609528656 6.11969102356175 5.83982686599102 5.58694301313831 5.33405916028557 5.08117530743286 4.82829145458016 4.57540760172741 4.32252374887471 4.0775798555878 3.85645584099825 3.63533182640874 3.41420781181923 3.19308379722968 2.97195978264017 2.75083576805065 2.52971175346111 2.43844259877999 2.3904583974017 2.34247419602341 2.29448999464512 2.24650579326683 2.19852159188854 2.15053739051025 2.11108254293601 2.09721575677396
5.42053940561076 5.65725868542981 5.89397796524886 6.13069724506795 6.367416524887 6.60413580470605 6.84085508452514 7.10245765844972 7.37235466374281 7.64225166903595 7.91214867432905 8.18204567962214 8.45194268491528 8.72183969020838 8.82815137836676 8.44370711512039 8.05926285187409 7.67481858862779 7.29037432538142 6.90593006213511 6.52148579888881 6.13704153564244 5.85276043812437 5.60186706251573 5.35097368690704 5.1000803112984 4.84918693568976 4.59829356008108 4.34740018447244 4.10631061659923 3.89463247193232 3.68295432726545 3.47127618259858 3.25959803793167 3.0479198932648 2.83624174859793 2.62456360393102 2.52842240333557 2.47079351743063 2.41316463152567 2.35553574562073 2.29790685971578 2.24027797381083 2.18264908790589 2.13703036804993 2.127442146341
5.73570926984143 5.99114565849294 6.24658204714445 6.50201843579601 6.75745482444752 7.01289121309903 7.26832760175059 7.49741394519795 7.71771694024393 7.93801993528994 8.15832293033592 8.37862592538189 8.59892892042791 8.81923191547388 8.89103731711713 8.51734993855161 8.14366255998616 7.76997518142071 7.3962878028552 7.02260042428975 6.6489130457243 6.27522566715878 5.98504580259325 5.72270177602772 5.46035774946214 5.1980137228966 4.93566969633107 4.67332566976549 4.41098164319995 4.16217482884729 3.95397965113323 3.74578447341921 3.5375892957052 3.32939411799114 3.12119894027712 2.9130037625631 2.70480858484905 2.60789399147033 2.54807292620341 2.48825186093648 2.42843079566955 2.36860973040263 2.3087886651357 2.24896759986877 2.20975615878898 2.23237359027066
6.05087913407212 6.3250326315561 6.59918612904008 6.8733396265241 7.14749312400808 7.42164662149205 7.69580011897608 7.89237023194622 8.06307921674508 8.23378820154396 8.40449718634281 8.57520617114166 8.74591515594055 8.9166241407394 8.9539232558675 8.59099276198284 8.22806226809825 7.86513177421365 7.50220128032899 7.13927078644439 6.7763402925598 6.41340979867513 6.11733116706215 5.84353648953972 5.56974181201724 5.29594713449482 5.02215245697238 4.74835777944991 4.47456310192748 4.21803904109535 4.01332683033415 3.80861461957298 3.60390240881182 3.39919019805062 3.19447798728945 2.98976577652829 2.78505356576709 2.6873655796051 2.6253523349762 2.56333909034729 2.50132584571838 2.43931260108948 2.37729935646057 2.31528611183167 2.28248194952804 2.33730503420033
6.36604899830281 6.65891960461926 6.9517902109357 7.24466081725219 7.53753142356863 7.83040202988507 8.12327263620157 8.28732651869449 8.40844149324622 8.52955646779797 8.6506714423497 8.77178641690143 8.89290139145318 9.01401636600491 9.01680919461787 8.66463558541407 8.31246197621033 7.96028836700658 7.60811475780278 7.25594114859904 6.90376753939529 6.55159393019149 6.24961653153105 5.96437120305172 5.67912587457235 5.39388054609302 5.1086352176137 4.82338988913432 4.538144560655 4.27390325334341 4.07267400953506 3.87144476572675 3.67021552191844 3.4689862781101 3.26775703430178 3.06652779049347 2.86529854668513 2.76683716773987 2.70263174374899 2.6384263197581 2.57422089576721 2.51001547177633 2.44581004778544 2.38160462379456 2.35520774026709 2.44223647813
6.68121886253348 6.99280657768239 7.30439429283129 7.61598200798025 7.92756972312915 8.23915743827806 8.55074515342702 8.68228280544273 8.75380376974734 8.82532473405196 8.89684569835658 8.96836666266118 9.03988762696581 9.11140859127042 9.07969513336824 8.73827840884529 8.3968616843224 8.05544495979951 7.71402823527656 7.37261151075367 7.03119478623078 6.68977806170783 6.38190189599994 6.08520591656372 5.78850993712745 5.49181395769123 5.19511797825501 4.89842199881874 4.60172601938252 4.32976746559147 4.13202118873597 3.93427491188052 3.73652863502506 3.53878235816957 3.34103608131411 3.14328980445865 2.94554352760316 2.84630875587463 2.77991115252177 2.7135135491689 2.64711594581604 2.58071834246318 2.51432073911031 2.44792313575745 2.42793353100614 2.54716792205966
6.99638872676417 7.32669355074554 7.65699837472691 7.98730319870834 8.31760802268971 8.64791284667108 8.9782176706525 9.077239092191 9.09916604624849 9.12109300030598 9.14301995436347 9.16494690842095 9.18687386247844 9.20880081653593 9.14258107211861 8.81192123227652 8.48126139243448 8.15060155259244 7.81994171275035 7.48928187290831 7.15862203306628 6.82796219322418 6.51418726046883 6.20604063007572 5.89789399968255 5.58974736928944 5.28160073889632 4.97345410850315 4.66530747811004 4.38563167783953 4.19136836793689 3.99710505803429 3.80284174813168 3.60857843822904 3.41431512832644 3.22005181842383 3.0257885085212 2.9257803440094 2.85719056129456 2.78860077857971 2.72001099586487 2.65142121315003 2.58283143043518 2.51424164772034 2.50065932174519 2.65209936598934
7.17150517304735 7.47845879395798 7.78541241486861 8.0923660357793 8.39931965668993 8.70627327760057 9.01322689851126 9.10283292531971 9.11998975409405 9.13714658286839 9.15430341164273 9.17146024041707 9.18861706919142 9.20577389796576 9.1387409713534 8.8191387785806 8.49953658580786 8.17993439303512 7.86033220026232 7.54073000748958 7.22112781471684 6.90152562194404 6.5886120319367 6.27792797618449 5.96724392043223 5.65655986468002 5.34587580892781 5.03519175317555 4.72450769742335 4.44431284334928 4.25558559430971 4.06685834527018 3.87813109623065 3.68940384719108 3.50067659815155 3.31194934911201 3.12322210007245 3.00954375763735 2.92088171740374 2.83221967717013 2.74355763693652 2.65489559670292 2.5662335564693 2.4775715162357 2.45726944704848 2.64204729100068
7.20656820138292 7.4481023073196 7.68963641325629 7.93117051919301 8.1727046251297 8.41423873106638 8.65577283700311 8.75906430482869 8.81627489328388 8.87348548173908 8.93069607019427 8.98790665864946 9.04511724710466 9.10232783555985 9.06817483107257 8.75993104775751 8.4516872644425 8.1434434811275 7.83519969781244 7.52695591449743 7.21871213118242 6.91046834786736 6.60517621040349 6.30086795489 5.99655969937645 5.69225144386296 5.38794318834947 5.08363493283592 4.77932667732243 4.50581096212072 4.32467286785445 4.1435347735882 3.96239667932195 3.78125858505567 3.60012049078943 3.41898239652318 3.2378443022569 3.09759899675847 2.97098462084931 2.84437024494013 2.71775586903098 2.59114149312182 2.46452711721265 2.33791274130349 2.29776390691596 2.51701169709364
7.2416312297185 7.41774582068123 7.59386041164396 7.76997500260671 7.94608959356944 8.12220418453217 8.29831877549493 8.41529568433765 8.51256003247369 8.60982438060975 8.7070887287458 8.80435307688184 8.9016174250179 8.99888177315394 8.99760869079174 8.70072331693442 8.40383794307714 8.10695256921987 7.81006719536255 7.51318182150528 7.21629644764801 6.91941107379069 6.62174038887029 6.32380793359551 6.02587547832068 5.7279430230459 5.43001056777113 5.1320781124963 4.83414565722152 4.56730908089217 4.39376014139918 4.22021120190622 4.04666226241326 3.87311332292028 3.69956438342732 3.52601544393436 3.35246650444137 3.1856542358796 3.02108752429488 2.85652081271014 2.69195410112543 2.52738738954072 2.36282067795598 2.19825396637127 2.13825836678342 2.3919761031866
7.27669425805408 7.38738933404285 7.49808441003162 7.60877948602041 7.71947456200918 7.83016963799795 7.94086471398674 8.0715270638466 8.2088451716635 8.34616327948042 8.48348138729732 8.62079949511421 8.75811760293113 8.89543571074802 8.9270425505109 8.64151558611132 8.35598862171178 8.07046165731225 7.78493469291267 7.49940772851313 7.2138807641136 6.92835379971401 6.63830456733708 6.34674791230102 6.05519125726491 5.76363460222885 5.47207794719278 5.18052129215667 4.88896463712061 4.62880719966362 4.46284741494392 4.29688763022425 4.13092784550458 3.96496806078488 3.79900827606521 3.63304849134554 3.46708870662584 3.27370947500072 3.07119042774046 2.86867138048015 2.66615233321988 2.46363328595961 2.26111423869931 2.05859519143904 1.97875282665089 2.26694050927955
