data/working_set_collections/6091692-Cassins_Sparrow-MC/2000/bio19.asc
NCOLS 265 
NROWS 230 
XLLCORNER -115.5625 
YLLCORNER 24.8333333333333 
CELLSIZE 0.0833333333333333 
NODATA_value -9999 
[rows 140 to 159 of 230, columns 0 to 45 of 265]
60.637856271532 56.2519748051966 51.8660933388611 47.4802118725249 43.0943304061894 38.708448939854 34.3225674735178 32.3927894433339 31.2817125585345 30.1706356737349 29.0595587889355 27.948481904136 26.8374050193364 25.726328134537 25.0134484608968 25.4951604207357 25.9768723805746 26.4585843404134 26.9402963002524 27.4220082600912 27.9037202199301 28.385432179769 29.094982067744 29.8804779317644 30.6659737957849 31.4514696598053 32.2369655238257 33.0224613878462 33.8079572518666 34.7286530494687 36.0549486478169 37.3812442461648 38.7075398445127 40.0338354428608 41.3601310412087 42.6864266395566 44.0127222379047 45.2051895777383 46.353047498067 47.5009054183959 48.6487633387246 49.7966212590533 50.9444791793822 52.0923370997109 53.2020726415844 54.1974410480923
62.8684278064307 58.3932903925583 53.9181529786859 49.4430155648128 44.9678781509405 40.4927407370681 36.017603323195 33.8336565176647 32.4134399149155 30.9932233121661 29.5730067094169 28.1527901066677 26.7325735039183 25.3123569011691 24.3475685119629 24.7490647633871 25.1505610148112 25.5520572662354 25.9535535176596 26.3550497690837 26.7565460205079 27.1580422719321 27.9287939866384 28.8226308557722 29.7164677249061 30.6103045940399 31.5041414631736 32.3979783323076 33.2918152014414 34.3060847282407 35.6816522280374 37.0572197278339 38.4327872276303 39.808354727427 41.1839222272235 42.55948972702 43.9350572268167 45.1164130528766 46.2330316543577 47.3496502558389 48.46626885732 49.582887458801 50.6995060602823 51.8161246617633 52.8726487583583 53.7488893402947
65.0989993413291 60.5346059799198 55.9702126185106 51.4058192571006 46.8414258956914 42.2770325342821 37.7126391728721 35.2745235919953 33.5451672712964 31.8158109505972 30.0864546298983 28.3570983091994 26.6277419885002 24.8983856678013 23.681688563029 24.0029691060385 24.3242496490479 24.6455301920574 24.9668107350669 25.2880912780763 25.6093718210857 25.9306523640952 26.7626059055329 27.76478377978 28.7669616540274 29.7691395282745 30.7713174025217 31.773495276769 32.7756731510162 33.8835164070127 35.308355808258 36.733195209503 38.158034610748 39.5828740119933 41.0077134132383 42.4325528144833 43.8573922157286 45.027636528015 46.1130158106484 47.198395093282 48.2837743759154 49.3691536585488 50.4545329411824 51.5399122238158 52.5432248751321 53.3003376324971
67.3295708762277 62.6759215672816 58.0222722583354 53.3686229493885 48.7149736404424 44.0613243314963 39.4076750225494 36.715390666326 34.6768946276774 32.6383985890284 30.5999025503797 28.561406511731 26.522910473082 24.4844144344334 23.0158086140951 23.2568734486899 23.4979382832846 23.7390031178793 23.9800679524741 24.2211327870688 24.4621976216635 24.7032624562583 25.5964178244273 26.7069367037878 27.8174555831485 28.9279744625091 30.0384933418696 31.1490122212304 32.2595311005909 33.4609480857846 34.9350593884785 36.4091706911721 37.8832819938657 39.3573932965595 40.8315045992531 42.3056159019467 43.7797272046406 44.9388600031533 45.9929999669391 47.047139930725 48.1012798945108 49.1554198582965 50.2095598220824 51.2636997858682 52.213800991906 52.8517859246996
69.5236152013146 64.7705235163377 60.0174318313607 55.264340146383 50.5112484614061 45.7581567764291 41.0050650914514 38.0838420550031 35.7732419013981 33.4626417477927 31.1520415941877 28.8414414405828 26.5308412869774 24.2202411333724 22.5352653609382 22.7271627320184 22.9190601030986 23.1109574741787 23.302854845259 23.4947522163391 23.6866495874193 23.8785469584995 24.7761116186776 25.9088987085552 27.041685798433 28.1744728883106 29.3072599781882 30.440047068066 31.5728341579436 32.7988029956815 34.3043170770009 35.80983115832 37.315345239639 38.8208593209584 40.3263734022775 41.8318874835966 43.3374015649159 44.5050767262776 45.56013891432 46.6152011023627 47.6702632904052 48.7253254784476 49.7803876664903 50.8354498545328 51.7727000448438 52.3565142419603
71.6811323165896 66.8184118270879 61.9556913375862 57.0929708480837 52.2302503585821 47.3675298690804 42.5048093795779 39.3798777580263 36.8342090924585 34.2885404268902 31.7428717613224 29.1972030957545 26.6515344301862 24.1058657646184 22.2400588035584 22.4138369560242 22.58761510849 22.7613932609558 22.9351714134217 23.1089495658875 23.2827277183533 23.4565058708191 24.3016872882842 25.3706697940825 26.439652299881 27.5086348056793 28.5776173114775 29.646599817276 30.7155823230743 31.8970811367033 33.416128873825 34.9351766109465 36.454224348068 37.9732720851898 39.4923198223113 41.0113675594328 42.5304152965545 43.7262866973876 44.8144326527912 45.902578608195 46.9907245635986 48.0788705190021 49.1670164744059 50.2551624298095 51.2199220339457 51.8145225842794
73.8386494318647 68.8663001378383 63.8939508438119 58.9216015497846 53.9492522557583 48.9769029617319 44.0045536677046 40.6759134610497 37.895176283519 35.1144391059877 32.333701928457 29.5529647509263 26.7722275733951 23.9914903958643 21.9448522461785 22.10051118003 22.2561701138815 22.4118290477329 22.5674879815844 22.7231469154358 22.8788058492873 23.0344647831387 23.8272629578907 24.8324408796097 25.8376188013288 26.8427967230478 27.8479746447668 28.8531525664859 29.8583304882049 30.995359277725 32.5279406706492 34.0605220635731 35.593103456497 37.1256848494211 38.658266242345 40.1908476352689 41.7234290281931 42.9474966684976 44.0687263912623 45.1899561140272 46.3111858367919 47.4324155595566 48.5536452823215 49.6748750050862 50.6671440230475 51.2725309265984
75.9961665471398 70.9141884485887 65.8322103500376 60.7502322514856 55.6682541529344 50.5862760543833 45.5042979558313 41.971949164073 38.9561434745794 35.9403377850853 32.9245320955917 29.9087264060981 26.8929207166039 23.8771150271103 21.6496456887987 21.7871854040358 21.9247251192729 22.06226483451 22.1998045497471 22.3373442649842 22.4748839802212 22.6124236954583 23.3528386274973 24.2942119651369 25.2355853027767 26.1769586404164 27.118331978056 28.0597053156959 29.0010786533355 30.0936374187467 31.6397524674733 33.1858675161996 34.7319825649259 36.2780976136525 37.8242126623788 39.3703277111051 40.9164427598317 42.1687066396076 43.3230201297334 44.4773336198594 45.6316471099852 46.785960600111 47.940274090237 49.0945875803628 50.1143660121493 50.7305392689175
78.1536836624148 72.9620767593389 67.770469856263 62.5788629531863 57.3872560501105 52.1956491470346 47.0040422439579 43.2679848670963 40.0171106656398 -9999 -9999 -9999 -9999 23.7627396583563 21.3544391314189 21.4738596280416 21.5932801246643 21.7127006212871 21.8321211179098 21.9515416145325 22.0709621111552 22.190382607778 22.8784142971038 23.7559830506642 24.6335518042247 25.511120557785 26.3886893113453 27.2662580649058 28.1438268184662 29.1919155597685 30.7515642642975 32.3112129688262 33.8708616733549 35.4305103778839 36.9901590824126 38.5498077869413 40.1094564914703 41.3899166107177 42.5773138682046 43.7647111256917 44.9521083831786 46.1395056406655 47.3269028981526 48.5143001556395 49.5615880012512 50.1885476112366
80.3112007776899 75.0099650700893 69.7087293624887 64.4074936548872 59.1062579472866 53.805022239686 48.5037865320845 44.5640205701196 41.0780778567003 -9999 -9999 -9999 -9999 -9999 21.0592325740391 21.1605338520474 21.2618351300558 21.3631364080641 21.4644376860725 21.5657389640809 21.6670402420892 21.7683415200976 22.4039899667103 23.2177541361914 24.0315183056725 24.8452824751536 25.6590466446346 26.4728108141158 27.2865749835968 28.2901937007902 29.8633760611216 31.4365584214527 33.0097407817838 34.5829231421152 36.1561055024463 37.7292878627775 39.3024702231089 40.6111265818277 41.8316076066757 43.052088631524 44.272569656372 45.49305068122 46.7135317060682 47.9340127309162 49.008809990353 49.6465559535556
81.7177150514396 76.4037080764778 71.0897011015161 65.7756941265534 60.4616871515917 55.14768017663 49.8336732016673 45.8748960494998 42.3678621715974 -9999 -9999 -9999 -9999 -9999 -9999 -9999 22.1863203048702 22.1791660520762 -9999 -9999 -9999 22.1505490409001 22.6745731830594 23.3756567902032 24.0767403973471 24.7778240044909 25.4789076116348 26.1799912187787 26.8810748259225 27.7853254053325 29.2990769015417 30.8128283977507 32.3265798939596 33.8403313901689 35.3540828863779 36.8678343825868 38.3815858787961 39.6986339569092 40.9501142289903 42.2015945010716 43.4530747731526 44.7045550452337 45.956035317315 47.2075155893961 48.3178419642978 49.0047066476611
82.3732264836634 77.1433057785042 71.913385073345 66.6834643681848 61.4535436630256 56.2236229578664 50.9937022527063 47.2006113052372 43.8864636103317 -9999 -9999 -9999 -9999 -9999 -9999 -9999 -9999 -9999 -9999 -9999 -9999 -9999 23.6901639461515 24.2296910127001 24.7692180792489 25.3087451457975 25.8482722123462 26.387799278895 26.9273263454436 27.6773106733955 29.0586667855579 30.4400228977202 31.8213790098824 33.2027351220448 34.584091234207 35.9654473463693 37.3468034585317 38.6524387359619 39.932833735148 41.2132287343343 42.4936237335205 43.7740187327066 45.0544137318929 46.334808731079 47.4886839230855 48.2629996935527
83.0287379158873 77.8829034805305 72.7370690451739 67.5912346098163 62.4454001744596 57.2995657391029 52.1537313037453 48.5263265609745 45.405065049066 -9999 -9999 -9999 -9999 -9999 -9999 -9999 -9999 -9999 -9999 -9999 -9999 -9999 -9999 25.0837252351971 25.4616957611506 25.8396662871041 26.2176368130577 26.5956073390112 26.9735778649647 27.5692959414585 28.8182566695742 30.0672173976897 31.3161781258051 32.5651388539208 33.8140995820362 35.0630603101517 36.3120210382674 37.6062435150146 38.9155532413057 40.2248629675971 41.5341726938883 42.8434824201794 44.1527921464708 45.462101872762 46.6595258818732 47.5212927394443
83.6842493481111 78.6225011825569 73.5607530170027 68.4990048514476 63.4372566858934 58.3755085203392 53.3137603547841 49.8520418167117 46.9236664878001 -9999 -9999 -9999 -9999 -9999 -9999 -9999 -9999 -9999 -9999 -9999 -9999 -9999 -9999 -9999 -9999 26.3705874284107 26.5870014137691 26.8034153991275 27.0198293844858 27.4612812095216 28.5778465535905 29.6944118976592 30.8109772417279 31.9275425857968 33.0441079298655 34.1606732739342 35.2772386180031 36.5600482940674 37.8982727474636 39.23649720086 40.5747216542561 41.9129461076523 43.2511705610487 44.5893950144449 45.8303678406609 46.779585785336
84.3397607803349 79.3620988845832 74.3844369888316 69.406775093079 64.4291131973273 59.4514513015757 54.4737894058231 51.177757072449 48.4422679265344 -9999 -9999 -9999 -9999 -9999 -9999 -9999 -9999 -9999 -9999 -9999 -9999 -9999 -9999 -9999 -9999 -9999 -9999 -9999 -9999 27.3532664775846 28.3374364376067 29.3216063976287 30.3057763576506 31.2899463176727 32.2741162776947 33.2582862377166 34.2424561977387 35.5138530731201 36.8809922536213 38.2481314341227 39.615270614624 40.9824097951252 42.3495489756266 43.7166881561278 45.0012097994486 46.0378788312276
84.9952722125588 80.1016965866096 75.2081209606605 70.3145453347104 65.4209697087613 60.5273940828121 55.6338184568621 52.5034723281863 49.9608693652686 -9999 -9999 -9999 -9999 -9999 -9999 -9999 -9999 -9999 -9999 -9999 -9999 -9999 -9999 -9999 -9999 -9999 -9999 -9999 -9999 27.2452517456477 28.097026321623 28.9488008975982 29.8005754735734 30.6523500495487 31.5041246255238 32.355899201499 33.2076737774743 34.4676578521728 35.863711759779 37.2597656673855 38.6558195749918 40.051873482598 41.4479273902045 42.8439812978108 44.1720517582362 45.2961718771193
84.9590706295444 80.2066326141367 75.4541945987289 70.7017565833203 65.9493185679126 61.1968805525048 56.4444425370963 53.413101768494 50.9554600821606 48.4978183958267 -9999 -9999 -9999 -9999 -9999 -9999 -9999 -9999 -9999 -9999 -9999 -9999 -9999 -9999 -9999 -9999 -9999 -9999 -9999 27.5923857000136 28.2787391079795 28.9650925159452 29.651445923911 30.3377993318769 31.0241527398427 31.7105061478084 32.3968595557743 33.6025416533151 34.9813333140478 36.3601249747806 37.7389166355132 39.1177082962459 40.4964999569787 41.8752916177114 43.204712263743 44.3860198656719
84.2311560312913 79.676906967164 75.1226579030366 70.5684088389084 66.014159774781 61.4599107106537 56.9056616465255 53.9066453933719 51.42604007721 48.9454347610476 -9999 -9999 -9999 -9999 -9999 -9999 -9999 -9999 -9999 -9999 -9999 -9999 -9999 -9999 -9999 -9999 -9999 -9999 -9999 28.3946683406827 28.8825747966765 29.3704812526701 29.8583877086638 30.3462941646575 30.8342006206512 31.3221070766449 31.8100135326386 32.9185044765471 34.2338569164274 35.549209356308 36.8645617961883 38.1799142360686 39.4952666759491 40.8106191158294 42.0991913159687 43.3074227968852
83.5032414330383 79.1471813201912 74.7911212073442 70.4350610944965 66.0790009816495 61.7229408688025 57.3668807559547 54.4001890182499 51.8966200722593 49.3930511262684 -9999 -9999 -9999 -9999 -9999 -9999 -9999 -9999 -9999 -9999 -9999 -9999 -9999 -9999 -9999 -9999 -9999 -9999 -9999 29.1969509813519 29.4864104853735 29.775869989395 30.0653294934166 30.3547889974382 30.6442485014597 30.9337080054813 31.2231675095029 32.2344672997791 33.4863805188071 34.7382937378353 35.9902069568633 37.2421201758913 38.4940333949195 39.7459466139475 40.9936703681945 42.2288257280986
82.7753268347852 78.6174556732186 74.459584511652 70.3017133500846 66.143842188518 61.9859710269513 57.828099865384 54.8937326431278 52.3672000673087 49.8406674914892 47.3141349156701 44.787602339851 -9999 -9999 -9999 -9999 -9999 -9999 -9999 -9999 -9999 -9999 -9999 -9999 -9999 -9999 -9999 -9999 -9999 29.999233622021 30.0902461740704 30.1812587261199 30.2722712781694 30.3632838302188 30.4542963822683 30.5453089343178 30.6363214863672 31.5504301230112 32.7389041211869 33.9273781193627 35.1158521175384 36.3043261157141 37.49280011389 38.6812741120657 39.8881494204203 41.150228659312
