data/working_set_collections/6091692-Cassins_Sparrow-MC/2000/bio10.asc
NCOLS 265 
NROWS 230 
XLLCORNER -115.5625 
YLLCORNER 24.8333333333333 
CELLSIZE 0.0833333333333333 
NODATA_value -9999 
[rows 20 to 39 of 230, columns 184 to 229 of 265]
24.4616463025411 24.4694444338481 24.477242565155 24.4800916194916 24.4812909815046 24.4824903435177 24.4836897055308 24.4848890675439 24.486088429557 24.48728779157 24.4942276159922 24.5183888276418 24.5425500392914 24.566711250941 24.5908724625905 24.6150336742401 24.6391948858897 24.6633560975393 24.6668042818705 24.6633481237623 24.6598919656542 24.656435807546 24.6529796494378 24.6495234913296 24.6460673332214 24.6336461332109 24.5943298074934 24.5550134817759 24.5156971560584 24.4763808303409 24.4370645046234 24.3977481789059 24.3584318531884 24.3294864018758 24.3039979086982 24.2785094155206 24.2530209223429 24.2275324291653 24.2020439359877 24.1765554428101 24.1521731853485 24.1311096350352 24.1100460847219 24.0889825344086 24.0679189840953 24.0468554337819
24.4624335924784 24.470891157786 24.4793487230937 24.481899690628 24.482481792238 24.483063893848 24.483645995458 24.4842280970679 24.4848101986779 24.4853923002879 24.4917170683543 24.51526983579 24.5388226032257 24.5623753706614 24.5859281380971 24.6094809055328 24.6330336729685 24.6565864404043 24.6546720822652 24.6442686822679 24.6338652822707 24.6234618822734 24.6130584822761 24.6026550822788 24.5922516822815 24.5770280890995 24.5473439163632 24.5176597436269 24.4879755708907 24.4582913981544 24.4286072254181 24.3989230526818 24.3692388799455 24.3420822779338 24.3157681994968 24.2894541210598 24.2631400426229 24.2368259641859 24.210511885749 24.184197807312 24.1609845320384 24.1470736662547 24.133162800471 24.1192519346873 24.1053410689036 24.0914302031199
24.4632208824158 24.472337881724 24.4814548810323 24.4837077617645 24.4836726029714 24.4836374441783 24.4836022853851 24.483567126592 24.4835319677989 24.4834968090057 24.4892065207163 24.5121508439382 24.53509516716 24.5580394903819 24.5809838136037 24.6039281368256 24.6268724600474 24.6498167832692 24.6425398826599 24.6251892407735 24.6078385988871 24.5904879570007 24.5731373151143 24.555786673228 24.5384360313416 24.520410044988 24.500358025233 24.4803060054779 24.4602539857229 24.4402019659678 24.4201499462128 24.4000979264577 24.3800459067027 24.3546781539917 24.3275384902954 24.3003988265991 24.2732591629028 24.2461194992066 24.2189798355103 24.191840171814 24.1697958787282 24.1630376974742 24.1562795162201 24.149521334966 24.1427631537119 24.1360049724579
24.4640081723531 24.473784605662 24.4835610389709 24.485515832901 24.4848634137048 24.4842109945085 24.4835585753123 24.4829061561161 24.4822537369198 24.4816013177236 24.4866959730784 24.5090318520864 24.5313677310944 24.5537036101023 24.5760394891103 24.5983753681183 24.6207112471263 24.6430471261342 24.6304076830546 24.6061097992791 24.5818119155036 24.5575140317281 24.5332161479526 24.5089182641771 24.4846203804016 24.4637920008765 24.4533721341027 24.4429522673289 24.4325324005551 24.4221125337813 24.4116926670075 24.4012728002336 24.3908529334598 24.3672740300496 24.339308781094 24.3113435321384 24.2833782831828 24.2554130342272 24.2274477852715 24.1994825363159 24.1786072254181 24.1790017286936 24.1793962319692 24.1797907352447 24.1801852385203 24.1805797417959
24.4704005718231 24.4794987307654 24.4885968897078 24.4912133375804 24.4916692150964 24.4921250926124 24.4925809701284 24.4930368476444 24.4934927251604 24.4939486026764 24.4997436894311 24.5215564039018 24.5433691183726 24.5651818328433 24.5869945473141 24.6088072617849 24.6306199762556 24.6524326907264 24.6391441663106 24.6141552289327 24.5891662915548 24.5641773541768 24.5391884167989 24.514199479421 24.489210542043 24.4694260968102 24.4652551280128 24.4610841592153 24.4569131904178 24.4527422216203 24.4485712528229 24.4444002840254 24.4402293152279 24.4172409375509 24.3879800902473 24.3587192429437 24.3294583956401 24.3001975483364 24.2709367010328 24.2416758537292 24.2204047679901 24.2231029669444 24.2258011658986 24.2284993648529 24.2311975638072 24.2338957627614
24.4823980808258 24.4894802570343 24.4965624332428 24.5008002758026 24.5040900071462 24.5073797384898 24.5106694698334 24.513959201177 24.5172489325205 24.5205386638641 24.5283496697744 24.5497244993846 24.5710993289947 24.5924741586049 24.6138489882151 24.6352238178253 24.6565986474355 24.6779734770457 24.668749332428 24.6493255297343 24.6299017270406 24.6104779243469 24.5910541216532 24.5716303189595 24.5522065162659 24.5373123327891 24.5360070069631 24.5347016811371 24.5333963553111 24.5320910294851 24.530785703659 24.529480377833 24.528175052007 24.5045788764954 24.4735524177551 24.4425259590149 24.4114995002747 24.3804730415344 24.3494465827942 24.3184201240539 24.2951885064443 24.2953414122263 24.2954943180084 24.2956472237905 24.2958001295725 24.2959530353546
24.4943955898285 24.4994617833032 24.5045279767778 24.5103872140249 24.516510799196 24.5226343843672 24.5287579695384 24.5348815547095 24.5410051398807 24.5471287250519 24.5569556501177 24.5778925948673 24.5988295396169 24.6197664843665 24.6407034291161 24.6616403738658 24.6825773186154 24.703514263365 24.6983544985453 24.6844958305359 24.6706371625264 24.656778494517 24.6429198265076 24.6290611584981 24.6152024904887 24.605198568768 24.6067588859134 24.6083192030589 24.6098795202043 24.6114398373498 24.6130001544952 24.6145604716407 24.6161207887861 24.5919168154399 24.559124745263 24.5263326750861 24.4935406049093 24.4607485347324 24.4279564645555 24.3951643943787 24.3699722448985 24.3675798575083 24.3651874701182 24.3627950827281 24.3604026953379 24.3580103079478
24.5063930988312 24.509443309572 24.5124935203128 24.5199741522471 24.5289315912459 24.5378890302446 24.5468464692434 24.5558039082421 24.5647613472409 24.5737187862396 24.5855616304609 24.60606069035 24.626559750239 24.6470588101281 24.6675578700171 24.6880569299062 24.7085559897953 24.7290550496843 24.7279596646627 24.7196661313375 24.7113725980123 24.7030790646871 24.6947855313619 24.6864919980367 24.6781984647115 24.6730848047468 24.6775107648637 24.6819367249807 24.6863626850976 24.6907886452145 24.6952146053314 24.6996405654483 24.7040665255652 24.6792547543844 24.6446970727709 24.6101393911574 24.5755817095439 24.5410240279304 24.5064663463169 24.4719086647034 24.4447559833527 24.4398183027903 24.434880622228 24.4299429416656 24.4250052611033 24.420067580541
24.5183906078339 24.5194248358409 24.5204590638479 24.5295610904694 24.5413523832957 24.553143676122 24.5649349689484 24.5767262617747 24.588517554601 24.6003088474274 24.6141676108042 24.6342287858327 24.6542899608612 24.6743511358897 24.6944123109182 24.7144734859466 24.7345346609751 24.7545958360036 24.75756483078 24.7548364321391 24.7521080334981 24.7493796348572 24.7466512362162 24.7439228375753 24.7411944389343 24.7409710407257 24.7482626438141 24.7555542469024 24.7628458499908 24.7701374530792 24.7774290561676 24.784720659256 24.7920122623443 24.7665926933288 24.7302694002787 24.6939461072286 24.6576228141785 24.6212995211283 24.5849762280782 24.5486529350281 24.5195397218068 24.5120567480723 24.5045737743378 24.4970908006032 24.4896078268687 24.4821248531341
24.5303881168365 24.5294063621097 24.5284246073829 24.5391480286916 24.5537731753455 24.5683983219994 24.5830234686534 24.5976486153073 24.6122737619612 24.6268989086151 24.6427735911475 24.6623968813154 24.6820201714834 24.7016434616513 24.7212667518192 24.7408900419871 24.760513332155 24.7801366223229 24.7871699968974 24.7900067329407 24.792843468984 24.7956802050273 24.7985169410705 24.8013536771138 24.8041904131571 24.8088572767046 24.8190145227644 24.8291717688242 24.8393290148841 24.8494862609439 24.8596435070038 24.8698007530636 24.8799579991235 24.8539306322733 24.8158417277866 24.7777528232998 24.7396639188131 24.7015750143263 24.6634861098395 24.6253972053528 24.594323460261 24.5842951933543 24.5742669264475 24.5642386595408 24.5542103926341 24.5441821257273
24.574063873291 24.572438981798 24.5708140903049 24.5819410483042 24.597318622801 24.6126961972978 24.6280737717946 24.6434513462914 24.6588289207882 24.674206495285 24.6904153347015 24.7091179688771 24.7278206030528 24.7465232372284 24.765225871404 24.7839285055796 24.8026311397552 24.8213337739309 24.8306660652161 24.8368749088711 24.8430837525262 24.8492925961812 24.8555014398363 24.8617102834913 24.8679191271464 24.8748432848189 24.8839133845435 24.8929834842682 24.9020535839928 24.9111236837175 24.9201937834422 24.9292638831668 24.9383339828915 24.9132716814677 24.8768319129944 24.8403921445211 24.8039523760478 24.7675126075745 24.7310728391012 24.6946330706278 24.664446539349 24.6530197196537 24.6415928999583 24.6301660802629 24.6187392605676 24.6073124408722
24.6494178771973 24.6485226949056 24.6476275126139 24.6579401493072 24.6719887256622 24.6860373020172 24.7000858783722 24.7141344547272 24.7281830310821 24.7422316074371 24.7570928414663 24.7743920485178 24.7916912555694 24.808990462621 24.8262896696726 24.8435888767242 24.8608880837758 24.8781872908274 24.8880530357361 24.8954409599304 24.9028288841247 24.9102168083191 24.9176047325134 24.9249926567078 24.9323805809021 24.9389290650686 24.9429592291514 24.9469893932342 24.9510195573171 24.9550497213999 24.9590798854828 24.9631100495656 24.9671402136485 24.9446158409119 24.9132399559021 24.8818640708923 24.8504881858826 24.8191123008728 24.787736415863 24.7563605308533 24.7299089590708 24.7182303269704 24.70655169487 24.6948730627696 24.6831944306691 24.6715157985687
24.7247718811035 24.7246064080132 24.7244409349229 24.7339392503102 24.7466588285234 24.7593784067366 24.7720979849497 24.7848175631629 24.7975371413761 24.8102567195892 24.823770348231 24.8396661281586 24.8555619080861 24.8714576880137 24.8873534679413 24.9032492478688 24.9191450277964 24.935040807724 24.9454400062561 24.9540070109897 24.9625740157233 24.9711410204569 24.9797080251906 24.9882750299242 24.9968420346578 25.0030148453183 25.0020050737593 25.0009953022003 24.9999855306413 24.9989757590824 24.9979659875234 24.9969562159644 24.9959464444054 24.975960000356 24.9496479988098 24.9233359972636 24.8970239957174 24.8707119941711 24.8443999926249 24.8180879910787 24.7953713787926 24.7834409342872 24.7715104897817 24.7595800452762 24.7476496007707 24.7357191562653
24.8001258850098 24.8006901211209 24.801254357232 24.8099383513133 24.8213289313846 24.832719511456 24.8441100915273 24.8555006715986 24.86689125167 24.8782818317413 24.8904478549957 24.9049402077993 24.9194325606028 24.9339249134064 24.9484172662099 24.9629096190135 24.977401971817 24.9918943246206 25.0028269767761 25.012573062049 25.0223191473219 25.0320652325948 25.0418113178677 25.0515574031406 25.0613034884135 25.067100625568 25.0610509183672 25.0550012111664 25.0489515039656 25.0429017967648 25.036852089564 25.0308023823632 25.0247526751624 25.0073041598002 24.9860560417175 24.9648079236348 24.9435598055522 24.9223116874695 24.9010635693868 24.8798154513041 24.8608337985145 24.8486515416039 24.8364692846934 24.8242870277829 24.8121047708723 24.7999225139618
24.875479888916 24.8767738342285 24.878067779541 24.8859374523163 24.8959990342458 24.9060606161753 24.9161221981048 24.9261837800344 24.9362453619639 24.9463069438934 24.9571253617604 24.97021428744 24.9833032131195 24.996392138799 25.0094810644785 25.0225699901581 25.0356589158376 25.0487478415171 25.0602139472961 25.0711391131083 25.0820642789205 25.0929894447327 25.1039146105448 25.114839776357 25.1257649421692 25.1311864058177 25.1200967629751 25.1090071201324 25.0979174772898 25.0868278344472 25.0757381916046 25.064648548762 25.0535589059194 25.0386483192444 25.0224640846252 25.0062798500061 24.990095615387 24.9739113807678 24.9577271461487 24.9415429115295 24.9262962182363 24.9138621489207 24.9014280796051 24.8889940102895 24.8765599409739 24.8641258716583
24.9508338928223 24.9528575473361 24.95488120185 24.9619365533193 24.970669137107 24.9794017208947 24.9881343046824 24.9968668884701 25.0055994722578 25.0143320560455 25.0238028685252 25.0354883670807 25.0471738656362 25.0588593641917 25.0705448627472 25.0822303613027 25.0939158598582 25.1056013584137 25.1176009178162 25.1297051641676 25.1418094105191 25.1539136568705 25.166017903222 25.1781221495734 25.1902263959249 25.1952721860674 25.1791426075829 25.1630130290985 25.1468834506141 25.1307538721297 25.1146242936452 25.0984947151608 25.0823651366764 25.0699924786886 25.058872127533 25.0477517763774 25.0366314252218 25.0255110740662 25.0143907229106 25.003270371755 24.9917586379581 24.9790727562374 24.9663868745168 24.9537009927962 24.9410151110755 24.9283292293549
25.0336961746216 25.0361166000366 25.0385370254516 25.0436280727386 25.0496093273163 25.0555905818939 25.0615718364715 25.0675530910492 25.0735343456268 25.0795156002045 25.0863814883762 25.0959012773302 25.1054210662842 25.1149408552382 25.1244606441922 25.1339804331461 25.1435002221001 25.1530200110541 25.1638970375061 25.1752264764574 25.1865559154087 25.1978853543599 25.2092147933112 25.2205442322625 25.2318736712138 25.2359558211433 25.2182961040073 25.2006363868713 25.1829766697354 25.1653169525994 25.1476572354635 25.1299975183275 25.1123378011915 25.1017060438792 25.0934169398414 25.0851278358036 25.0768387317657 25.0685496277279 25.0602605236901 25.0519714196523 25.0425670570797 25.0298169189029 25.0170667807261 25.0043166425493 24.9915665043725 24.9788163661957
25.124066734314 25.1265509923299 25.1290352503459 25.1310120105743 25.1328196048736 25.134627199173 25.1364347934723 25.1382423877716 25.1400499820709 25.1418575763702 25.1448612213135 25.1514530181885 25.1580448150635 25.1646366119385 25.1712284088135 25.1778202056885 25.1844120025635 25.1910037994385 25.199102306366 25.2077030499776 25.2163037935893 25.2249045372009 25.2335052808126 25.2421060244242 25.2507067680359 25.2532373110453 25.2375572522481 25.2218771934509 25.2061971346537 25.1905170758565 25.1748370170593 25.1591569582621 25.1434768994649 25.1337890148163 25.1260985215505 25.1184080282847 25.1107175350189 25.1030270417531 25.0953365484873 25.0876460552216 25.0787214756012 25.0660946369171 25.053467798233 25.0408409595489 25.0282141208649 25.0155872821808
25.2144372940063 25.2169853846232 25.2195334752401 25.21839594841 25.216029882431 25.213663816452 25.211297750473 25.208931684494 25.206565618515 25.204199552536 25.2033409542507 25.2070047590468 25.2106685638428 25.2143323686388 25.2179961734348 25.2216599782308 25.2253237830268 25.2289875878228 25.2343075752258 25.2401796234978 25.2460516717699 25.2519237200419 25.2577957683139 25.263667816586 25.269539864858 25.2705188009474 25.256818400489 25.2431180000305 25.2294175995721 25.2157171991136 25.2020167986552 25.1883163981968 25.1746159977383 25.1658719857534 25.1587801032596 25.1516882207659 25.1445963382721 25.1375044557783 25.1304125732846 25.1233206907908 25.1148758941226 25.1023723549313 25.0898688157399 25.0773652765486 25.0648617373572 25.0523581981659
25.3048078536987 25.3074197769165 25.3100317001343 25.3057798862457 25.2992401599884 25.2927004337311 25.2861607074737 25.2796209812164 25.2730812549591 25.2665415287018 25.261820687188 25.262556499905 25.2632923126221 25.2640281253391 25.2647639380561 25.2654997507731 25.2662355634901 25.2669713762071 25.2695128440857 25.2726561970181 25.2757995499505 25.2789429028829 25.2820862558153 25.2852296087477 25.2883729616801 25.2878002908495 25.2760795487298 25.2643588066101 25.2526380644904 25.2409173223707 25.2291965802511 25.2174758381314 25.2057550960117 25.1979549566905 25.1914616849687 25.184968413247 25.1784751415253 25.1719818698035 25.1654885980818 25.1589953263601 25.1510303126441 25.1386500729455 25.1262698332469 25.1138895935482 25.1015093538496 25.089129114151
