data/working_set_collections/6091692-Cassins_Sparrow-MC/2000/bio1.asc
NCOLS 265 
NROWS 230 
XLLCORNER -115.5625 
YLLCORNER 24.8333333333333 
CELLSIZE 0.0833333333333333 
NODATA_value -9999 
[rows 160 to 179 of 230, columns 138 to 183 of 265]
17.7830072085063 17.8941542625427 18.0053013165792 18.1164483706157 18.2169827461243 18.3139795621236 18.410976378123 18.5079731941223 18.6049700101217 18.701966826121 18.7989636421204 18.8927384058635 18.9768470128378 19.060955619812 19.1450642267863 19.2291728337606 19.3132814407349 19.3973900477092 19.4814986546834 19.5458235263825 19.6035538196564 19.6612841129303 19.7190144062042 19.7767446994781 19.8344749927521 19.892205286026 19.9331112384796 19.9235441684723 19.913977098465 19.9044100284576 19.8948429584503 19.885275888443 19.8757088184356 19.8661417484283 19.8346095561981 19.7957556565603 19.7569017569224 19.7180478572845 19.6791939576467 19.6403400580088 19.601486158371 19.5678096135457 19.5496651331584 19.531520652771 19.5133761723836 19.4952316919963
17.5981418715583 17.6794573148092 17.76077275806 17.8420882013109 17.9315550804138 18.0237391048008 18.1159231291877 18.2081071535747 18.3002911779616 18.3924752023485 18.4846592267355 18.5815443462796 18.6925327512953 18.8035211563111 18.9145095613268 19.0254979663425 19.1364863713582 19.247474776374 19.3584631813897 19.4504387696584 19.5360767523448 19.6217147350311 19.7073527177175 19.7929907004038 19.8786286830902 19.9642666657765 20.0266847557492 20.0194431675805 20.0122015794118 20.0049599912431 19.9977184030745 19.9904768149058 19.9832352267371 19.9759936385684 19.9380505720774 19.889873679479 19.8416967868805 19.793519894282 19.7453430016836 19.6971661090851 19.6489892164866 19.6067422019111 19.5822848214044 19.5578274408976 19.5333700603909 19.5089126798842
17.58255065812 17.640239795049 17.697928931978 17.755618068907 17.8398660182953 17.93296690517 18.0260677920447 18.1191686789194 18.2122695657942 18.3053704526689 18.3984713395436 18.5008080111609 18.6308520370059 18.7608960628509 18.8909400886959 19.0209841145409 19.1510281403859 19.2810721662309 19.4111161920759 19.5172708670298 19.6154624250199 19.7136539830101 19.8118455410003 19.9100370989905 20.0082286569807 20.1064202149708 20.1779817846086 20.1696533891889 20.1613249937693 20.1529965983496 20.14466820293 20.1363398075103 20.1280114120907 20.119683016671 20.0736993948618 20.0151640309228 19.9566286669837 19.8980933030446 19.8395579391056 19.7810225751665 19.7224872112274 19.6703194035424 19.6372542646196 19.6041891256968 19.571123986774 19.5380588478512
17.7362335681915 17.7765017032623 17.8167698383331 17.8570379734039 17.9419155597686 18.0416629632314 18.1414103666941 18.2411577701568 18.3409051736195 18.4406525770823 18.540399980545 18.6505294005076 18.7918048699696 18.9330803394317 19.0743558088938 19.2156312783558 19.3569067478179 19.49818221728 19.6394576867421 19.7463198184966 19.841710837682 19.9371018568674 20.0324928760528 20.1278838952382 20.2232749144236 20.318665933609 20.3870023250579 20.3741748332977 20.3613473415374 20.3485198497772 20.3356923580169 20.3228648662567 20.3100373744964 20.2972098827362 20.2415560245514 20.1716267108917 20.101697397232 20.0317680835724 19.9618387699127 19.8919094562531 19.8219801425934 19.7585412184397 19.7145734628042 19.6706057071686 19.626637951533 19.5826701958974
17.889916478263 17.9127636114756 17.9356107446882 17.9584578779008 18.043965101242 18.1503590212928 18.2567529413435 18.3631468613942 18.4695407814449 18.5759347014957 18.6823286215464 18.8002507898542 18.9527577029334 19.1052646160125 19.2577715290917 19.4102784421708 19.56278535525 19.7152922683291 19.8677991814083 19.9753687699635 20.0679592503441 20.1605497307247 20.2531402111053 20.3457306914859 20.4383211718665 20.5309116522471 20.5960228655073 20.5786962774065 20.5613696893056 20.5440431012047 20.5267165131039 20.509389925003 20.4920633369022 20.4747367488013 20.4094126542409 20.3280893908607 20.2467661274804 20.1654428641001 20.0841196007199 20.0027963373396 19.9214730739594 19.8467630333371 19.7918926609887 19.7370222886403 19.682151916292 19.6272815439436
18.0435993883345 18.0490255196889 18.0544516510433 18.0598777823978 18.1460146427154 18.2590550793541 18.3720955159929 18.4851359526316 18.5981763892703 18.711216825909 18.8242572625478 18.9499721792008 19.1137105358971 19.2774488925933 19.4411872492895 19.6049256059858 19.768663962682 19.9324023193782 20.0961406760745 20.2044177214304 20.2942076630062 20.383997604582 20.4737875461578 20.5635774877336 20.6533674293094 20.7431573708852 20.8050434059567 20.7832177215152 20.7613920370737 20.7395663526323 20.7177406681908 20.6959149837494 20.6740892993079 20.6522636148664 20.5772692839304 20.4845520708296 20.3918348577287 20.2991176446279 20.206400431527 20.1136832184262 20.0209660053253 19.9349848482344 19.8692118591732 19.8034388701121 19.737665881051 19.6718928919898
18.1972822984059 18.1852874279022 18.1732925573985 18.1612976868947 18.2480641841888 18.3677511374155 18.4874380906422 18.607125043869 18.7268119970957 18.8464989503224 18.9661859035491 19.0996935685475 19.2746633688608 19.4496331691741 19.6246029694874 19.7995727698007 19.9745425701141 20.1495123704274 20.3244821707407 20.4334666728973 20.5204560756683 20.6074454784393 20.6944348812103 20.7814242839813 20.8684136867523 20.9554030895233 21.014063946406 20.987739165624 20.9614143848419 20.9350896040598 20.9087648232778 20.8824400424957 20.8561152617136 20.8297904809316 20.74512591362 20.6410147507985 20.5369035879771 20.4327924251556 20.3286812623342 20.2245700995127 20.1204589366913 20.0232066631317 19.9465310573578 19.8698554515839 19.7931798458099 19.716504240036
18.3509652084774 18.3215493361155 18.2921334637536 18.2627175913917 18.3501137256622 18.4764471954769 18.6027806652916 18.7291141351064 18.8554476049211 18.9817810747358 19.1081145445505 19.2494149578942 19.4356162018245 19.621817445755 19.8080186896853 19.9942199336157 20.1804211775461 20.3666224214765 20.5528236654069 20.6625156243642 20.7467044883304 20.8308933522966 20.9150822162628 20.999271080229 21.0834599441952 21.1676488081614 21.2230844868554 21.1922606097327 21.16143673261 21.1306128554874 21.0997889783647 21.068965101242 21.0381412241194 21.0073173469967 20.9129825433095 20.7974774307675 20.6819723182254 20.5664672056834 20.4509620931414 20.3354569805993 20.2199518680573 20.111428478029 20.0238502555423 19.9362720330556 19.8486938105689 19.7611155880822
18.567274347941 18.5332197825113 18.4991652170817 18.465110651652 18.5487567106882 18.6716363112131 18.794515911738 18.9173955122629 19.0402751127878 19.1631547133127 19.2860343138376 19.4217790656619 19.5961192713843 19.7704594771067 19.9447996828291 20.1191398885514 20.2934800942738 20.4678202999962 20.6421605057186 20.7502572059631 20.836272737715 20.9222882694668 21.0083038012187 21.0943193329705 21.1803348647223 21.2663503964742 21.32554391755 21.3042714065976 21.2829988956451 21.2617263846927 21.2404538737403 21.2191813627879 21.1979088518354 21.176636340883 21.0837631384531 20.9670230388641 20.8502829392751 20.7335428396861 20.616802740097 20.500062640508 20.383322540919 20.272699827618 20.1804292731815 20.0881587187449 19.9958881643083 19.9036176098717
18.8462097167968 18.8202987670898 18.7943878173828 18.7684768676757 18.8439931392669 18.9533184846242 19.0626438299814 19.1719691753387 19.2812945206959 19.3906198660532 19.4999452114105 19.6167858918507 19.75617257754 19.8955592632293 20.0349459489186 20.1743326346079 20.3137193202972 20.4531060059865 20.5924926916758 20.6966914176941 20.789160823822 20.8816302299499 20.9740996360779 21.0665690422058 21.1590384483337 21.2515078544617 21.3214422384898 21.3237715562185 21.3261008739471 21.3284301916758 21.3307595094045 21.3330888271332 21.3354181448618 21.3377474625905 21.2574676990509 21.1496515750885 21.0418354511261 20.9340193271637 20.8262032032013 20.7183870792389 20.6105709552765 20.5070207118988 20.4162681102753 20.3255155086517 20.2347629070282 20.1440103054046
19.1251450856526 19.1073777516683 19.0896104176839 19.0718430836995 19.1392295678456 19.2350006580352 19.3307717482248 19.4265428384145 19.5223139286041 19.6180850187937 19.7138561089833 19.8117927180396 19.9162258836958 20.020659049352 20.1250922150082 20.2295253806644 20.3339585463206 20.4383917119768 20.542824877633 20.643125629425 20.742048909929 20.8409721904331 20.9398954709371 21.0388187514411 21.1377420319451 21.2366653124491 21.3173405594296 21.3432717058394 21.3692028522491 21.3951339986589 21.4210651450687 21.4469962914785 21.4729274378882 21.498858584298 21.4311722596486 21.3322801113129 21.2333879629771 21.1344958146413 21.0356036663055 20.9367115179698 20.837819369634 20.7413415961795 20.652106947369 20.5628722985585 20.473637649748 20.3844030009376
19.4040804545084 19.3944567362467 19.384833017985 19.3752092997232 19.4344659964243 19.5166828314463 19.5988996664682 19.6811165014902 19.7633333365122 19.8455501715342 19.9277670065561 20.0067995442284 20.0762791898515 20.1457588354746 20.2152384810977 20.2847181267208 20.3541977723439 20.423677417967 20.4931570635901 20.589559841156 20.6949369960361 20.8003141509162 20.9056913057963 21.0110684606764 21.1164456155565 21.2218227704366 21.3132388803694 21.3627718554603 21.4123048305511 21.461837805642 21.5113707807329 21.5609037558237 21.6104367309146 21.6599697060055 21.6048768202464 21.5149086475372 21.4249404748281 21.3349723021189 21.2450041294098 21.1550359567006 21.0650677839915 20.9756624804602 20.8879457844628 20.8002290884653 20.7125123924679 20.6247956964704
19.6830158233642 19.6815357208251 19.6800556182861 19.678575515747 19.729702425003 19.7983650048573 19.8670275847116 19.935690164566 20.0043527444203 20.0730153242746 20.141677904129 20.2018063704172 20.2363324960072 20.2708586215973 20.3053847471873 20.3399108727773 20.3744369983673 20.4089631239573 20.4434892495473 20.535994052887 20.6478250821431 20.7596561113993 20.8714871406555 20.9833181699117 21.0951491991679 21.2069802284241 21.3091372013092 21.3822720050812 21.4554068088531 21.5285416126251 21.6016764163971 21.674811220169 21.747946023941 21.821080827713 21.7785813808441 21.6975371837616 21.6164929866791 21.5354487895965 21.454404592514 21.3733603954315 21.292316198349 21.209983364741 21.1237846215566 21.0375858783722 20.9513871351878 20.8651883920034
19.96195119222 19.9686147054036 19.9752782185872 19.9819417317708 20.0249388535817 20.0800471782684 20.1351555029551 20.1902638276418 20.2453721523284 20.3004804770151 20.3555888017018 20.3968131966061 20.396385802163 20.3959584077199 20.3955310132768 20.3951036188337 20.3946762243907 20.3942488299476 20.3938214355045 20.4824282646179 20.6007131682502 20.7189980718824 20.8372829755147 20.955567879147 21.0738527827792 21.1921376864115 21.305035522249 21.4017721547021 21.4985087871551 21.5952454196082 21.6919820520613 21.7887186845143 21.8854553169674 21.9821919494205 21.9522859414418 21.880165719986 21.8080454985301 21.7359252770742 21.6638050556183 21.5916848341624 21.5195646127065 21.4443042490217 21.3596234586504 21.274942668279 21.1902618779076 21.1055810875363
20.0928914335039 20.1144898891449 20.1360883447859 20.1576868004269 20.206755956014 20.2649820115831 20.3232080671522 20.3814341227213 20.4396601782904 20.4978862338595 20.5561122894287 20.5868623362647 20.5351843569014 20.483506377538 20.4318283981747 20.3801504188114 20.3284724394481 20.2767944600848 20.2251164807214 20.2994483629863 20.4157835324606 20.5321187019348 20.6484538714091 20.7647890408834 20.8811242103577 20.997459379832 21.1182890309228 21.2526021268633 21.3869152228038 21.5212283187442 21.6555414146847 21.7898545106252 21.9241676065657 22.0584807025061 22.0502398649852 21.9944810496436 21.9387222343021 21.8829634189606 21.827204603619 21.7714457882775 21.715686972936 21.654093615214 21.5749966303507 21.4958996454874 21.4168026606242 21.3377056757609
20.0758365472158 20.1191612720489 20.1624859968821 20.2058107217153 20.2751537322998 20.3531695048014 20.431185277303 20.5092010498047 20.5872168223063 20.6652325948079 20.7432483673095 20.7719537893931 20.6527281602224 20.5335025310516 20.4142769018809 20.2950512727102 20.1758256435395 20.0566000143688 19.937374385198 19.987054347992 20.0930361747742 20.1990180015564 20.3049998283387 20.4109816551209 20.5169634819031 20.6229453086853 20.7488977273305 20.9347619215647 21.120626115799 21.3064903100332 21.4923545042674 21.6782186985016 21.8640828927358 22.04994708697 22.072443151474 22.0404831727346 22.0085231939952 21.9765632152557 21.9446032365163 21.9126432577769 21.8806832790375 21.8393514633179 21.7699041366577 21.7004568099975 21.6310094833374 21.5615621566772
20.0587816609277 20.123832654953 20.1888836489783 20.2539346430037 20.3435515085856 20.4413569980197 20.5391624874538 20.636967976888 20.7347734663221 20.8325789557562 20.9303844451904 20.9570452425215 20.7702719635434 20.5834986845653 20.3967254055871 20.209952126609 20.0231788476309 19.8364055686528 19.6496322896746 19.6746603329977 19.7702888170878 19.865917301178 19.9615457852682 20.0571742693583 20.1528027534485 20.2484312375387 20.3795064237383 20.6169217162662 20.8543370087941 21.0917523013221 21.32916759385 21.5665828863779 21.8039981789059 22.0414134714338 22.0946464379629 22.0864852958255 22.0783241536882 22.0701630115509 22.0620018694136 22.0538407272763 22.0456795851389 22.0246093114217 21.9648116429647 21.9050139745076 21.8452163060506 21.7854186375936
20.0417267746395 20.128504037857 20.2152813010745 20.302058564292 20.4119492848714 20.529544491238 20.6471396976047 20.7647349039713 20.8823301103379 20.9999253167046 21.1175205230712 21.1421366956499 20.8878157668644 20.6334948380788 20.3791739092933 20.1248529805078 19.8705320517223 19.6162111229368 19.3618901941513 19.3622663180034 19.4475414594015 19.5328166007996 19.6180917421977 19.7033668835958 19.7886420249939 19.8739171663921 20.010115120146 20.2990815109677 20.5880479017894 20.877014292611 21.1659806834326 21.4549470742543 21.743913465076 22.0328798558976 22.1168497244517 22.1324874189165 22.1481251133813 22.163762807846 22.1794005023108 22.1950381967756 22.2106758912404 22.2098671595255 22.1597191492716 22.1095711390177 22.0594231287638 22.0092751185099
20.0246718883514 20.1331754207611 20.2416789531707 20.3501824855804 20.4803470611572 20.6177319844563 20.7551169077555 20.8925018310546 21.0298867543538 21.1672716776529 21.3046566009521 21.3272281487783 21.0053595701854 20.6834909915925 20.3616224129995 20.0397538344066 19.7178852558137 19.3960166772208 19.0741480986279 19.0498723030091 19.1247941017151 19.1997159004212 19.2746376991272 19.3495594978333 19.4244812965393 19.4994030952454 19.6407238165537 19.9812413056691 20.3217587947845 20.6622762838999 21.0027937730153 21.3433112621307 21.6838287512461 22.0243462403614 22.1390530109405 22.1784895420074 22.2179260730743 22.2573626041412 22.2967991352081 22.336235666275 22.3756721973419 22.3951250076294 22.3546266555786 22.3141283035278 22.273629951477 22.2331315994262
20.0076170020633 20.1378468036651 20.268076605267 20.3983064068688 20.548744837443 20.7059194776746 20.8630941179063 21.020268758138 21.1774433983696 21.3346180386013 21.491792678833 21.5123196019067 21.1229033735064 20.7334871451061 20.3440709167058 19.9546546883054 19.5652384599051 19.1758222315048 18.7864060031045 18.7374782880148 18.8020467440288 18.8666152000428 18.9311836560568 18.9957521120708 19.0603205680847 19.1248890240988 19.2713325129615 19.6634011003705 20.0554696877797 20.4475382751888 20.8396068625979 21.2316754500071 21.6237440374162 22.0158126248253 22.1612562974294 22.2244916650984 22.2877270327674 22.3509624004364 22.4141977681054 22.4774331357744 22.5406685034434 22.5803828557332 22.5495341618856 22.5186854680379 22.4878367741902 22.4569880803426
