data/working_set_collections/6091692-Cassins_Sparrow-MC/2000/bio1.asc
NCOLS 265 
NROWS 230 
XLLCORNER -115.5625 
YLLCORNER 24.8333333333333 
CELLSIZE 0.0833333333333333 
NODATA_value -9999 
[rows 180 to 199 of 230, columns 92 to 137 of 265]
14.3119448741277 14.2497015078863 14.1874581416448 14.1252147754034 14.0629714091619 14.1082870086034 14.1894555966059 14.2706241846085 14.351792772611 14.4329613606135 14.514129948616 14.5952985366185 14.7456519762674 15.1035599708557 15.4614679654439 15.8193759600321 16.1772839546203 16.5351919492085 16.8930999437967 17.251007938385 17.5945898691812 17.9333964453802 18.2722030215793 18.6110095977783 18.9498161739772 19.2886227501763 19.6274293263753 19.8827789730496 19.8877578311496 19.8927366892497 19.8977155473497 19.9026944054498 19.9076732635498 19.9126521216499 19.9176309797499 19.8629995505015 19.7884980254703 19.7139965004391 19.6394949754079 19.5649934503768 19.4904919253456 19.4159904003144 19.3937424341837 19.528255144755 19.6627678553263 19.7972805658976
14.2415553331375 14.1686626672745 14.0957700014115 14.0228773355484 13.9499846696854 14.0044758558273 14.101428325971 14.1983807961146 14.2953332662582 14.3922857364019 14.4892382065455 14.5861906766891 14.7495810508727 15.1122851371765 15.4749892234802 15.8376933097838 16.2003973960876 16.5631014823913 16.925805568695 17.2885096549987 17.6281826019286 17.9601785024006 18.2921744028727 18.6241703033447 18.9561662038167 19.2881621042887 19.6201580047607 19.8696809132894 19.871784845988 19.8738887786865 19.8759927113851 19.8780966440837 19.8802005767822 19.8823045094808 19.8844084421794 19.8245863437653 19.7441222349803 19.6636581261953 19.5831940174103 19.5027299086253 19.4222657998403 19.3418016910553 19.311791674296 19.4331439336141 19.5544961929321 19.6758484522502
14.1711657921473 14.0876238266627 14.0040818611781 13.9205398956935 13.8369979302089 13.9006647030512 14.013401055336 14.1261374076207 14.2388737599055 14.3516101121902 14.464346464475 14.5770828167597 14.753510125478 15.1210103034973 15.4885104815165 15.8560106595356 16.2235108375549 16.5910110155741 16.9585111935933 17.3260113716125 17.661775334676 17.986960559421 18.3121457841661 18.6373310089111 18.9625162336561 19.2877014584011 19.6128866831461 19.8565828535292 19.8558118608263 19.8550408681234 19.8542698754205 19.8534988827176 19.8527278900147 19.8519568973117 19.8511859046088 19.786173137029 19.6997464444902 19.6133197519515 19.5268930594127 19.4404663668739 19.3540396743351 19.2676129817963 19.2298409144084 19.3380327224731 19.4462245305379 19.5544163386027
14.1007762511572 14.006584986051 13.9123937209448 13.8182024558386 13.7240111907324 13.7968535502752 13.925373784701 14.0538940191269 14.1824142535527 14.3109344879786 14.4394547224045 14.5679749568303 14.7574392000833 15.1297354698181 15.5020317395528 15.8743280092874 16.2466242790222 16.6189205487568 16.9912168184915 17.3635130882263 17.6953680674234 18.0137426164414 18.3321171654595 18.6504917144775 18.9688662634955 19.2872408125135 19.6056153615315 19.843484793769 19.8398388756646 19.8361929575602 19.8325470394558 19.8289011213515 19.8252552032471 19.8216092851427 19.8179633670383 19.7477599302928 19.6553706540002 19.5629813777076 19.470592101415 19.3782028251224 19.2858135488299 19.1934242725373 19.1478901545207 19.2429215113322 19.3379528681437 19.4329842249552
14.030386710167 13.9255461454392 13.8207055807114 13.7158650159836 13.6110244512558 13.6930423974991 13.837346514066 13.981650630633 14.1259547472 14.270258863767 14.414562980334 14.5588670969009 14.7613682746886 15.1384606361389 15.515552997589 15.8926453590392 16.2697377204895 16.6468300819396 17.0239224433898 17.40101480484 17.7289608001708 18.0405246734618 18.3520885467529 18.6636524200439 18.9752162933349 19.2867801666259 19.5983440399169 19.8303867340088 19.8238658905029 19.8173450469971 19.8108242034912 19.8043033599854 19.7977825164795 19.7912616729736 19.7847408294678 19.7093467235565 19.6109948635102 19.5126430034638 19.4142911434174 19.315939283371 19.2175874233246 19.1192355632782 19.065939394633 19.1478103001912 19.2296812057495 19.3115521113078
13.9599971691768 13.8445073048274 13.729017440478 13.6135275761287 13.4980377117793 13.589231244723 13.7493192434311 13.9094072421392 14.0694952408472 14.2295832395553 14.3896712382634 14.5497592369715 14.7652973492939 15.1471858024597 15.5290742556253 15.910962708791 16.2928511619567 16.6747396151224 17.0566280682881 17.4385165214538 17.7625535329182 18.0673067304822 18.3720599280463 18.6768131256103 18.9815663231743 19.2863195207384 19.5910727183024 19.8172886742486 19.8078929053413 19.7984971364339 19.7891013675266 19.7797055986193 19.7703098297119 19.7609140608046 19.7515182918972 19.6709335168203 19.5666190730201 19.4623046292199 19.3579901854197 19.2536757416196 19.1493612978194 19.0450468540192 18.9839886347453 19.0526990890503 19.1214095433553 19.1901199976603
13.9091983583239 13.7753738615248 13.6415493647258 13.5077248679268 13.3739003711277 13.4779412905375 13.661270682017 13.8446000734965 14.027929464976 14.2112588564554 14.3945882479349 14.5779176394144 14.8116211891173 15.1964472134907 15.5812732378641 15.9660992622374 16.3509252866109 16.7357513109842 17.1205773353576 17.505403359731 17.8221484978993 18.1162000073326 18.410251516766 18.7043030261993 18.9983545356326 19.292406045066 19.5864575544993 19.8047264469994 19.7956474887 19.7865685304006 19.7774895721012 19.7684106138017 19.7593316555023 19.7502526972029 19.7411737389035 19.6601604620616 19.5551690790389 19.4501776960161 19.3451863129934 19.2401949299706 19.1352035469479 19.0302121639252 18.9666583697001 19.0274173418681 19.088176314036 19.148935286204
13.8779902776083 13.7181458155314 13.5583013534546 13.3984568913778 13.238612429301 13.3591725349426 13.5732008298238 13.787229124705 14.0012574195861 14.2152857144673 14.4293140093485 14.6433423042297 14.9003397941588 15.2862448692321 15.6721499443053 16.0580550193786 16.4439600944518 16.8298651695251 17.2157702445983 17.6016753196716 17.9077456951141 18.187204504013 18.4666633129119 18.7461221218109 19.0255809307098 19.3050397396087 19.5844985485076 19.7927000522614 19.7871296405792 19.7815592288971 19.775988817215 19.7704184055328 19.7648479938507 19.7592775821686 19.7537071704865 19.6770275592804 19.5766448815664 19.4762622038524 19.3758795261383 19.2754968484243 19.1751141707103 19.0747314929962 19.0139485994975 19.0719650586446 19.1299815177917 19.1879979769389
13.8467821968927 13.6609177695381 13.4750533421835 13.2891889148289 13.1033244874743 13.2404037793477 13.4851309776306 13.7298581759135 13.9745853741963 14.2193125724792 14.4640397707621 14.708766969045 14.9890583992003 15.3760425249735 15.7630266507466 16.1500107765197 16.5369949022928 16.9239790280659 17.310963153839 17.6979472796122 17.9933428923288 18.2582090006934 18.5230751090579 18.7879412174224 19.052807325787 19.3176734341515 19.582539542516 19.7806736575233 19.7786117924584 19.7765499273936 19.7744880623288 19.7724261972639 19.7703643321991 19.7683024671343 19.7662406020694 19.6938946564992 19.5981206840939 19.5023467116886 19.4065727392833 19.3107987668779 19.2150247944726 19.1192508220673 19.0612388292948 19.1165127754211 19.1717867215474 19.2270606676737
13.8155741161771 13.6036897235447 13.3918053309123 13.17992093828 12.9680365456476 13.1216350237528 13.3970611254374 13.672487227122 13.9479133288065 14.2233394304911 14.4987655321757 14.7741916338602 15.0777770042418 15.4658401807149 15.8539033571878 16.2419665336608 16.6300297101338 17.0180928866068 17.4061560630797 17.7942192395528 18.0789400895436 18.3292134973737 18.5794869052039 18.829760313034 19.0800337208641 19.3303071286943 19.5805805365244 19.7686472627852 19.7700939443376 19.7715406258901 19.7729873074426 19.774433988995 19.7758806705475 19.7773273520999 19.7787740336524 19.7107617537181 19.6195964866215 19.5284312195248 19.4372659524282 19.3461006853316 19.254935418235 19.1637701511383 19.1085290590922 19.1610604921976 19.2135919253031 19.2661233584086
13.7843660354615 13.5464616775513 13.3085573196412 13.070652961731 12.8327486038209 13.0028662681579 13.3089912732442 13.6151162783305 13.9212412834167 14.2273662885029 14.5334912935892 14.8396162986755 15.1664956092833 15.5556378364562 15.9447800636291 16.3339222908019 16.7230645179748 17.1122067451476 17.5013489723205 17.8904911994933 18.1645372867584 18.4002179940541 18.6358987013499 18.8715794086456 19.1072601159413 19.3429408232371 19.5786215305328 19.7566208680471 19.7615760962168 19.7665313243866 19.7714865525564 19.7764417807261 19.7813970088959 19.7863522370656 19.7913074652354 19.7276288509369 19.641072289149 19.5545157273611 19.4679591655731 19.3814026037852 19.2948460419973 19.2082894802094 19.1558192888895 19.2056082089742 19.2553971290588 19.3051860491435
13.7531579547459 13.4892336315579 13.22530930837 12.9613849851821 12.6974606619941 12.884097512563 13.220921421051 13.557745329539 13.8945692380269 14.2313931465148 14.5682170550028 14.9050409634907 15.2552142143248 15.6454354921976 16.0356567700703 16.425878047943 16.8160993258158 17.2063206036885 17.5965418815612 17.9867631594339 18.2501344839731 18.4712224907345 18.6923104974958 18.9133985042572 19.1344865110185 19.3555745177799 19.5766625245412 19.744594473309 19.753058248096 19.7615220228831 19.7699857976701 19.7784495724572 19.7869133472443 19.7953771220313 19.8038408968184 19.7444959481557 19.6625480916765 19.5806002351973 19.4986523787181 19.4167045222388 19.3347566657596 19.2528088092804 19.2031095186869 19.2501559257507 19.2972023328145 19.3442487398783
13.8840268717872 13.5922636720869 13.3005004723867 13.0087372726865 12.7169740729862 12.8988142251967 13.2385221613777 13.5782300975587 13.9179380337397 14.2576459699206 14.5973539061016 14.9370618422826 15.2898087316088 15.6816724803712 16.0735362291335 16.4653999778959 16.8572637266582 17.2491274754206 17.6409912241829 18.0328549729453 18.2899796326955 18.502191262775 18.7144028928545 18.9266145229339 19.1388261530134 19.3510377830929 19.5632494131724 19.7251359939575 19.7360474268595 19.7469588597616 19.7578702926636 19.7687817255656 19.7796931584676 19.7906045913696 19.8015160242716 19.744509379069 19.6648633744982 19.5852173699273 19.5055713653565 19.4259253607856 19.3462793562148 19.2666333516439 19.2186510986752 19.265660100513 19.3126691023509 19.3596781041887
14.1769727865855 13.8555517991384 13.5341308116913 13.2127098242442 12.8912888367971 13.0470164060592 13.3617934942245 13.6765705823898 13.991347670555 14.3061247587203 14.6209018468856 14.9356789350509 15.2702791611353 15.664348800977 16.0584184408187 16.4524880806604 16.8465577205022 17.2406273603439 17.6346970001856 18.0287666400273 18.2840727329254 18.4931243101755 18.7021758874257 18.9112274646759 19.120279041926 19.3293306191762 19.5383821964264 19.6982454299927 19.7105436325073 19.722841835022 19.7351400375366 19.7474382400513 19.7597364425659 19.7720346450806 19.7843328475952 19.7276691436768 19.648018137614 19.5683671315511 19.4887161254883 19.4090651194255 19.3294141133627 19.2497631072998 19.2024440288544 19.2521207332611 19.3017974376678 19.3514741420746
14.4699187013838 14.1188399261898 13.7677611509959 13.416682375802 13.065603600608 13.1952185869216 13.4850648270712 13.7749110672209 14.0647573073704 14.35460354752 14.6444497876697 14.9342960278193 15.2507495906617 15.6470251215828 16.0433006525039 16.439576183425 16.8358517143461 17.2321272452672 17.6284027761882 18.0246783071094 18.2781658331553 18.4840573575761 18.689948881997 18.8958404064178 19.1017319308386 19.3076234552595 19.5135149796803 19.6713548660278 19.6850398381551 19.6987248102824 19.7124097824097 19.7260947545369 19.7397797266642 19.7534646987915 19.7671496709188 19.7108289082845 19.6311729007297 19.5515168931749 19.4718608856201 19.3922048780653 19.3125488705106 19.2328928629557 19.1862369590335 19.2385813660092 19.2909257729848 19.3432701799605
14.7628646161821 14.3821280532413 14.0013914903005 13.6206549273597 13.2399183644189 13.343420767784 13.608336159918 13.8732515520519 14.1381669441858 14.4030823363197 14.6679977284537 14.9329131205876 15.2312200201881 15.6297014421886 16.0281828641891 16.4266642861895 16.82514570819 17.2236271301905 17.6221085521909 18.0205899741914 18.2722589333852 18.4749904049767 18.6777218765682 18.8804533481598 19.0831848197513 19.2859162913428 19.4886477629343 19.644464302063 19.6595360438029 19.6746077855428 19.6896795272827 19.7047512690226 19.7198230107625 19.7348947525024 19.7499664942424 19.6939886728923 19.6143276638455 19.5346666547987 19.455005645752 19.3753446367052 19.2956836276584 19.2160226186117 19.1700298892127 19.2250419987572 19.2800541083018 19.3350662178463
15.0558105309805 14.6454161802928 14.2350218296051 13.8246274789175 13.4142331282298 13.4916229486465 13.7316074927647 13.971592036883 14.2115765810012 14.4515611251195 14.6915456692377 14.931530213356 15.2116904497146 15.6123777627945 16.0130650758743 16.4137523889541 16.814439702034 17.2151270151138 17.6158143281936 18.0165016412735 18.2663520336151 18.4659234523773 18.6654948711395 18.8650662899017 19.0646377086639 19.2642091274261 19.4637805461883 19.6175737380981 19.6340322494507 19.6504907608032 19.6669492721558 19.6834077835083 19.6998662948608 19.7163248062134 19.7327833175659 19.6771484375 19.5974824269613 19.5178164164226 19.4381504058838 19.3584843953451 19.2788183848063 19.1991523742676 19.1538228193919 19.2115026315053 19.2691824436188 19.3268622557322
15.3487564457788 14.9087043073442 14.4686521689098 14.0286000304753 13.5885478920407 13.6398251295089 13.8548788256115 14.0699325217141 14.2849862178166 14.5000399139192 14.7150936100218 14.9301473061243 15.192160879241 15.5950540834003 15.9979472875594 16.4008404917186 16.8037336958779 17.2066269000371 17.6095201041962 18.0124133083555 18.260445133845 18.4568564997779 18.6532678657108 18.8496792316436 19.0460905975765 19.2425019635094 19.4389133294423 19.5906831741333 19.6085284550985 19.6263737360636 19.6442190170288 19.662064297994 19.6799095789591 19.6977548599243 19.7156001408895 19.6603082021078 19.5806371900771 19.5009661780464 19.4212951660156 19.3416241539849 19.2619531419542 19.1822821299235 19.137615749571 19.1979632642534 19.2583107789357 19.3186582936181
15.7458929326799 15.2814058356814 14.8169187386831 14.3524316416847 13.8879445446862 13.8950905005136 14.0594474739498 14.2238044473859 14.3881614208221 14.5525183942582 14.7168753676944 14.8812323411306 15.1047175195481 15.5055873129103 15.9064571062723 16.3073268996344 16.7081966929965 17.1090664863586 17.5099362797207 17.9108060730828 18.1553512414297 18.3477882014381 18.5402251614465 18.7326621214549 18.9250990814633 19.1175360414717 19.3099730014801 19.4621692763435 19.4936434957717 19.5251177151998 19.556591934628 19.5880661540561 19.6195403734843 19.6510145929125 19.6824888123406 19.6392841498057 19.5711865266164 19.5030889034271 19.4349912802378 19.3668936570485 19.2987960338593 19.23069841067 19.1964419629838 19.2637090418073 19.3309761206309 19.3982431994544
16.247219991684 15.7635207653045 15.2798215389252 14.7961223125458 14.3124230861664 14.2574190616607 14.3453134377797 14.4332078138987 14.5211021900177 14.6089965661366 14.6968909422556 14.7847853183746 14.9493603706359 15.3439774513244 15.7385945320129 16.1332116127014 16.5278286933899 16.9224457740783 17.3170628547668 17.7116799354553 17.951070356369 18.1387185573578 18.3263667583466 18.5140149593353 18.7016631603241 18.8893113613129 19.0769595623016 19.2320320447286 19.2893773714702 19.3467226982117 19.4040680249532 19.4614133516947 19.5187586784363 19.5761040051778 19.6334493319193 19.6140762805939 19.5691304365794 19.5241845925649 19.4792387485504 19.4342929045359 19.3893470605214 19.3444012165069 19.3303014596303 19.4087399641672 19.4871784687042 19.5656169732411
