data/working_set_collections/6091692-Cassins_Sparrow-MC/2000/bio13.asc
NCOLS 265 
NROWS 230 
XLLCORNER -115.5625 
YLLCORNER 24.8333333333333 
CELLSIZE 0.0833333333333333 
NODATA_value -9999 
[rows 160 to 179 of 230, columns 184 to 229 of 265]
108.472222137451 107.808015187581 107.143808237711 107.242084312439 107.594521395365 107.946958478291 108.299395561218 108.651832644144 109.004269727071 109.356706809997 110.20461769104 112.53894996643 114.873282241821 117.207614517211 119.541946792602 121.876279067993 124.210611343383 126.544943618774 127.355681419373 127.65855439504 127.961427370707 128.264300346375 128.567173322042 128.870046297709 129.172919273377 129.593859608968 130.369002024333 131.144144439697 131.919286855062 132.694429270426 133.469571685791 134.244714101155 135.01985651652 136.411261367798 138.008087031046 139.604912694295 141.201738357544 142.798564020792 144.395389684041 145.99221534729 148.076919555663 151.625259399413 155.173599243163 158.721939086913 162.270278930663 165.818618774413
110.951144154866 110.231735653347 109.512327151828 109.356941922505 109.389564450582 109.422186978658 109.454809506734 109.48743203481 109.520054562886 109.552677090963 110.133612865871 112.359488381279 114.585363896687 116.811239412095 119.037114927503 121.262990442911 123.488865958319 125.714741473727 126.502441596985 126.810749922858 127.119058248732 127.427366574605 127.735674900479 128.043983226352 128.352291552226 128.796746402317 129.64964082506 130.502535247803 131.355429670546 132.208324093289 133.061218516032 133.914112938775 134.767007361518 136.24386100769 137.928701061672 139.613541115654 141.298381169637 142.983221223619 144.668061277601 146.352901331583 148.485434977213 151.961049397785 155.436663818359 158.912278238931 162.387892659504 165.863507080078
113.288598251342 112.630134370592 111.971670489841 111.699707285563 111.556577640109 111.413447994656 111.270318349202 111.127188703748 110.984059058295 110.840929412841 111.250371381971 113.31752819485 115.38468500773 117.45184182061 119.51899863349 121.58615544637 123.65331225925 125.720469072129 126.445075543721 126.722165234883 126.999254926046 127.276344617208 127.55343430837 127.830523999532 128.107613690694 128.553532621595 129.505939271715 130.458345921834 131.410752571953 132.363159222073 133.315565872192 134.267972522311 135.220379172431 136.722148768107 138.407039345635 140.091929923163 141.776820500691 143.461711078219 145.146601655748 146.831492233276 148.943941158718 152.339065127902 155.734189097086 159.12931306627 162.524437035454 165.919561004638
115.48458442688 115.003211339314 114.521838251749 114.270380401611 114.095560963948 113.920741526285 113.745922088623 113.57110265096 113.396283213297 113.221463775634 113.554893239338 115.413069407144 117.271245574951 119.129421742756 120.987597910562 122.845774078369 124.703950246175 126.56212641398 127.183583259582 127.392800331116 127.602017402649 127.811234474182 128.020451545715 128.229668617248 128.438885688782 128.864218266805 129.937897364298 131.011576461792 132.085255559285 133.158934656779 134.232613754272 135.306292851766 136.379971949259 137.846124649047 139.443101882934 141.040079116821 142.637056350708 144.234033584594 145.831010818481 147.427988052368 149.452438100178 152.759306589761 156.066175079345 159.373043568928 162.679912058511 165.986780548095
117.680570602417 117.376288308037 117.072006013658 116.841053517659 116.634544287787 116.428035057915 116.221525828043 116.015016598171 115.808507368299 115.601998138427 115.859415096706 117.508610619438 119.157806142171 120.807001664903 122.456197187635 124.105392710367 125.7545882331 127.403783755832 127.922090975443 128.063435427348 128.204779879252 128.346124331156 128.487468783061 128.628813234965 128.770157686869 129.174903912014 130.369855456882 131.564807001749 132.759758546617 133.954710091484 135.149661636352 136.34461318122 137.539564726087 138.970100529988 140.479164420233 141.988228310478 143.497292200724 145.006356090969 146.515419981214 148.02448387146 149.960935041639 153.179548051621 156.398161061604 159.616774071587 162.835387081569 166.054000091552
119.876556777954 119.74936527676 119.622173775566 119.411726633707 119.173527611626 118.935328589545 118.697129567464 118.458930545383 118.220731523301 117.98253250122 118.163936954074 119.604151831732 121.044366709391 122.484581587049 123.924796464707 125.365011342366 126.805226220024 128.245441097683 128.660598691304 128.73407052358 128.807542355855 128.881014188131 128.954486020406 129.027957852681 129.101429684957 129.485589557224 130.801813549465 132.118037541707 133.434261533949 134.75048552619 136.066709518432 137.382933510674 138.699157502916 140.094076410929 141.515226957533 142.936377504136 144.35752805074 145.778678597344 147.199829143948 148.620979690551 150.469431983099 153.599789513481 156.730147043863 159.860504574245 162.990862104627 166.121219635009
122.072542953491 122.122442245483 122.172341537475 121.982399749755 121.712510935465 121.442622121175 121.172733306884 120.902844492594 120.632955678304 120.363066864013 120.468458811441 121.699693044026 122.930927276611 124.162161509195 125.39339574178 126.624629974365 127.855864206949 129.087098439534 129.399106407165 129.404705619812 129.410304832458 129.415904045105 129.421503257751 129.427102470398 129.432701683044 129.796275202433 131.233771642049 132.671268081665 134.10876452128 135.546260960896 136.983757400512 138.421253840128 139.858750279744 141.21805229187 142.551289494832 143.884526697794 145.217763900756 146.551001103719 147.884238306681 149.217475509643 150.97792892456 154.020030975341 157.062133026122 160.104235076904 163.146337127685 166.188439178466
124.268529129028 124.495519214206 124.722509299384 124.553072865804 124.251494259304 123.949915652805 123.648337046305 123.346758439805 123.045179833306 122.743601226806 122.772980668809 123.79523425632 124.817487843831 125.839741431342 126.861995018853 127.884248606364 128.906502193874 129.928755781385 130.137614123026 130.075340716044 130.013067309062 129.950793902079 129.888520495097 129.826247088114 129.763973681132 130.106960847642 131.665729734632 133.224498621622 134.783267508612 136.342036395602 137.900805282592 139.459574169582 141.018343056572 142.342028172811 143.587352032131 144.832675891452 146.077999750773 147.323323610093 148.568647469414 149.813971328735 151.48642586602 154.440272437201 157.394119008382 160.347965579562 163.301812150742 166.255658721923
124.597114435832 124.936494827271 125.27587521871 125.205172793071 124.997776095073 124.790379397075 124.582982699076 124.375586001078 124.16818930308 123.960792605082 124.036793708801 124.962988217671 125.889182726542 126.815377235412 127.741571744283 128.667766253153 129.593960762024 130.520155270894 130.677726618449 130.579090245565 130.480453872681 130.381817499797 130.283181126912 130.184544754028 130.085908381144 130.396657435099 131.935562769571 133.474468104044 135.013373438517 136.55227877299 138.091184107462 139.630089441935 141.168994776408 142.515683492025 143.798300001356 145.080916510688 146.363533020019 147.646149529351 148.928766038682 150.211382548014 151.904569668239 154.829468621147 157.754367574055 160.679266526963 163.604165479871 166.529064432779
123.058298873902 123.445369084676 123.832439295451 123.938699531555 123.95135644277 123.964013353984 123.976670265198 123.989327176412 124.001984087626 124.01464099884 124.259897931417 125.20295492808 126.146011924743 127.089068921407 128.03212591807 128.975182914734 129.918239911397 130.86129690806 131.019443893433 130.915954208374 130.812464523315 130.708974838257 130.605485153198 130.50199546814 130.398505783081 130.665364964803 132.043270746866 133.42117652893 134.799082310994 136.176988093058 137.554893875122 138.932799657186 140.310705439249 141.739018249512 143.184133402506 144.629248555501 146.074363708496 147.519478861491 148.964594014485 150.40970916748 152.232360331217 155.18761952718 158.142878723144 161.098137919107 164.053397115071 167.008656311035
121.519483311971 121.954243342082 122.389003372192 122.67222627004 122.904936790466 123.137647310893 123.370357831319 123.603068351746 123.835778872172 124.068489392598 124.483002154032 125.442921638488 126.402841122945 127.362760607401 128.322680091858 129.282599576314 130.24251906077 131.202438545227 131.361161168416 131.252818171183 131.14447517395 131.036132176717 130.927789179484 130.819446182251 130.711103185018 130.934072494507 132.150978724161 133.367884953817 134.584791183471 135.801697413126 137.018603642781 138.235509872436 139.452416102091 140.962353006999 142.569966803656 144.177580600314 145.785194396972 147.39280819363 149.000421990288 150.608035786946 152.560150994194 155.545770433213 158.531389872232 161.517009311251 164.50262875027 167.48824818929
119.980667750041 120.463117599487 120.945567448934 121.405753008525 121.858517138163 122.311281267802 122.764045397441 123.216809527079 123.669573656718 124.122337786357 124.706106376648 125.682888348897 126.659670321146 127.636452293396 128.613234265645 129.590016237894 130.566798210144 131.543580182393 131.7028784434 131.589682133992 131.476485824585 131.363289515177 131.25009320577 131.136896896362 131.023700586955 131.20278002421 132.258686701456 133.314593378703 134.370500055949 135.426406733195 136.482313410441 137.538220087687 138.594126764933 140.185687764486 141.955800204807 143.725912645128 145.496025085449 147.26613752577 149.036249966091 150.806362406412 152.887941657172 155.903921339246 158.919901021321 161.935880703396 164.95186038547 167.967840067545
118.441852188111 118.971991856893 119.502131525676 120.139279747009 120.81209748586 121.484915224711 122.157732963562 122.830550702413 123.503368441264 124.176186180115 124.929210599263 125.922855059306 126.916499519348 127.91014397939 128.903788439432 129.897432899475 130.891077359517 131.884721819559 132.044595718384 131.926546096802 131.80849647522 131.690446853638 131.572397232056 131.454347610474 131.336297988892 131.471487553914 132.366394678751 133.261301803589 134.156208928426 135.051116053263 135.946023178101 136.840930302938 137.735837427775 139.409022521972 141.341633605957 143.274244689941 145.206855773925 147.13946685791 149.072077941894 151.004689025879 153.215732320149 156.262072245279 159.30841217041 162.35475209554 165.40109202067 168.4474319458
116.90303662618 117.480866114299 118.058695602417 118.872806485494 119.765677833557 120.65854918162 121.551420529683 122.444291877746 123.337163225809 124.230034573873 125.152314821879 126.162821769714 127.173328717549 128.183835665385 129.19434261322 130.204849561055 131.21535650889 132.225863456726 132.386312993367 132.263410059611 132.140507125854 132.017604192098 131.894701258341 131.771798324585 131.648895390828 131.740195083618 132.474102656046 133.208010228475 133.941917800903 134.675825373332 135.40973294576 136.143640518188 136.877548090617 138.632357279459 140.727467007107 142.822576734754 144.917686462402 147.012796190049 149.107905917697 151.203015645345 153.543522983126 156.620223151312 159.696923319498 162.773623487684 165.850323655869 168.927023824055
114.340562693279 114.86311976115 115.385676829021 116.318479537964 117.388030793932 118.4575820499 119.527133305868 120.596684561836 121.666235817804 122.735787073772 123.810466406081 124.900529967414 125.990593528748 127.080657090081 128.170720651415 129.260784212748 130.350847774082 131.440911335415 131.617278226217 131.489079560174 131.360880894132 131.232682228089 131.104483562046 130.976284896003 130.848086229961 130.902778095669 131.506141556634 132.109505017599 132.712868478563 133.316231939528 133.919595400493 134.522958861457 135.126322322422 136.993395233154 139.281704627143 141.570014021131 143.85832341512 146.146632809109 148.434942203098 150.723251597086 153.204436069064 156.26424577501 159.324055480957 162.383865186903 165.443674892849 168.503484598795
110.754430389405 111.118752797445 111.483075205486 112.476298904419 113.679156366984 114.882013829549 116.084871292115 117.28772875468 118.490586217245 119.69344367981 120.903665351868 122.135979652405 123.368293952942 124.600608253479 125.832922554016 127.065236854553 128.29755115509 129.529865455627 129.737491416931 129.603554598491 129.46961778005 129.335680961609 129.201744143168 129.067807324728 128.933870506287 128.959236590068 129.462511380514 129.96578617096 130.469060961406 130.972335751852 131.475610542298 131.978885332744 132.48216012319 134.492136383057 137.004346466064 139.516556549072 142.02876663208 144.540976715088 147.053186798095 149.565396881103 152.198471577962 155.194140116373 158.189808654785 161.185477193196 164.181145731607 167.176814270019
107.168298085531 107.374385833741 107.58047358195 108.634118270874 109.970281940037 111.306445609199 112.642609278361 113.978772947523 115.314936616686 116.651100285848 117.996864297655 119.371429337396 120.745994377136 122.120559416877 123.495124456618 124.869689496358 126.244254536099 127.618819575839 127.857704607646 127.718029636807 127.578354665968 127.43867969513 127.299004724291 127.159329753452 127.019654782613 127.015695084466 127.418881204393 127.822067324321 128.225253444248 128.628439564175 129.031625684103 129.43481180403 129.837997923957 131.990877532959 134.726988304986 137.463099077012 140.19920984904 142.935320621066 145.671431393093 148.40754216512 151.192507086859 154.124034457736 157.055561828613 159.98708919949 162.918616570366 165.850143941243
103.582165781658 103.630018870037 103.677871958415 104.79193763733 106.261407513089 107.730877388848 109.200347264608 110.669817140368 112.139287016127 113.608756891887 115.090063243442 116.606879022386 118.123694801331 119.640510580275 121.157326359219 122.674142138163 124.190957917108 125.707773696052 125.977917798361 125.832504675124 125.687091551887 125.54167842865 125.396265305414 125.250852182177 125.10543905894 125.072153578865 125.375251028273 125.678348477682 125.98144592709 126.284543376499 126.587640825908 126.890738275316 127.193835724725 129.489618682861 132.449630143907 135.409641604953 138.369653065999 141.329664527045 144.289675988091 147.249687449137 150.186542595757 153.053928799099 155.921315002441 158.788701205783 161.656087409125 164.523473612467
99.9960334777838 99.885651906332 99.7752703348803 100.949757003785 102.552533086141 104.155309168498 105.758085250855 107.360861333211 108.963637415568 110.566413497925 112.183262189229 113.842328707377 115.501395225525 117.160461743673 118.81952826182 120.478594779968 122.137661298116 123.796727816264 124.098130989075 123.94697971344 123.795828437806 123.644677162171 123.493525886536 123.342374610901 123.191223335266 123.128612073263 123.331620852153 123.534629631043 123.737638409933 123.940647188823 124.143655967713 124.346664746603 124.549673525493 126.988359832764 130.172271982828 133.356184132893 136.540096282959 139.724008433024 142.907920583088 146.091832733154 149.180578104654 151.983823140462 154.787068176269 157.590313212076 160.393558247884 163.196803283691
96.40990117391 96.1412849426275 95.872668711345 97.1075763702395 98.8436586591934 100.579740948147 102.315823237101 104.051905526055 105.787987815009 107.524070103963 109.276461135017 111.077778392368 112.879095649719 114.680412907071 116.481730164422 118.283047421773 120.084364679125 121.885681936476 122.21834417979 122.061454751757 121.904565323724 121.747675895691 121.590786467658 121.433897039626 121.277007611593 121.185070567661 121.287990676032 121.390910784404 121.493830892775 121.596751001146 121.699671109518 121.802591217889 121.90551132626 124.487100982666 127.89491382175 131.302726660834 134.710539499918 138.118352339002 141.526165178086 144.933978017171 148.174613613552 150.913717481824 153.652821350097 156.39192521837 159.131029086642 161.870132954915
