data/working_set_collections/6091692-Cassins_Sparrow-MC/2000/bio13.asc
NCOLS 265 
NROWS 230 
XLLCORNER -115.5625 
YLLCORNER 24.8333333333333 
CELLSIZE 0.0833333333333333 
NODATA_value -9999 
[rows 20 to 39 of 230, columns 46 to 91 of 265]
62.7999458630882 62.3552796151906 61.9106133672929 61.4659471193953 61.0212808714976 60.5766146235999 59.3925040562953 57.9619120491882 56.5313200420808 55.1007280349737 53.6701360278666 52.2395440207592 50.8089520136521 49.2590922196714 47.3514290650691 45.4437659104671 43.5361027558652 41.6284396012629 39.7207764466609 37.8131132920589 35.9054501374567 34.999772357941 34.4280897034542 33.8564070489674 33.2847243944807 32.713041739994 32.1413590855072 31.5696764310205 31.0948173787862 30.9104291333095 30.7260408878329 30.5416526423563 30.3572643968797 30.172876151403 29.9884879059264 29.8040996604498 29.8497976938885 29.9721911536325 30.0945846133764 30.2169780731203 30.3393715328642 30.4617649926082 30.5841584523521 30.7651902834576 31.122137228648 31.4790841738384
61.7242458025617 61.0820178243852 60.4397898462086 59.7975618680321 59.1553338898556 58.513105911679 57.2423401514694 55.7620617972486 54.2817834430275 52.8015050888067 51.3212267345858 49.8409483803648 48.3606700261439 46.8157508055376 45.0769089857742 43.3380671660111 41.599225346248 39.8603835264846 38.1215417067215 36.3826998869584 34.643858067195 33.7124197959903 33.0501160409719 32.3878122859533 31.7255085309349 31.0632047759165 30.400901020898 29.7385972658796 29.2085757308539 29.0754008558064 28.9422259807589 28.8090511057114 28.6758762306639 28.5427013556165 28.409526480569 28.2763516055215 28.315758641561 28.4126929812963 28.5096273210315 28.6065616607668 28.703496000502 28.8004303402373 28.8973646799725 29.1128987312318 29.6842319170635 30.2555651028951
60.6485457420352 59.8087560335799 58.9689663251245 58.1291766166691 57.2893869082138 56.4495971997584 55.0921762466437 53.5622115453092 52.0322468439743 50.5022821426398 48.9723174413053 47.4423527399705 45.9123880386359 44.372409391404 42.8023889064795 41.2323684215552 39.6623479366309 38.0923274517064 36.5223069667822 34.9522864818579 33.3822659969334 32.4250672340397 31.6721423784896 30.9192175229394 30.1662926673893 29.4133678118392 28.660442956289 27.907518100739 27.3223340829217 27.2403725783033 27.158411073685 27.0764495690667 26.9944880644483 26.91252655983 26.8305650552117 26.7486035505933 26.7817195892336 26.8531948089602 26.9246700286868 26.9961452484133 27.0676204681399 27.1390956878665 27.210570907593 27.460607179006 28.2463266054791 29.032046031952
59.5728456815087 58.5354942427745 57.4981428040402 56.460791365306 55.4234399265718 54.3860884878375 52.9420123418178 51.3623612933695 49.782710244921 48.2030591964728 46.6234081480245 45.043757099576 43.4641060511277 41.9290679772702 40.5278688271845 39.1266696770991 37.7254705270137 36.3242713769281 34.9230722268427 33.5218730767573 32.1206739266717 31.137714672089 30.2941687160072 29.4506227599253 28.6070768038435 27.7635308477618 26.9199848916799 26.0764389355981 25.4360924349894 25.4053443008002 25.374596166611 25.3438480324218 25.3130998982326 25.2823517640434 25.2516036298542 25.220855495665 25.2476805369061 25.293696636624 25.3397127363419 25.3857288360598 25.4317449357777 25.4777610354956 25.5237771352135 25.8083156267802 26.8084212938945 27.8085269610087
58.4937603314721 57.3187385876978 56.1437168439232 54.9686951001489 53.7936733563745 52.6186516126 51.2232759157821 49.7544489012829 48.2856218867834 46.8167948722842 45.347967857785 43.8791408432856 42.4103138287864 40.974798621072 39.6392188337115 38.3036390463513 36.9680592589911 35.6324794716306 34.2968996842704 32.9613198969102 31.6257401095497 30.6262529691062 29.7387967109682 28.8513404528301 27.9638841946921 27.0764279365541 26.188971678416 25.301515420278 24.6233613279131 24.5731137328678 24.5228661378225 24.4726185427772 24.4223709477319 24.3721233526866 24.3218757576413 24.271628162596 24.300386651357 24.3554805013869 24.4105743514167 24.4656682014466 24.5207620514764 24.5758559015062 24.6309497515361 24.9631570922001 26.1267049047681 27.2902527173358
57.4112896919254 56.1584890683497 54.9056884447737 53.652887821198 52.4000871976222 51.1472865740462 49.9359669685368 48.7384743690495 47.540981769562 46.3434891700747 45.1459965705875 43.9485039711 42.7510113716127 41.5096013228101 40.1364389260611 38.7632765293123 37.3901141325635 36.0169517358145 34.6437893390657 33.270626942317 31.8974645455679 30.8906821250917 30.006026363373 29.1213706016541 28.2367148399354 27.3520590782167 26.4674033164979 25.5827475547792 24.8841407616933 24.7436808745066 24.60322098732 24.4627611001333 24.3223012129466 24.1818413257599 24.0413814385733 23.9009215513866 23.9398379325867 24.0385464032491 24.1372548739116 24.235963344574 24.3346718152364 24.4333802858989 24.5320887565613 24.9251315752662 26.2011774381 27.4772233009336
56.3288190523787 54.9982395490015 53.6676600456241 52.3370805422469 51.0065010388697 49.6759215354923 48.6486580212914 47.7224998368161 46.7963416523406 45.8701834678652 44.9440252833899 44.0178670989144 43.091708914439 42.0444040245482 40.6336590184107 39.2229140122733 37.812169006136 36.4014239999984 34.9906789938611 33.5799339877237 32.1691889815862 31.1551112810772 30.2732560157778 29.3914007504782 28.5095454851787 27.6276902198793 26.7458349545797 25.8639796892803 25.1449201954736 24.9142480161455 24.6835758368174 24.4529036574894 24.2222314781613 23.9915592988333 23.7608871195052 23.5302149401771 23.5792892138163 23.7216123051114 23.8639353964064 24.0062584877014 24.1485815789964 24.2909046702915 24.4332277615865 24.8871060583323 26.275649971432 27.6641938845314
55.246348412832 53.8379900296534 52.4296316464745 51.0212732632959 49.6129148801173 48.2045564969384 47.3613490740461 46.7065253045826 46.0517015351191 45.3968777656557 44.7420539961923 44.0872302267287 43.4324064572653 42.5792067262864 41.1308791107603 39.6825514952344 38.2342238797085 36.7858962641823 35.3375686486564 33.8892410331305 32.4409134176044 31.4195404370627 30.5404856681825 29.6614308993022 28.7823761304221 27.9033213615419 27.0242665926616 26.1452118237814 25.4056996292539 25.0848151577844 24.7639306863149 24.4430462148455 24.122161743376 23.8012772719066 23.4803928004372 23.1595083289677 23.218740495046 23.4046782069736 23.5906159189012 23.7765536308289 23.9624913427565 24.1484290546841 24.3343667666117 24.8490805413985 26.350122504764 27.8511644681292
54.1638777732853 52.6777405103053 51.191603247325 49.705465984345 48.2193287213649 46.7331914583846 46.0740401268008 45.6905507723493 45.3070614178977 44.9235720634462 44.5400827089947 44.1565933545431 43.7731040000916 43.1140094280245 41.6280992031098 40.1421889781954 38.6562787532809 37.1703685283662 35.6844583034517 34.1985480785373 32.7126378536226 31.6839695930482 30.8077153205873 29.9314610481263 29.0552067756654 28.1789525032045 27.3026982307435 26.4264439582826 25.6664790630341 25.2553822994232 24.8442855358124 24.4331887722016 24.0220920085908 23.61099524498 23.1998984813692 22.7888017177583 22.8581917762757 23.0877441088359 23.3172964413961 23.5468487739563 23.7764011065165 24.0059534390767 24.2355057716369 24.8110550244646 26.4245950380959 28.038135051727
53.0814071337386 51.5174909909571 49.9535748481754 48.3896587053939 46.8257425626125 45.2618264198307 44.7867311795555 44.6745762401159 44.5624213006762 44.4502663612367 44.3381114217971 44.2259564823575 44.1138015429179 43.6488121297627 42.1253192954594 40.6018264611564 39.0783336268534 37.5548407925501 36.0313479582471 34.5078551239441 32.9843622896408 31.9483987490337 31.0749449729921 30.2014911969503 29.3280374209087 28.4545836448671 27.5811298688253 26.7076760927837 25.9272584968144 25.4259494410621 24.9246403853099 24.4233313295577 23.9220222738055 23.4207132180533 22.9194041623011 22.4180951065488 22.4976430575053 22.7708100106981 23.0439769638909 23.3171439170837 23.5903108702765 23.8634778234694 24.1366447766622 24.7730295075307 26.4990675714279 28.2251056353248
52.6877540906273 51.1775489701168 49.6673438496061 48.1571387290956 46.6469336085852 45.1367284880744 44.7977764447528 44.8492420938278 44.9007077429028 44.9521733919778 45.0036390410527 45.0551046901277 45.1065703392027 44.774359173245 43.291117562188 41.8078759511312 40.3246343400744 38.8413927290174 37.3581511179606 35.8749095069038 34.3916678958468 33.3357907931009 32.4223685264587 31.5089462598163 30.5955239931741 29.6821017265319 28.7686794598896 27.8552571932474 27.0179837120903 26.4091565873886 25.8003294626871 25.1915023379855 24.5826752132839 23.9738480885823 23.3650209638808 22.7561938391791 22.8108461380003 23.0866582446626 23.362470351325 23.6382824579873 23.9140945646496 24.189906671312 24.4657187779743 25.1143460273738 26.8814187049863 28.6484913825985
52.9829186439516 51.6579144477846 50.3329102516175 49.0079060554505 47.6829018592836 46.3578976631164 46.1071759223936 46.2145483334857 46.3219207445778 46.4292931556699 46.536665566762 46.6440379778541 46.7514103889462 46.4906505584717 45.1254940032957 43.76033744812 42.3951808929443 41.0300243377683 39.6648677825926 38.2997112274169 36.9345546722409 35.84614572525 34.8499859809874 33.8538262367246 32.8576664924619 31.8615067481993 30.8653470039365 29.8691872596739 28.9386547088621 28.2050037384031 27.4713527679442 26.7377017974853 26.0040508270262 25.2703998565673 24.5367488861084 23.8030979156493 23.797801017761 24.0352888107298 24.2727766036986 24.5102643966673 24.747752189636 24.9852399826048 25.2227277755736 25.835004583994 27.5716484387713 29.3082922935482
53.278083197276 52.1382799254525 50.9984766536289 49.8586733818055 48.7188701099821 47.5790668381585 47.4165754000344 47.5798545731436 47.7431337462529 47.9064129193621 48.0696920924714 48.2329712655807 48.3962504386899 48.2069419436985 46.9598704444036 45.712798945109 44.4657274458143 43.2186559465195 41.9715844472248 40.7245129479302 39.4774414486353 38.3565006573993 37.2776034355163 36.198706213633 35.11980899175 34.0409117698669 32.9620145479836 31.8831173261006 30.8593257056341 30.0008508894177 29.1423760732014 28.2839012569851 27.4254264407687 26.5669516245524 25.7084768083361 24.8500019921196 24.7847558975218 24.983919376797 25.1830828560722 25.3822463353473 25.5814098146225 25.7805732938977 25.9797367731729 26.5556631406143 28.2618781725563 29.9680932044979
53.5732477506003 52.6186454031204 51.6640430556404 50.7094407081605 49.7548383606806 48.8002360132005 48.7259748776752 48.9451608128016 49.164346747928 49.3835326830544 49.6027186181808 49.8219045533072 50.0410904884336 49.9232333289253 48.7942468855115 47.665260442098 46.5362739986844 45.4072875552706 44.278301111857 43.1493146684435 42.0203282250297 40.8668555895487 39.7052208900452 38.5435861905415 37.3819514910379 36.2203167915344 35.0586820920307 33.8970473925272 32.7799967024061 31.7966980404323 30.8133993784586 29.830100716485 28.8468020545111 27.8635033925375 26.8802047305638 25.8969060685899 25.7717107772826 25.9325499428642 26.0933891084458 26.2542282740274 26.415067439609 26.5759066051906 26.7367457707722 27.2763216972346 28.9521079063413 30.6278941154476
53.8684123039246 53.0990108807882 52.3296094576517 51.5602080345154 50.790806611379 50.0214051882425 50.0353743553159 50.3104670524594 50.585559749603 50.8606524467465 51.1357451438901 51.4108378410336 51.6859305381772 51.639524714152 50.6286233266193 49.6177219390868 48.6068205515542 47.5959191640216 46.585017776489 45.5741163889565 44.5632150014238 43.3772105216978 42.1328383445738 40.8884661674497 39.6440939903258 38.3997218132018 37.1553496360777 35.9109774589537 34.700667699178 33.5925451914468 32.4844226837157 31.3763001759847 30.2681776682535 29.1600551605224 28.0519326527914 26.9438101450602 26.7586656570433 26.8811805089313 27.0036953608193 27.1262102127073 27.2487250645954 27.3712399164834 27.4937547683714 27.9969802538549 29.6423376401262 31.2876950263973
54.163576857249 53.5793763584561 52.9951758596632 52.4109753608703 51.8267748620775 51.2425743632845 51.3447738329567 51.6757732921174 52.0067727512781 52.3377722104388 52.6687716695995 52.9997711287602 53.3307705879208 53.3558160993788 52.4629997677272 51.5701834360757 50.6773671044243 49.7845507727727 48.8917344411213 47.9989181094698 47.1061017778182 45.8875654538471 44.5604557991027 43.2333461443581 41.9062364896138 40.5791268348694 39.2520171801248 37.9249075253804 36.62133869595 35.3883923424614 34.155445988973 32.9224996354845 31.6895532819959 30.4566069285075 29.2236605750191 27.9907142215305 27.745620536804 27.8298110749985 27.9140016131929 27.9981921513874 28.0823826895818 28.1665732277763 28.2507637659707 28.7176388104752 30.3325673739113 31.947495937347
54.5874488512675 54.1780352380541 53.7686216248406 53.3592080116271 52.9497943984137 52.5403807852002 52.6746178944904 52.9900719112818 53.3055259280733 53.6209799448647 53.9364339616562 54.2518879784477 54.5673419952391 54.5915993902419 53.7422669198778 52.8929344495138 52.0436019791498 51.1942695087857 50.3449370384217 49.4956045680577 48.6462720976936 47.3794042269391 45.9733578893876 44.5673115518359 43.1612652142845 41.755218876733 40.3491725391813 38.9431262016299 37.5818375269575 36.3548218409222 35.1278061548871 33.900790468852 32.6737747828167 31.4467590967815 30.2197434107464 28.9927277247111 28.7432481129963 28.8196138593884 28.8959796057806 28.9723453521727 29.0487110985649 29.125076844957 29.2014425913491 29.6565650833973 31.2479578124149 32.8393505414323
55.1400282859802 54.894987519582 54.6499467531839 54.4049059867857 54.1598652203876 53.9148244539895 54.0249065399167 54.2533629099525 54.4818192799884 54.7102756500242 54.93873202006 55.1671883900958 55.3956447601317 55.3468745867412 54.4664247830709 53.5859749794007 52.7055251757305 51.8250753720601 50.9446255683899 50.0641757647197 49.1837259610494 47.8527268409731 46.3715446154279 44.8903623898825 43.4091801643374 41.9279979387922 40.4468157132468 38.9656334877017 37.5821641922 36.4918336868287 35.4015031814577 34.3111726760866 33.2208421707154 32.1305116653443 31.0401811599733 29.949850654602 29.7515483856199 29.850588862101 29.9496293385822 30.0486698150633 30.1477102915444 30.2467507680255 30.3457912445066 30.8137590726211 32.3885089556372 33.9632588386531
55.6926077206929 55.6119398011101 55.5312718815273 55.4506039619444 55.3699360423616 55.2892681227788 55.3751951853432 55.5166539086234 55.6581126319036 55.7995713551837 55.9410300784639 56.0824888017441 56.2239475250243 56.1021497832405 55.190582646264 54.2790155092876 53.3674483723112 52.4558812353346 51.5443140983582 50.6327469613818 49.7211798244053 48.3260494550071 46.7697313414683 45.2134132279291 43.6570951143903 42.1007770008514 40.5444588873123 38.9881407737735 37.5824908574424 36.6288455327353 35.6752002080283 34.7215548833213 33.7679095586141 32.8142642339071 31.8606189092001 30.906973584493 30.7598486582436 30.8815638648137 31.0032790713838 31.1249942779539 31.246709484524 31.3684246910941 31.4901398976642 31.970953061845 33.5290600988597 35.087167135874
56.2451871554056 56.3288920826381 56.4125970098706 56.4963019371031 56.5800068643357 56.6637117915682 56.7254838307697 56.7799449072942 56.8344059838188 56.8888670603433 56.9433281368678 56.9977892133924 57.0522502899169 56.8574249797398 55.9147405094571 54.9720560391745 54.0293715688919 53.0866870986091 52.1440026283265 51.2013181580439 50.2586336877611 48.7993720690412 47.1679180675086 45.5364640659758 43.9050100644432 42.2735560629106 40.6421020613778 39.0106480598452 37.5828175226849 36.7658573786418 35.9488972345989 35.131937090556 34.3149769465129 33.49801680247 32.681056658427 31.8640965143839 31.7681489308674 31.9125388675264 32.0569288041855 32.2013187408446 32.3457086775036 32.4900986141627 32.6344885508218 33.128147051069 34.6696112420821 36.2110754330949
