data/working_set_collections/6091692-Cassins_Sparrow-MC/2000/bio10.asc
NCOLS 265 
NROWS 230 
XLLCORNER -115.5625 
YLLCORNER 24.8333333333333 
CELLSIZE 0.0833333333333333 
NODATA_value -9999 
[rows 120 to 139 of 230, columns 184 to 229 of 265]
29.0479050636291 29.1237748993767 29.1996447351244 29.220445394516 29.2228896617889 29.2253339290619 29.2277781963348 29.2302224636078 29.2326667308807 29.2351109981537 29.2311872959137 29.2081596851349 29.1851320743561 29.1621044635773 29.1390768527985 29.1160492420197 29.0930216312408 29.069994020462 29.0518995761871 29.0354495207469 29.0189994653066 29.0025494098663 28.9860993544261 28.9696492989858 28.9531992435455 28.9343982378642 28.9085443814596 28.8826905250549 28.8568366686503 28.8309828122457 28.8051289558411 28.7792750994364 28.7534212430318 28.6886003176371 28.6107903692458 28.5329804208544 28.455170472463 28.3773605240716 28.2995505756802 28.2217406272888 28.1526952372657 28.1099435223474 28.067191807429 28.0244400925107 27.9816883775923 27.938936662674
29.0707976341247 29.1455766359965 29.2203556378682 29.2403892993927 29.2421745141347 29.2439597288767 29.2457449436188 29.2475301583608 29.2493153731028 29.2511005878448 29.2471652507782 29.2260682582855 29.2049712657928 29.1838742733002 29.1627772808075 29.1416802883148 29.1205832958221 29.0994863033295 29.0814792156219 29.0645020961761 29.0475249767303 29.0305478572845 29.0135707378387 28.9965936183929 28.9796164989471 28.9603185335795 28.9340580304464 28.9077975273132 28.8815370241801 28.855276521047 28.8290160179138 28.8027555147807 28.7764950116475 28.7142857551575 28.6400935808818 28.565901406606 28.4917092323303 28.4175170580546 28.3433248837789 28.2691327095032 28.2022995789846 28.1575435797374 28.1127875804901 28.0680315812429 28.0232755819956 27.9785195827484
29.0936902046203 29.1673783726162 29.2410665406121 29.2603332042694 29.2614593664805 29.2625855286916 29.2637116909027 29.2648378531138 29.2659640153249 29.267090177536 29.2631432056427 29.2439768314362 29.2248104572296 29.2056440830231 29.1864777088165 29.16731133461 29.1481449604034 29.1289785861969 29.1110588550568 29.0935546716054 29.0760504881541 29.0585463047028 29.0410421212514 29.0235379378001 29.0060337543488 28.9862388292948 28.9595716794332 28.9329045295715 28.9062373797099 28.8795702298482 28.8529030799866 28.8262359301249 28.7995687802633 28.7399711926778 28.6693967925178 28.5988223923577 28.5282479921977 28.4576735920376 28.3870991918776 28.3165247917175 28.2519039207035 28.2051436371274 28.1583833535512 28.1116230699751 28.064862786399 28.0181025028229
29.116582775116 29.189180109236 29.261777443356 29.2802771091461 29.2807442188263 29.2812113285065 29.2816784381866 29.2821455478668 29.282612657547 29.2830797672272 29.2791211605072 29.2618854045868 29.2446496486664 29.227413892746 29.2101781368256 29.1929423809052 29.1757066249847 29.1584708690643 29.1406384944916 29.1226072470347 29.1045759995778 29.086544752121 29.0685135046641 29.0504822572072 29.0324510097504 29.0121591250102 28.98508532842 28.9580115318298 28.9309377352397 28.9038639386495 28.8767901420593 28.8497163454692 28.822642548879 28.7656566301982 28.6987000041538 28.6317433781094 28.564786752065 28.4978301260207 28.4308734999763 28.3639168739319 28.3015082624224 28.2527436945174 28.2039791266123 28.1552145587073 28.1064499908023 28.0576854228973
29.1394753456116 29.2109818458557 29.2824883460998 29.3002210140228 29.3000290711721 29.2998371283213 29.2996451854706 29.2994532426198 29.2992612997691 29.2990693569183 29.2950991153717 29.2797939777374 29.2644888401031 29.2491837024689 29.2338785648346 29.2185734272003 29.203268289566 29.1879631519318 29.1702181339264 29.151659822464 29.1331015110016 29.1145431995392 29.0959848880768 29.0774265766144 29.058868265152 29.0380794207255 29.0105989774068 28.9831185340881 28.9556380907694 28.9281576474508 28.9006772041321 28.8731967608134 28.8457163174947 28.7913420677185 28.7280032157898 28.6646643638611 28.6013255119324 28.5379866600037 28.474647808075 28.4113089561462 28.3511126041412 28.3003437519074 28.2495748996735 28.1988060474396 28.1480371952057 28.0972683429718
29.1623679161072 29.2327835824754 29.3031992488437 29.3201649188995 29.3193139235179 29.3184629281362 29.3176119327545 29.3167609373728 29.3159099419912 29.3150589466095 29.3110770702362 29.2977025508881 29.2843280315399 29.2709535121918 29.2575789928436 29.2442044734955 29.2308299541473 29.2174554347992 29.1997977733612 29.1807123978933 29.1616270224253 29.1425416469574 29.1234562714895 29.1043708960215 29.0852855205536 29.0639997164408 29.0361126263936 29.0082255363464 28.9803384462992 28.952451356252 28.9245642662048 28.8966771761576 28.8687900861104 28.8170275052389 28.7573064274258 28.6975853496128 28.6378642717997 28.5781431939867 28.5184221161736 28.4587010383606 28.4007169458601 28.3479438092974 28.2951706727346 28.2423975361718 28.189624399609 28.1368512630463
29.1725565274556 29.2393314043681 29.3061062812805 29.3221312681834 29.3212396250831 29.3203479819828 29.3194563388824 29.3185646957821 29.3176730526818 29.3167814095815 29.313270468182 29.3019016318851 29.2905327955882 29.2791639592912 29.2677951229943 29.2564262866974 29.2450574504005 29.2336886141035 29.2177202701569 29.2002187569936 29.1827172438304 29.1652157306671 29.1477142175039 29.1302127043406 29.1127111911774 29.0926713148753 29.0650163491567 29.0373613834381 29.0097064177195 28.9820514520009 28.9543964862823 28.9267415205638 28.8990865548452 28.8503408432007 28.7945648829142 28.7387889226278 28.6830129623413 28.6272370020549 28.5714610417684 28.5156850814819 28.4602574189504 28.4058746496836 28.3514918804169 28.2971091111501 28.2427263418833 28.1883435726166
29.170041179657 29.2306253115336 29.2912094434102 29.3061200618744 29.3058061758677 29.305492289861 29.3051784038544 29.3048645178477 29.304550631841 29.3042367458344 29.3016793092092 29.2923912207286 29.2831031322479 29.2738150437673 29.2645269552867 29.255238866806 29.2459507783254 29.2366626898448 29.2239856243134 29.210178899765 29.1963721752167 29.1825654506683 29.16875872612 29.1549520015717 29.1411452770233 29.1240942160289 29.097310145696 29.0705260753632 29.0437420050303 29.0169579346975 28.9901738643646 28.9633897940318 28.9366057236989 28.891282081604 28.839778582255 28.7882750829061 28.7367715835571 28.6852680842082 28.6337645848592 28.5822610855103 28.5297340234121 28.4741362730662 28.4185385227203 28.3629407723745 28.3073430220286 28.2517452716827
29.1675258318583 29.2219192186991 29.2763126055399 29.2901088555654 29.2903727266524 29.2906365977393 29.2909004688263 29.2911643399133 29.2914282110002 29.2916920820872 29.2900881502363 29.282880809572 29.2756734689077 29.2684661282433 29.261258787579 29.2540514469147 29.2468441062503 29.239636765586 29.2302509784699 29.2201390425364 29.210027106603 29.1999151706696 29.1898032347361 29.1796912988027 29.1695793628693 29.1555171171824 29.1296039422353 29.1036907672882 29.0777775923411 29.051864417394 29.0259512424469 29.0000380674998 28.9741248925527 28.9322233200073 28.8849922815959 28.8377612431844 28.790530204773 28.7432991663615 28.69606812795 28.6488370895386 28.5992106278737 28.5423978964488 28.4855851650238 28.4287724335988 28.3719597021739 28.3151469707489
29.1650104840596 29.2132131258647 29.2614157676697 29.2740976492564 29.274939277437 29.2757809056176 29.2766225337982 29.2774641619788 29.2783057901594 29.27914741834 29.2784969912635 29.2733703984155 29.2682438055674 29.2631172127194 29.2579906198714 29.2528640270233 29.2477374341753 29.2426108413272 29.2365163326263 29.2300991853078 29.2236820379893 29.2172648906708 29.2108477433523 29.2044305960337 29.1980134487152 29.186940018336 29.1618977387746 29.1368554592133 29.1118131796519 29.0867709000905 29.0617286205292 29.0366863409678 29.0116440614065 28.9731645584106 28.9302059809367 28.8872474034627 28.8442888259888 28.8013302485148 28.7583716710409 28.7154130935669 28.6686872323354 28.6106595198314 28.5526318073273 28.4946040948232 28.4365763823191 28.3785486698151
29.162495136261 29.2045070330302 29.2465189297994 29.2580864429474 29.2595058282216 29.2609252134959 29.2623445987701 29.2637639840444 29.2651833693186 29.2666027545929 29.2669058322907 29.2638599872589 29.2608141422272 29.2577682971954 29.2547224521637 29.251676607132 29.2486307621002 29.2455849170685 29.2427816867828 29.2400593280792 29.2373369693756 29.234614610672 29.2318922519684 29.2291698932648 29.2264475345612 29.2183629194895 29.1941915353139 29.1700201511383 29.1458487669627 29.1216773827871 29.0975059986114 29.0733346144358 29.0491632302602 29.014105796814 28.9754196802775 28.936733563741 28.8980474472046 28.8593613306681 28.8206752141317 28.7819890975952 28.7381638367971 28.6789211432139 28.6196784496307 28.5604357560476 28.5011930624644 28.4419503688812
29.1599797884623 29.1958009401957 29.2316220919291 29.2420752366384 29.2440723790063 29.2460695213742 29.2480666637421 29.25006380611 29.2520609484779 29.2540580908457 29.2553146733178 29.2543495761024 29.2533844788869 29.2524193816715 29.251454284456 29.2504891872406 29.2495240900252 29.2485589928097 29.2490470409393 29.2500194708506 29.2509919007619 29.2519643306732 29.2529367605845 29.2539091904958 29.2548816204071 29.2497858206431 29.2264853318532 29.2031848430634 29.1798843542735 29.1565838654836 29.1332833766937 29.1099828879039 29.086682399114 29.0550470352173 29.0206333796183 28.9862197240194 28.9518060684204 28.9173924128215 28.8829787572225 28.8485651016235 28.8076404412588 28.7471827665965 28.6867250919342 28.6262674172719 28.5658097426097 28.5053520679474
29.1152068456014 29.1443529129028 29.1734989802043 29.1837030410767 29.1875930998061 29.1914831585354 29.1953732172648 29.1992632759942 29.2031533347236 29.207043393453 29.2105919467078 29.2131159835392 29.2156400203705 29.2181640572018 29.2206880940331 29.2232121308645 29.2257361676958 29.2282602045271 29.2318088531494 29.2356990390354 29.2395892249213 29.2434794108073 29.2473695966933 29.2512597825792 29.2551499684652 29.2527167532179 29.231313334571 29.2099099159241 29.1885064972772 29.1671030786302 29.1456996599833 29.1242962413364 29.1028928226895 29.0743135929108 29.0433424260881 29.0123712592655 28.9814000924428 28.9504289256202 28.9194577587975 28.8884865919749 28.8506614261203 28.79227426317 28.7338871002197 28.6754999372694 28.6171127743191 28.5587256113688
29.0281763076782 29.0501629511515 29.0721495946248 29.0829698562622 29.0900679906209 29.0971661249797 29.1042642593384 29.1113623936971 29.1184605280558 29.1255586624146 29.1327376524607 29.1401592095693 29.1475807666779 29.1550023237864 29.162423880895 29.1698454380035 29.1772669951121 29.1846885522207 29.1910671234131 29.1970980326335 29.2031289418538 29.2091598510742 29.2151907602946 29.221221669515 29.2272525787354 29.227155717214 29.2086755434672 29.1901953697205 29.1717151959737 29.153235022227 29.1347548484802 29.1162746747335 29.0977945009867 29.0719054698944 29.0435468196869 29.0151881694794 28.9868295192719 28.9584708690643 28.9301122188568 28.9017535686493 28.8672267913818 28.8141956329346 28.7611644744873 28.70813331604 28.6551021575928 28.6020709991455
28.9411457697551 28.9559729894002 28.9708002090454 28.9822366714478 28.9925428814358 29.0028490914239 29.013155301412 29.0234615114 29.0337677213881 29.0440739313761 29.0548833582136 29.0672024355994 29.0795215129852 29.091840590371 29.1041596677568 29.1164787451426 29.1287978225284 29.1411168999142 29.1503253936768 29.1584970262316 29.1666686587864 29.1748402913412 29.183011923896 29.1911835564507 29.1993551890055 29.20159468121 29.1860377523634 29.1704808235169 29.1549238946703 29.1393669658237 29.1238100369771 29.1082531081306 29.092696179284 29.0694973468781 29.0437512132857 29.0180050796933 28.9922589461009 28.9665128125085 28.9407666789161 28.9150205453237 28.8837921566433 28.8361170026991 28.7884418487549 28.7407666948107 28.6930915408664 28.6454163869222
28.8541152318319 28.8617830276489 28.869450823466 28.8815034866333 28.8950177722507 28.9085320578681 28.9220463434855 28.9355606291029 28.9490749147203 28.9625892003377 28.9770290639665 28.9942456616296 29.0114622592926 29.0286788569556 29.0458954546187 29.0631120522817 29.0803286499447 29.0975452476078 29.1095836639404 29.1198960198296 29.1302083757189 29.1405207316081 29.1508330874973 29.1611454433865 29.1714577992757 29.176033645206 29.1633999612596 29.1507662773132 29.1381325933668 29.1254989094204 29.112865225474 29.1002315415276 29.0875978575813 29.0670892238617 29.0439556068844 29.0208219899072 28.9976883729299 28.9745547559526 28.9514211389754 28.9282875219981 28.9003575219049 28.8580383724637 28.8157192230225 28.7734000735813 28.7310809241401 28.6887617746989
28.7670846939087 28.7675930658976 28.7681014378866 28.7807703018189 28.7974926630656 28.8142150243124 28.8309373855591 28.8476597468058 28.8643821080526 28.8811044692993 28.8991747697195 28.9212888876597 28.9434030056 28.9655171235402 28.9876312414805 29.0097453594208 29.031859477361 29.0539735953013 29.0688419342041 29.0812950134277 29.0937480926514 29.106201171875 29.1186542510986 29.1311073303223 29.1435604095459 29.1504726092021 29.1407621701559 29.1310517311096 29.1213412920634 29.1116308530172 29.101920413971 29.0922099749247 29.0824995358785 29.0646811008453 29.0441600004832 29.0236389001211 29.0031177997589 28.9825966993968 28.9620755990346 28.9415544986725 28.9169228871663 28.8799597422282 28.84299659729 28.8060334523519 28.7690703074137 28.7321071624756
28.6800541559855 28.6734031041463 28.6667520523071 28.6800371170044 28.6999675538805 28.7198979907566 28.7398284276327 28.7597588645087 28.7796893013848 28.7996197382609 28.8213204754723 28.8483321136898 28.8753437519074 28.9023553901249 28.9293670283424 28.9563786665599 28.9833903047774 29.0104019429949 29.0281002044678 29.0426940070258 29.0572878095839 29.0718816121419 29.0864754147 29.101069217258 29.1156630198161 29.1249115731981 29.1181243790521 29.111337184906 29.10454999076 29.0977627966139 29.0909756024679 29.0841884083218 29.0774012141758 29.062272977829 29.044364394082 29.026455810335 29.0085472265879 28.9906386428409 28.9727300590939 28.9548214753469 28.9334882524278 28.9018811119927 28.8702739715576 28.8386668311225 28.8070596906874 28.7754525502523
28.6293332576752 28.6188425223033 28.6083517869314 28.6202221393585 28.6395461877187 28.6588702360789 28.6781942844391 28.6975183327993 28.7168423811595 28.7361664295197 28.7572661770715 28.7836930221981 28.8101198673248 28.8365467124515 28.8629735575782 28.8894004027049 28.9158272478316 28.9422540929582 28.9615909258525 28.9785644213359 28.9955379168193 29.0125114123027 29.0294849077861 29.0464584032695 29.0634318987529 29.0758772903019 29.0747383700477 29.0735994497935 29.0724605295393 29.0713216092851 29.070182689031 29.0690437687768 29.0679048485226 29.0554999192556 29.0393396536509 29.0231793880463 29.0070191224416 28.990858856837 28.9746985912323 28.9585383256277 28.9396685388353 28.91267018848 28.8856718381246 28.8586734877692 28.8316751374139 28.8046767870585
28.6149219989777 28.6039113203685 28.5929006417592 28.6013253688812 28.6162285645803 28.6311317602793 28.6460349559784 28.6609381516775 28.6758413473765 28.6907445430756 28.7070118745168 28.7273716131846 28.7477313518524 28.7680910905202 28.788450829188 28.8088105678558 28.8291703065237 28.8495300451915 28.8693140983582 28.8889062563578 28.9084984143575 28.9280905723572 28.9476827303569 28.9672748883565 28.9868670463562 29.0033697605133 29.0106041431427 29.0178385257721 29.0250729084015 29.0323072910309 29.0395416736603 29.0467760562897 29.0540104389191 29.0443619251251 29.0290857791901 29.013809633255 28.9985334873199 28.9832573413849 28.9679811954498 28.9527050495148 28.9354637463888 28.9123269716899 28.889190196991 28.8660534222921 28.8429166475932 28.8197798728943
