data/working_set_collections/6091692-Cassins_Sparrow-MC/2000/bio16.asc
NCOLS 265 
NROWS 230 
XLLCORNER -115.5625 
YLLCORNER 24.8333333333333 
CELLSIZE 0.0833333333333333 
NODATA_value -9999 
[rows 20 to 39 of 230, columns 184 to 229 of 265]
214.174258168538 216.402093251546 218.629928334553 220.292095184326 221.765705956353 223.23931672838 224.712927500407 226.186538272433 227.66014904446 229.133759816487 230.266987143622 230.379064136081 230.49114112854 230.603218120999 230.715295113457 230.827372105916 230.939449098375 231.051526090834 231.136149470011 231.211621644762 231.287093819512 231.362565994262 231.438038169013 231.513510343763 231.588982518514 232.047501627604 233.655161539713 235.262821451822 236.870481363932 238.478141276041 240.08580118815 241.69346110026 243.301121012369 246.082286580403 249.254620700411 252.42695482042 255.599288940429 258.771623060437 261.943957180446 265.116291300455 267.74800169203 268.757840898301 269.767680104573 270.777519310845 271.787358517116 272.797197723388
214.595343271891 216.842845916747 219.090348561604 220.74893875122 222.211224789089 223.673510826958 225.135796864827 226.598082902696 228.060368940565 229.522654978434 230.692881732517 230.98693063524 231.280979537964 231.575028440687 231.869077343411 232.163126246134 232.457175148858 232.751224051581 232.86866162618 232.92722875807 232.98579588996 233.04436302185 233.102930153741 233.161497285631 233.220064417521 233.683225504557 235.360168457031 237.037111409505 238.714054361979 240.390997314452 242.067940266927 243.7448832194 245.421826171874 248.206714884439 251.360918850368 254.515122816297 257.669326782226 260.823530748154 263.977734714083 267.131938680012 269.715964168972 270.589454227023 271.462944285075 272.336434343126 273.209924401177 274.083414459228
215.016428375244 217.283598581949 219.550768788655 221.205782318115 222.656743621826 224.107704925537 225.558666229248 227.009627532959 228.460588836669 229.911550140381 231.118776321411 231.594797134399 232.070817947387 232.546838760376 233.022859573364 233.498880386352 233.97490119934 234.450922012329 234.601173782348 234.642835871378 234.684497960408 234.726160049438 234.767822138468 234.809484227498 234.851146316528 235.31894938151 237.065175374348 238.811401367187 240.557627360025 242.303853352864 244.050079345702 245.796305338541 247.542531331379 250.331143188476 253.467217000324 256.603290812173 259.739364624023 262.875438435871 266.01151224772 269.147586059569 271.683926645914 272.421067555745 273.158208465576 273.895349375407 274.632490285237 275.369631195068
215.437513478597 217.724351247151 220.011189015706 221.662625885009 223.102262454562 224.541899024115 225.981535593668 227.421172163221 228.860808732774 230.300445302327 231.544670910305 232.202663633558 232.860656356811 233.518649080064 234.176641803317 234.83463452657 235.492627249823 236.150619973076 236.333685938517 236.358442984687 236.383200030856 236.407957077026 236.432714123196 236.457471169366 236.482228215535 236.954673258463 238.770182291666 240.585691324869 242.401200358072 244.216709391275 246.032218424479 247.847727457682 249.663236490885 252.455571492512 255.573515150281 258.69145880805 261.809402465819 264.927346123588 268.045289781357 271.163233439127 273.651889122857 274.252680884467 274.853472646077 275.454264407687 276.055056169298 276.655847930908
215.345551172892 217.644197040134 219.942842907375 221.600262705485 223.04394048055 224.487618255615 225.93129603068 227.374973805745 228.81865158081 230.262329355875 231.536005443997 232.299676471286 233.063347498576 233.827018525865 234.590689553155 235.354360580444 236.118031607734 236.881702635023 237.103079986572 237.143692779541 237.18430557251 237.224918365479 237.265531158447 237.306143951416 237.346756744385 237.831149843004 239.646883858574 241.462617874145 243.278351889716 245.094085905287 246.909819920857 248.725553936428 250.541287951999 253.348136647542 256.485356903075 259.622577158609 262.759797414143 265.897017669677 269.034237925211 272.171458180745 274.68055996365 275.305306328667 275.930052693685 276.554799058702 277.179545423719 277.804291788737
214.74054145813 217.043135960896 219.345730463663 221.018692779541 222.481777699788 223.944862620036 225.407947540283 226.87103246053 228.334117380778 229.797202301025 231.092779922485 231.885835647583 232.678891372681 233.471947097778 234.265002822876 235.058058547974 235.851114273071 236.644169998169 236.909355926514 236.998585255941 237.087814585368 237.177043914795 237.266273244222 237.355502573649 237.444731903076 237.948379135131 239.695280075073 241.442181015014 243.189081954956 244.935982894897 246.682883834839 248.42978477478 250.176685714721 253.008838653564 256.202742258707 259.39664586385 262.590549468994 265.784453074137 268.97835667928 272.172260284423 274.769939168294 275.578943888346 276.387948608398 277.19695332845 278.005958048502 278.814962768554
214.135531743367 216.442074881659 218.748618019951 220.437122853597 221.919614919026 223.402106984456 224.884599049886 226.367091115316 227.849583180745 229.332075246175 230.649554400974 231.47199482388 232.294435246785 233.116875669691 233.939316092597 234.761756515503 235.584196938409 236.406637361314 236.715631866455 236.85347773234 236.991323598226 237.129169464111 237.267015329997 237.404861195882 237.542707061768 238.065608427259 239.743676291571 241.421744155884 243.099812020195 244.777879884507 246.45594774882 248.134015613132 249.812083477444 252.669540659586 255.920127614338 259.170714569091 262.421301523844 265.671888478596 268.922475433349 272.173062388102 274.859318372938 275.852581448025 276.845844523112 277.839107598198 278.832370673285 279.825633748372
213.530522028605 215.841013802422 218.151505576239 219.855552927653 221.357452138265 222.859351348877 224.361250559489 225.863149770101 227.365048980713 228.866948191325 230.206328879462 231.058154000176 231.90997912089 232.761804241604 233.613629362318 234.465454483032 235.317279603746 236.16910472446 236.521907806397 236.70837020874 236.894832611084 237.081295013428 237.267757415771 237.454219818115 237.640682220459 238.182837719387 239.79207250807 241.401307296753 243.010542085435 244.619776874118 246.229011662801 247.838246451483 249.447481240166 252.330242665608 255.63751296997 258.944783274332 262.252053578694 265.559323883056 268.866594187418 272.17386449178 274.948697577582 276.126219007704 277.303740437825 278.481261867947 279.658783298068 280.83630472819
212.925512313842 215.239952723185 217.554393132527 219.273983001709 220.795289357503 222.316595713297 223.837902069092 225.359208424886 226.88051478068 228.401821136474 229.763103357951 230.644313176473 231.525522994995 232.406732813517 233.287942632039 234.169152450561 235.050362269084 235.931572087606 236.328183746338 236.56326268514 236.798341623942 237.033420562744 237.268499501546 237.503578440348 237.73865737915 238.300067011515 239.840468724568 241.380870437622 242.921272150675 244.461673863728 246.002075576782 247.542477289835 249.082879002889 251.99094467163 255.354898325601 258.718851979573 262.082805633544 265.446759287516 268.810712941487 272.174666595458 275.038076782226 276.399856567382 277.761636352539 279.123416137695 280.485195922851 281.846975708007
212.32050259908 214.638891643948 216.957280688815 218.692413075765 220.233126576741 221.773840077718 223.314553578694 224.855267079671 226.395980580647 227.936694081624 229.319877836439 230.230472352769 231.1410668691 232.05166138543 232.96225590176 233.872850418091 234.783444934421 235.694039450751 236.134459686279 236.41815516154 236.7018506368 236.985546112061 237.269241587321 237.552937062581 237.836632537842 238.417296303643 239.888864941067 241.360433578491 242.832002215915 244.303570853339 245.775139490763 247.246708128187 248.718276765611 251.651646677652 255.072283681233 258.492920684813 261.913557688395 265.334194691975 268.754831695556 272.175468699137 275.12745598687 276.673494127061 278.219532267252 279.765570407443 281.311608547634 282.857646687825
211.013063049316 213.272378709581 215.531694369846 217.265505981445 218.824149576823 220.3827931722 221.941436767578 223.500080362956 225.058723958333 226.617367553711 228.064485168457 229.177024841308 230.28956451416 231.402104187012 232.514643859863 233.627183532715 234.739723205566 235.852262878418 236.314774068197 236.560609096951 236.806444125705 237.05227915446 237.298114183214 237.543949211968 237.789784240723 238.354534869724 239.876032299465 241.397529729207 242.919027158949 244.44052458869 245.962022018432 247.483519448174 249.005016877916 251.96861928304 255.412923346625 258.857227410209 262.301531473795 265.74583553738 269.190139600965 272.63444366455 275.65480617947 277.403344048393 279.151881917317 280.900419786241 282.648957655164 284.397495524088
209.003193664551 211.140413920085 213.277634175618 214.99326171875 216.568358357747 218.143454996745 219.718551635742 221.29364827474 222.868744913737 224.443841552734 225.996925354004 227.48397064209 228.971015930176 230.458061218262 231.945106506347 233.432151794433 234.919197082519 236.406242370605 236.86912689209 236.990624491374 237.112122090657 237.233619689941 237.355117289225 237.476614888509 237.598112487793 238.111782709757 239.801970799764 241.49215888977 243.182346979777 244.872535069783 246.56272315979 248.252911249796 249.943099339802 252.941862487792 256.376817321776 259.811772155761 263.246726989745 266.68168182373 270.116636657714 273.551591491698 276.620127360025 278.589406331379 280.558685302734 282.527964274088 284.497243245442 286.466522216796
206.993324279785 209.008449130588 211.023573981391 212.721017456055 214.312567138672 215.904116821289 217.495666503906 219.087216186523 220.67876586914 222.270315551758 223.929365539551 225.790916442871 227.652467346191 229.514018249511 231.375569152832 233.237120056152 235.098670959472 236.960221862792 237.423479715983 237.420639885796 237.41780005561 237.414960225423 237.412120395237 237.40928056505 237.406440734863 237.869030549791 239.727909300062 241.586788050333 243.445666800604 245.304545550876 247.163424301147 249.022303051418 250.881181801689 253.915105692545 257.340711296928 260.766316901312 264.191922505696 267.617528110079 271.043133714463 274.468739318847 277.585448540581 279.775468614365 281.96548868815 284.155508761935 286.34552883572 288.535548909505
204.983454895019 206.876484341091 208.769513787163 210.448773193359 212.056775919596 213.664778645833 215.27278137207 216.880784098307 218.488786824544 220.096789550781 221.861805725097 224.097862243652 226.333918762207 228.569975280761 230.806031799316 233.042088317871 235.278144836425 237.51420135498 237.977832539876 237.850655280219 237.723478020562 237.596300760905 237.469123501248 237.341946241591 237.214768981934 237.626278389824 239.65384780036 241.681417210896 243.708986621432 245.736556031968 247.764125442504 249.79169485304 251.819264263576 254.888348897297 258.30460527208 261.720861646863 265.137118021646 268.553374396429 271.969630771212 275.385887145995 278.550769721136 280.961530897352 283.372292073567 285.783053249782 288.193814425997 290.604575602213
202.973585510254 204.744519551595 206.515453592936 208.176528930664 209.800984700521 211.425440470378 213.049896240234 214.674352010091 216.298807779948 217.923263549805 219.794245910644 222.404808044433 225.015370178222 227.625932312011 230.2364944458 232.847056579589 235.457618713378 238.068180847167 238.53218536377 238.280670674642 238.029155985514 237.777641296387 237.526126607259 237.274611918132 237.023097229004 237.383526229858 239.579786300659 241.77604637146 243.97230644226 246.168566513061 248.364826583862 250.561086654662 252.757346725463 255.86159210205 259.268499247232 262.675406392414 266.082313537597 269.489220682779 272.896127827961 276.303034973144 279.516090901692 282.147593180338 284.779095458984 287.410597737629 290.042100016275 292.673602294921
200.963716125488 202.612554762098 204.261393398709 205.904284667969 207.545193481445 209.186102294922 210.827011108398 212.467919921875 214.108828735351 215.749737548828 217.726686096191 220.711753845214 223.696821594238 226.681889343261 229.666957092284 232.652024841308 235.637092590331 238.622160339355 239.086538187663 238.710686069065 238.334833950467 237.958981831869 237.58312971327 237.207277594672 236.831425476074 237.140774069892 239.505724800957 241.870675532023 244.235626263088 246.600576994153 248.965527725219 251.330478456285 253.69542918735 256.834835306803 260.232393222384 263.629951137965 267.027509053547 270.425066969129 273.82262488471 277.220182800292 280.481412082247 283.333655463324 286.1858988444 289.038142225477 291.890385606553 294.742628987629
200.450210316976 202.066048940022 203.681887563069 205.303368631998 206.926730516221 208.550092400444 210.173454284668 211.796816168891 213.420178053114 215.043539937337 217.048017077975 220.19583998786 223.343662897745 226.49148580763 229.639308717515 232.7871316274 235.934954537285 239.08277744717 239.852261861165 239.82896677653 239.805671691894 239.782376607259 239.759081522623 239.735786437988 239.712491353352 240.28704249064 242.6551322937 245.02322209676 247.39131189982 249.75940170288 252.12749150594 254.495581308999 256.863671112059 259.952631632486 263.281882392034 266.611133151583 269.940383911132 273.26963467068 276.598885430229 279.928136189778 283.148987833658 286.044642130533 288.940296427408 291.835950724283 294.731605021158 297.627259318033
201.433068084716 203.105002085367 204.776936086018 206.373780822753 207.94559580485 209.517410786946 211.089225769043 212.661040751139 214.232855733235 215.804670715332 217.758238855997 220.85706647237 223.955894088744 227.054721705118 230.153549321492 233.252376937866 236.351204554239 239.450032170613 240.829356384277 241.635512797037 242.441669209798 243.247825622558 244.053982035318 244.860138448078 245.666294860839 246.822331492104 249.028008778888 251.233686065672 253.439363352456 255.64504063924 257.850717926024 260.056395212808 262.262072499592 265.2149810791 268.416966756183 271.618952433266 274.82093811035 278.022923787433 281.224909464517 284.4268951416 287.518818155923 290.280553181965 293.042288208007 295.804023234048 298.56575826009 301.327493286132
202.415925852457 204.143955230712 205.871984608967 207.444193013509 208.964461093478 210.484729173448 212.004997253418 213.525265333387 215.045533413357 216.565801493326 218.468460634019 221.518292956881 224.568125279744 227.617957602606 230.667789925468 233.717622248331 236.767454571193 239.817286894056 241.806450907389 243.442058817545 245.077666727701 246.713274637857 248.348882548013 249.984490458169 251.620098368326 253.35762049357 255.400885264077 257.444150034585 259.487414805093 261.530679575601 263.573944346109 265.617209116617 267.660473887124 270.477330525715 273.552051120333 276.626771714951 279.701492309569 282.776212904187 285.850933498805 288.925654093423 291.888648478189 294.516464233397 297.144279988606 299.772095743814 302.399911499022 305.027727254231
203.398783620198 205.182908376057 206.967033131917 208.514605204264 209.983326382107 211.45204755995 212.920768737793 214.389489915635 215.858211093478 217.326932271321 219.178682412041 222.179519441392 225.180356470743 228.181193500094 231.182030529445 234.182867558797 237.183704588148 240.184541617499 242.783545430501 245.248604838053 247.713664245604 250.178723653157 252.643783060709 255.10884246826 257.573901875813 259.892909495035 261.773761749266 263.654614003498 265.53546625773 267.416318511962 269.297170766194 271.178023020425 273.058875274657 275.73967997233 278.687135484482 281.634590996635 284.582046508788 287.529502020941 290.476957533093 293.424413045246 296.258478800455 298.75237528483 301.246271769205 303.74016825358 306.234064737955 308.72796122233
