data/working_set_collections/6091692-Cassins_Sparrow-MC/2000/bio10.asc
NCOLS 265 
NROWS 230 
XLLCORNER -115.5625 
YLLCORNER 24.8333333333333 
CELLSIZE 0.0833333333333333 
NODATA_value -9999 
[rows 160 to 179 of 230, columns 46 to 91 of 265]
30.3426125526428 30.1594894091288 29.9763662656148 29.7932431221008 29.6101199785868 29.4269968350728 29.176934337616 28.9045587221782 28.6321831067403 28.3598074913025 28.0874318758647 27.8150562604268 27.542680644989 27.3219725926717 27.256267229716 27.1905618667602 27.1248565038045 27.0591511408488 26.993445777893 26.9277404149373 26.8620350519816 26.8495300292968 26.8547584533691 26.8599868774414 26.8652153015137 26.8704437255859 26.8756721496582 26.8809005737305 26.8268659114838 26.5950419902802 26.3632180690766 26.131394147873 25.8995702266694 25.6677463054658 25.4359223842622 25.2040984630585 25.1648203849793 25.1897242546082 25.2146281242371 25.239531993866 25.2644358634949 25.2893397331238 25.3142436027527 25.3850604375203 25.5936161677043 25.8021718978882
30.4454529126485 30.27656138738 30.1076698621114 29.9387783368429 29.7698868115743 29.6009952863057 29.3576411883036 29.0894662327237 28.8212912771437 28.5531163215637 28.2849413659838 28.0167664104038 27.7485914548238 27.5305701997545 27.4630100462172 27.3954498926798 27.3278897391425 27.2603295856052 27.1927694320679 27.1252092785305 27.0576491249932 27.0260045369466 27.0063318040636 26.9866590711805 26.9669863382975 26.9473136054145 26.9276408725315 26.9079681396484 26.8276582982806 26.5654371314579 26.3032159646353 26.0409947978126 25.77877363099 25.5165524641673 25.2543312973447 24.992110130522 24.9371244748434 24.9512173228794 24.9653101709154 24.9794030189515 24.9934958669875 25.0075887150235 25.0216815630595 25.0906607098049 25.3242987526788 25.5579367955526
30.4120628039043 30.2568563355341 30.1016498671638 29.9464433987936 29.7912369304234 29.6360304620531 29.4102543354035 29.1609549893274 28.9116556432512 28.6623562971751 28.413056951099 28.1637576050229 27.9144582589468 27.7092870394389 27.6365001996358 27.5637133598328 27.4909265200297 27.4181396802266 27.3453528404236 27.2725660006205 27.1997791608175 27.1589036782582 27.1286653147803 27.0984269513024 27.0681885878245 27.0379502243466 27.0077118608686 26.9774734973907 26.8809914482965 26.585778342353 26.2905652364095 25.9953521304661 25.7001390245226 25.4049259185792 25.1097128126357 24.8144997066922 24.7330155690511 24.7227744208442 24.7125332726373 24.7022921244304 24.6920509762235 24.6818098280166 24.6715686798097 24.7278584427304 24.9837409390344 25.2396234353384
30.24244222641 30.100374253591 29.9583062807719 29.8162383079529 29.6741703351339 29.5321023623149 29.3347737789155 29.1190249919892 28.9032762050629 28.6875274181366 28.4717786312104 28.2560298442841 28.0402810573578 27.8581231117248 27.7767376899719 27.695352268219 27.6139668464661 27.5325814247131 27.4511960029602 27.3698105812073 27.2884251594543 27.2482274532318 27.2217589855194 27.195290517807 27.1688220500946 27.1423535823822 27.1158851146698 27.0894166469574 26.9868653615316 26.6560656229655 26.3252658843995 25.9944661458334 25.6636664072673 25.3328666687012 25.0020669301352 24.6712671915691 24.5524936676026 24.5043955485027 24.4562974294027 24.4081993103028 24.3601011912029 24.3120030721029 24.263904953003 24.2966536362966 24.5719427267711 24.8472318172455
30.0728216489157 29.9438921716479 29.81496269438 29.6860332171123 29.5571037398445 29.4281742625767 29.2592932224274 29.077094994651 28.8948967668745 28.7126985390981 28.5305003113217 28.3483020835453 28.1661038557689 28.0069591840108 27.916975180308 27.8269911766052 27.7370071729024 27.6470231691996 27.5570391654968 27.467055161794 27.3770711580912 27.3375512282053 27.3148526562585 27.2921540843116 27.2694555123647 27.2467569404178 27.2240583684709 27.201359796524 27.0927392747668 26.726352903578 26.3599665323894 25.9935801612007 25.627193790012 25.2608074188233 24.8944210476347 24.5280346764459 24.371971766154 24.2860166761611 24.2000615861681 24.1141064961752 24.0281514061822 23.9421963161893 23.8562412261964 23.8654488298628 24.1601445145077 24.4548401991526
29.9032010714214 29.7874100897048 29.6716191079882 29.5558281262716 29.440037144555 29.3242461628384 29.1838126659394 29.0351649973128 28.8865173286862 28.7378696600596 28.5892219914331 28.4405743228065 28.2919266541799 28.1557952562968 28.0572126706441 27.9586300849914 27.8600474993388 27.7614649136861 27.6628823280334 27.5642997423808 27.4657171567281 27.4268750031789 27.4079463269975 27.3890176508162 27.3700889746348 27.3511602984534 27.332231622272 27.3133029460907 27.1986131880019 26.7966401841906 26.3946671803793 25.992694176568 25.5907211727567 25.1887481689454 24.7867751651341 24.3848021613228 24.1914498647055 24.0676378038195 23.9438257429335 23.8200136820476 23.6962016211617 23.5723895602757 23.4485774993897 23.434244023429 23.7483463022444 24.0624485810598
29.733580493927 29.6309280077617 29.5282755215963 29.4256230354309 29.3229705492656 29.2203180631002 29.1083321094513 28.9932349999746 28.8781378904979 28.7630407810211 28.6479436715444 28.5328465620677 28.4177494525909 28.3046313285828 28.1974501609802 28.0902689933777 27.9830878257751 27.8759066581726 27.7687254905701 27.6615443229675 27.554363155365 27.5161987781525 27.5010399977366 27.4858812173207 27.4707224369049 27.455563656489 27.4404048760732 27.4252460956573 27.3044871012371 26.8669274648031 26.4293678283692 25.9918081919353 25.5542485555014 25.1166889190675 24.6791292826336 24.2415696461996 24.0109279632569 23.8492589314779 23.687589899699 23.52592086792 23.364251836141 23.2025828043621 23.0409137725831 23.0030392169952 23.3365480899811 23.6700569629669
29.5639599164327 29.4744459258186 29.3849319352044 29.2954179445903 29.2059039539761 29.116389963362 29.0328515529633 28.9513050026364 28.8697584523095 28.7882119019826 28.7066653516558 28.6251188013289 28.543572251002 28.4534674008687 28.3376876513163 28.2219079017639 28.1061281522115 27.9903484026591 27.8745686531067 27.7587889035543 27.6430091540019 27.605522553126 27.5941336684757 27.5827447838253 27.571355899175 27.5599670145247 27.5485781298743 27.537189245224 27.4103610144722 26.9372147454156 26.4640684763591 25.9909222073026 25.517775938246 25.0446296691895 24.571483400133 24.0983371310765 23.8304060618083 23.6308800591364 23.4313540564644 23.2318280537924 23.0323020511204 22.8327760484484 22.6332500457765 22.5718344105614 22.9247498777178 23.2776653448741
29.5829701900482 29.5016342957814 29.4202984015147 29.3389625072479 29.2576266129811 29.1762907187144 29.1122107505798 29.0538827578226 28.9955547650655 28.9372267723083 28.8788987795511 28.820570786794 28.7622427940368 28.6870163440704 28.5610945224761 28.4351727008819 28.3092508792877 28.1833290576934 28.0574072360992 27.931485414505 27.8055635929107 27.7658876736958 27.7549603886074 27.744033103519 27.7331058184305 27.7221785333421 27.7112512482537 27.7003239631652 27.5686381498973 27.0746767520905 26.5807153542837 26.0867539564769 25.5927925586701 25.0988311608633 24.6048697630565 24.1109083652497 23.8036600748698 23.5586494869656 23.3136388990614 23.0686283111573 22.8236177232531 22.5786071353489 22.3335965474447 22.2353991773393 22.5776414606306 22.9198837439219
29.7906113147735 29.7124931176503 29.6343749205271 29.5562567234039 29.4781385262807 29.4000203291575 29.346409702301 29.3009682655334 29.2555268287658 29.2100853919983 29.1646439552307 29.1192025184631 29.0737610816955 29.0052781581878 28.8676707744598 28.7300633907318 28.5924560070038 28.4548486232757 28.3172412395477 28.1796338558197 28.0420264720916 27.997294139862 27.9835201581319 27.9697461764017 27.9559721946716 27.9421982129415 27.9284242312113 27.9146502494812 27.7793185075125 27.2793134848277 26.779308462143 26.2793034394583 25.7792984167735 25.2792933940888 24.7792883714041 24.2792833487193 23.9306900024414 23.6325672149659 23.3344444274903 23.0363216400147 22.7381988525391 22.4400760650635 22.141953277588 21.9937335173289 22.2952228387197 22.5967121601105
29.9982524394989 29.9233519395192 29.8484514395396 29.7735509395599 29.6986504395803 29.6237499396006 29.5806086540222 29.5480537732442 29.5154988924662 29.4829440116882 29.4503891309102 29.4178342501322 29.3852793693542 29.3235399723053 29.1742470264435 29.0249540805816 28.8756611347198 28.726368188858 28.5770752429962 28.4277822971344 28.2784893512726 28.2287006060282 28.2120799276564 28.1954592492845 28.1788385709127 28.1622178925408 28.1455972141689 28.1289765357971 27.9899988651277 27.4839502175649 26.9779015700023 26.4718529224397 25.9658042748769 25.4597556273143 24.9537069797517 24.447658332189 24.0577199300131 23.7064849429661 23.3552499559191 23.0040149688721 22.6527799818252 22.3015449947782 21.9503100077312 21.7520678573184 22.0128042168088 22.273540576299
30.2058935642242 30.1342107613881 30.062527958552 29.9908451557159 29.9191623528798 29.8474795500437 29.8148076057434 29.795139280955 29.7754709561665 29.7558026313781 29.7361343065897 29.7164659818013 29.6967976570129 29.6418017864227 29.4808232784271 29.3198447704315 29.1588662624359 28.9978877544403 28.8369092464447 28.6759307384491 28.5149522304535 28.4601070721944 28.4406396971808 28.4211723221672 28.4017049471537 28.3822375721401 28.3627701971266 28.343302822113 28.2006792227428 27.6885869503021 27.1764946778616 26.664402405421 26.1523101329804 25.6402178605398 25.1281255880992 24.6160333156586 24.1847498575847 23.7804026709663 23.3760554843479 22.9717082977296 22.5673611111112 22.1630139244928 21.7586667378745 21.510402197308 21.7303855948978 21.9503689924876
30.4135346889496 30.345069583257 30.2766044775645 30.2081393718719 30.1396742661794 30.0712091604868 30.0490065574646 30.0422247886657 30.0354430198669 30.0286612510681 30.0218794822692 30.0150977134704 30.0083159446716 29.9600636005401 29.7873995304107 29.6147354602814 29.442071390152 29.2694073200226 29.0967432498932 28.9240791797638 28.7514151096344 28.6915135383606 28.6691994667053 28.64688539505 28.6245713233947 28.6022572517395 28.5799431800842 28.5576291084289 28.411359580358 27.8932236830394 27.3750877857209 26.8569518884024 26.3388159910838 25.8206800937653 25.3025441964468 24.7844082991282 24.3117797851563 23.8543203989666 23.3968610127767 22.939401626587 22.4819422403973 22.0244828542074 21.5670234680177 21.2687365372976 21.4479669729869 21.6271974086762
30.6211758136749 30.5559284051259 30.4906809965769 30.4254335880279 30.360186179479 30.2949387709299 30.2832055091858 30.2893102963765 30.2954150835673 30.301519870758 30.3076246579488 30.3137294451395 30.3198342323303 30.2783254146576 30.0939757823944 29.9096261501312 29.725276517868 29.5409268856048 29.3565772533417 29.1722276210785 28.9878779888153 28.9229200045267 28.8977592362298 28.8725984679328 28.8474376996358 28.8222769313388 28.7971161630418 28.7719553947448 28.6220399379731 28.0978604157766 27.5736808935802 27.0495013713838 26.5253218491872 26.0011423269908 25.4769628047944 24.9527832825979 24.4388097127279 23.9282381269668 23.4176665412056 22.9070949554444 22.3965233696833 21.8859517839221 21.3753801981609 21.0270708772871 21.1655483510759 21.3040258248647
30.7961330095927 30.7391549110412 30.6821768124898 30.6251987139384 30.5682206153869 30.5112425168355 30.5014981746673 30.5074984179602 30.5134986612532 30.5194989045461 30.525499147839 30.5314993911319 30.5374996344248 30.494699022505 30.305495844947 30.1162926673889 29.9270894898309 29.7378863122728 29.5486831347148 29.3594799571567 29.1702767795987 29.0946886221568 29.056972138087 29.0192556540171 28.9815391699473 28.9438226858775 28.9061062018077 28.8683897177378 28.7103366110061 28.1912736362882 27.6722106615703 27.1531476868525 26.6340847121345 26.1150217374167 25.5959587626988 25.0768957879809 24.5432821114859 24.0048182010652 23.4663542906444 22.9278903802237 22.389426469803 21.8509625593822 21.3124986489615 20.9344707330068 21.0377508004506 21.1410308678945
30.9384062767029 30.894749101003 30.8510919253031 30.8074347496032 30.7637775739034 30.7201203982035 30.7038845539093 30.6967891534169 30.6896937529246 30.6825983524322 30.6755029519399 30.6684075514475 30.6613121509552 30.6091844240825 30.4219597180684 30.2347350120545 30.0475103060405 29.8602856000264 29.6730608940125 29.4858361879985 29.2986114819845 29.2068193912506 29.1468381722768 29.086856953303 29.0268757343292 28.9668945153554 28.9069132963816 28.8469320774079 28.6762495994569 28.173463344574 27.6706770896912 27.1678908348085 26.6651045799256 26.1623183250428 25.65953207016 25.1567458152771 24.6251969814301 24.0840606212617 23.5429242610932 23.0017879009248 22.4606515407563 21.9195151805878 21.3783788204194 20.9909361044566 21.064574321111 21.1382125377655
31.080679543813 31.0503432909648 31.0200070381164 30.9896707852681 30.9593345324198 30.9289982795715 30.9062709331512 30.8860798888736 30.865888844596 30.8456978003184 30.8255067560408 30.8053157117631 30.7851246674855 30.7236698256599 30.5384235911899 30.35317735672 30.16793112225 29.9826848877801 29.7974386533102 29.6121924188402 29.4269461843703 29.3189501603444 29.2367042064667 29.1544582525889 29.0722122987112 28.9899663448334 28.9077203909556 28.8254744370779 28.6421625879077 28.1556530528599 27.6691435178122 27.1826339827645 26.6961244477167 26.2096149126689 25.7231053776212 25.2365958425734 24.7071118513744 24.1633030414582 23.619494231542 23.0756854216259 22.5318766117097 21.9880678017935 21.4442589918773 21.0474014759064 21.0913978417714 21.1353942076365
31.2229528109232 31.2059374809265 31.1889221509297 31.171906820933 31.1548914909362 31.1378761609395 31.1086573123932 31.0753706243303 31.0420839362674 31.0087972482045 30.9755105601416 30.9422238720788 30.9089371840159 30.8381552272373 30.6548874643114 30.4716197013855 30.2883519384596 30.1050841755337 29.9218164126078 29.738548649682 29.555280886756 29.4310809294383 29.3265702406565 29.2220595518748 29.1175488630931 29.0130381743113 28.9085274855296 28.8040167967479 28.6080755763585 28.1378427611458 27.6676099459331 27.1973771307205 26.7271443155077 26.2569115002951 25.7866786850824 25.3164458698697 24.7890267213186 24.2425454616548 23.6960642019908 23.1495829423269 22.6031016826631 22.0566204229991 21.5101391633352 21.1038668473561 21.1182213624318 21.1325758775075
31.3652260780334 31.3615316708882 31.3578372637431 31.3541428565979 31.3504484494527 31.3467540423075 31.3110436916351 31.264661359787 31.2182790279388 31.1718966960907 31.1255143642425 31.0791320323944 31.0327497005463 30.9526406288147 30.7713513374329 30.590062046051 30.4087727546692 30.2274834632873 30.0461941719055 29.8649048805237 29.6836155891418 29.5432116985321 29.4164362748464 29.2896608511607 29.162885427475 29.0361100037893 28.9093345801036 28.7825591564179 28.5739885648093 28.1200324694316 27.666076374054 27.2121202786765 26.7581641832988 26.3042080879212 25.8502519925436 25.396295897166 24.8709415912629 24.3217878818513 23.7726341724396 23.223480463028 22.6743267536164 22.1251730442048 21.5760193347932 21.1603322188059 21.1450448830922 21.1297575473785
31.5074993451436 31.51712586085 31.5267523765564 31.5363788922627 31.5460054079691 31.5556319236755 31.5134300708771 31.4539520952437 31.3944741196102 31.3349961439768 31.2755181683434 31.21604019271 31.1565622170766 31.0671260303921 30.8878152105543 30.7085043907166 30.5291935708788 30.349882751041 30.1705719312032 29.9912611113654 29.8119502915276 29.6553424676259 29.5063023090363 29.3572621504466 29.2082219918569 29.0591818332672 28.9101416746775 28.7611015160879 28.5399015532601 28.1022221777175 27.664542802175 27.2268634266324 26.7891840510899 26.3515046755473 25.9138253000048 25.4761459244623 24.9528564612072 24.4010303020478 23.8492041428884 23.2973779837291 22.7455518245698 22.1937256654104 21.6418995062511 21.2167975902557 21.1718684037527 21.1269392172496
