data/working_set_collections/6091692-Cassins_Sparrow-MC/2000/bio1.asc
NCOLS 265 
NROWS 230 
XLLCORNER -115.5625 
YLLCORNER 24.8333333333333 
CELLSIZE 0.0833333333333333 
NODATA_value -9999 
[rows 60 to 79 of 230, columns 92 to 137 of 265]
7.47826117674516 7.12989796797438 6.78153475920365 6.43317155043292 6.08480834166213 5.44317727700509 4.70379026038587 3.96440324376653 3.22501622714731 2.4856292105281 1.74624219390876 1.00685517728954 0.473275355342668 0.557117117413537 0.640958879484391 0.724800641555246 0.808642403626115 0.892484165696969 0.976325927767824 1.06016768983869 1.51816238264228 2.10087471902352 2.68358705540487 3.26629939178612 3.84901172816736 4.43172406454871 5.01443640092996 5.55634449190551 5.97583984666385 6.39533520142227 6.81483055618061 7.23432591093896 7.65382126569737 8.07331662045571 8.49281197521406 8.84077475865672 9.16489335166072 9.48901194466472 9.81313053766877 10.1372491306728 10.4613677236768 10.7854863166808 11.0642771376503 11.2070846425162 11.349892147382 11.4926996522479
7.58112618923194 7.1994650602341 6.81780393123633 6.43614280223855 6.05448167324071 5.48763807537044 4.85906698787597 4.23049590038138 3.60192481288691 2.97335372539243 2.34478263789785 1.71621155040337 1.25510065434486 1.29637033259483 1.33764001084479 1.37890968909475 1.42017936734472 1.46144904559468 1.50271872384464 1.5439884020946 1.9698843866585 2.52398913999379 3.07809389332917 3.63219864666446 4.18630339999975 4.74040815333514 5.29451290667043 5.81796081463481 6.24943818648639 6.68091555833804 7.11239293018962 7.5438703020412 7.97534767389285 8.40682504574442 8.838302417596 9.19064664840687 9.51661316553738 9.8425796826679 10.1685461997985 10.494512716929 10.8204792340595 11.1464457511901 11.4231019258498 11.5518270730971 11.6805522203445 11.8092773675918
7.68399120171873 7.26903215249383 6.85407310326901 6.43911405404418 6.02415500481929 5.5320988737358 5.01434371536607 4.49658855699626 3.97883339862653 3.4610782402568 2.94332308188699 2.42556792351726 2.03692595334713 2.03562354777619 2.03432114220525 2.03301873663431 2.03171633106337 2.03041392549243 2.0291115199215 2.02780911435056 2.42160639067476 2.94710356096409 3.47260073125351 3.99809790154284 4.52359507183217 5.04909224212159 5.57458941241092 6.07957713736414 6.52303652630895 6.96649591525384 7.40995530419865 7.85341469314346 8.29687408208835 8.74033347103316 9.18379285997797 9.54051853815704 9.86833297941407 10.1961474206711 10.5239618619282 10.8517763031852 11.1795907444423 11.5074051856994 11.7819267140494 11.8965695036781 12.0112122933069 12.1258550829357
7.78685621420551 7.33859924475356 6.89034227530169 6.44208530584981 5.99382833639786 5.57655967210115 5.16962044285618 4.76268121361113 4.35574198436615 3.94880275512118 3.54186352587613 3.13492429663116 2.81875125234939 2.77487676295754 2.73100227356571 2.68712778417387 2.64325329478203 2.59937880539019 2.55550431599836 2.51162982660651 2.87332839469101 3.37021798193439 3.86710756917784 4.36399715642122 4.86088674366459 5.35777633090805 5.85466591815142 6.34119346009347 6.79663486613152 7.25207627216964 7.70751767820768 8.16295908424573 8.61840049028385 9.0738418963219 9.52928330235994 9.89039042790721 10.2200527932908 10.5497151586743 10.8793775240579 11.2090398894415 11.538702254825 11.8683646202086 12.1407515022489 12.2413119342591 12.3418723662694 12.4424327982796
7.88972122669229 7.40816633701329 6.92661144733436 6.44505655765544 5.96350166797644 5.62102047046651 5.32489717034627 5.02877387022598 4.73265057010575 4.43652726998551 4.14040396986522 3.84428066974499 3.60057655135158 3.51412997813884 3.42768340492611 3.34123683171338 3.25479025850063 3.1683436852879 3.08189711207517 2.99545053886242 3.32505039870723 3.79333240290465 4.26161440710215 4.72989641129956 5.19817841549698 5.66646041969448 6.13474242389189 6.60280978282278 7.07023320595405 7.53765662908541 8.00508005221669 8.47250347534797 8.93992689847933 9.4073503216106 9.87477374474188 10.2402623176574 10.5717726071674 10.9032828966775 11.2347931861876 11.5663034756977 11.8978137652078 12.2293240547179 12.4995762904484 12.5860543648401 12.6725324392318 12.7590105136235
7.99258623917908 7.47773342927302 6.96288061936705 6.44802780946107 5.93317499955501 5.66548126883186 5.48017389783638 5.29486652684086 5.10955915584537 4.92425178484988 4.73894441385437 4.55363704285888 4.38240185035385 4.25338319332019 4.12436453628657 3.99534587925294 3.86632722221929 3.73730856518566 3.60828990815203 3.47927125111838 3.77677240272349 4.21644682387495 4.65612124502648 5.09579566617794 5.5354700873294 5.97514450848093 6.41481892963239 6.8644261055521 7.34383154577662 7.82323698600121 8.30264242622572 8.78204786645023 9.26145330667483 9.74085874689934 10.2202641871239 10.5901342074075 10.9234924210441 11.2568506346807 11.5902088483174 11.9235670619539 12.2569252755905 12.5902834892272 12.858401078648 12.9307967954211 13.0031925121943 13.0755882289674
7.6907148781752 7.15757217771491 6.62442947725472 6.09128677679453 5.55814407633425 5.3418246537448 5.23111299044566 5.12040132714651 5.00968966384737 4.89897800054824 4.78826633724908 4.67755467394995 4.56946530938155 4.46924284100537 4.36902037262921 4.26879790425304 4.16857543587686 4.06835296750069 3.96813049912453 3.86790803074835 4.15207331776609 4.56436785658188 4.97666239539775 5.38895693421354 5.80125147302934 6.2135460118452 6.625840550661 7.05469148423924 7.53321160210489 8.01173171997061 8.49025183783625 8.9687719557019 9.44729207356762 9.92581219143326 10.4043323092989 10.7824610710143 11.1271260473462 11.4717910236781 11.8164560000101 12.161120976342 12.5057859526739 12.8504509290059 13.1256272315979 13.1923375129699 13.259047794342 13.3257580757141
6.9841071436805 6.44768258233883 5.91125802099726 5.37483345965569 4.83840889831402 4.65005062520517 4.57771444817397 4.50537827114275 4.43304209411155 4.36070591708035 4.28836974004914 4.21603356301794 4.16176692843444 4.16170892119413 4.16165091395382 4.1615929067135 4.16153489947319 4.16147689223288 4.16141888499257 4.16136087775225 4.45095314383495 4.83709550102538 5.22323785821588 5.60938021540631 5.99552257259675 6.38166492978725 6.76780728697768 7.17360591888415 7.63837337493881 8.10314083099356 8.56790828704822 9.03267574310289 9.49744319915763 9.96221065521229 10.426978111267 10.8172429084777 11.1826734860737 11.5481040636697 11.9135346412658 12.2789652188618 12.6443957964578 13.0098263740539 13.301254749298 13.3706765174865 13.440098285675 13.5095200538635
6.27749940918574 5.73779298696269 5.19808656473974 4.65838014251678 4.11867372029374 3.95827659666549 3.92431590590222 3.89035521513895 3.85639452437569 3.82243383361242 3.78847314284915 3.75451245208588 3.75406854748729 3.85417500138286 3.95428145527841 4.05438790917396 4.15449436306952 4.25460081696507 4.35470727086062 4.45481372475619 4.74983296990384 5.10982314546891 5.46981332103404 5.8298034965991 6.18979367216417 6.5497838477293 6.90977402329437 7.29252035352907 7.74353514777275 8.19454994201651 8.6455647362602 9.09657953050388 9.54759432474764 9.99860911899132 10.449623913235 10.8520247459411 11.2382209248012 11.6244171036613 12.0106132825215 12.3968094613816 12.7830056402417 13.1692018191019 13.4768822669982 13.5490155220031 13.621148777008 13.6932820320129
5.57089167469098 5.02790339158655 4.48491510848222 3.94192682537788 3.39893854227345 3.2665025681258 3.27091736363047 3.27533215913515 3.27974695463982 3.28416175014449 3.28857654564916 3.29299134115383 3.34637016654015 3.54664108157159 3.746911996603 3.94718291163441 4.14745382666586 4.34772474169727 4.54799565672868 4.74826657176012 5.04871279597273 5.38255078991244 5.71638878385219 6.05022677779189 6.3840647717316 6.71790276567135 7.05174075961106 7.41143478817399 7.84869692060669 8.28595905303947 8.72322118547217 9.16048331790487 9.59774545033765 10.0350075827704 10.4722697152031 10.8868065834045 11.2937683635287 11.7007301436529 12.1076919237772 12.5146537039014 12.9216154840256 13.3285772641499 13.6525097846984 13.7273545265197 13.802199268341 13.8770440101623
4.86428394019628 4.31801379621047 3.77174365222476 3.22547350823904 2.67920336425323 2.57472853958618 2.61751882135878 2.66030910313139 2.703099384904 2.7458896666766 2.78867994844922 2.83147023022182 2.93867178559303 3.23910716176035 3.53954253792761 3.83997791409487 4.14041329026219 4.44084866642945 4.74128404259672 5.04171941876403 5.3475926220416 5.65527843435594 5.96296424667033 6.27065005898467 6.578335871299 6.8860216836134 7.19370749592773 7.53034922281889 7.95385869344062 8.37736816406241 8.80087763468414 9.22438710530586 9.64789657592765 10.0714060465494 10.4949155171711 10.9215884208678 11.3493158022562 11.7770431836445 12.2047705650329 12.6324979464212 13.0602253278095 13.4879527091979 13.8281373023986 13.9056935310363 13.983249759674 14.0608059883117
4.15767620570152 3.60812420083433 3.05857219596723 2.50902019110014 1.95946818623294 1.88295451104649 1.96412027908703 2.04528604712759 2.12645181516813 2.20761758320867 2.28878335124923 2.36994911928977 2.53097340464589 2.93157324194908 3.3321730792522 3.73277291655533 4.13337275385852 4.53397259116165 4.93457242846477 5.33517226576796 5.64647244811049 5.92800607879946 6.20953970948848 6.49107334017746 6.77260697086643 7.05414060155545 7.33567423224442 7.64926365746381 8.05902046627455 8.46877727508537 8.87853408389611 9.28829089270685 9.69804770151766 10.1078045103284 10.5175613191391 10.9563702583312 11.4048632409836 11.8533562236361 12.3018492062886 12.750342188941 13.1988351715934 13.6473281542459 14.0037648200988 14.0840325355529 14.164300251007 14.2445679664611
3.89328174690416 3.36212827861313 2.83097481032219 2.29982134203125 1.76866787374022 1.70970577696954 1.80814080403905 1.90657583110857 2.00501085817808 2.10344588524759 2.20188091231712 2.30031593938663 2.48308754497091 2.91886888609984 3.3546502272287 3.79043156835756 4.22621290948649 4.66199425061535 5.0977755917442 5.53355693287314 5.84214049577707 6.10832479927268 6.37450910276833 6.64069340626393 6.90687770975954 7.17306201325519 7.43924631675079 7.73380062845009 8.11346496476057 8.49312930107111 8.87279363738158 9.25245797369206 9.6321223100026 10.0117866463131 10.3914509826236 10.8383670171101 11.307700284322 11.7770335515339 12.2463668187459 12.7157000859578 13.1850333531696 13.6543666203816 14.0279057449765 14.1140624417199 14.2002191384633 14.2863758352068
4.07110056380439 3.58002602954707 3.08895149528984 2.59787696103261 2.10680242677529 2.05498233735554 2.14958039621504 2.24417845507456 2.33877651393406 2.43337457279356 2.52797263165308 2.62257069051259 2.79501420656825 3.20099409421276 3.60697398185719 4.01295386950162 4.41893375714612 4.82491364479055 5.23089353243498 5.63687342007949 5.93459676504129 6.19623459577553 6.45787242650981 6.71951025724405 6.98114808797829 7.24278591871257 7.50442374944681 7.78396013577771 8.11719218889863 8.4504242420196 8.78365629514052 9.11688834826144 9.45012040138242 9.78335245450334 10.1165845076243 10.5675786972046 11.0578269322713 11.548075167338 12.0383234024047 12.5285716374714 13.0188198725381 13.5090681076049 13.9005600770315 13.9957832495371 14.0910064220428 14.1862295945485
4.24891938070464 3.79792378048104 3.34692818025752 2.895932580034 2.4449369798104 2.40025889774157 2.49101998839107 2.58178107904057 2.67254216969007 2.76330326033956 2.85406435098907 2.94482544163857 3.10694086816563 3.4831193023257 3.8592977364857 4.2354761706457 4.61165460480577 4.98783303896577 5.36401147312578 5.74018990728584 6.02705303430551 6.28414439227839 6.5412357502513 6.79832710822418 7.05541846619705 7.31250982416997 7.56960118214284 7.83411964310533 8.12091941303669 8.4077191829681 8.69451895289946 8.98131872283082 9.26811849276223 9.55491826269358 9.84171803262494 10.2967903772989 10.8079535802205 11.319116783142 11.8302799860636 12.3414431889851 12.8526063919066 13.3637695948282 13.7732144090864 13.8775040573544 13.9817937056224 14.0860833538903
4.42673819760489 4.01582153141501 3.6049048652252 3.19398819903539 2.78307153284551 2.7455354581276 2.83245958056709 2.91938370300659 3.00630782544608 3.09323194788556 3.18015607032506 3.26708019276455 3.418867529763 3.76524451043864 4.11162149111421 4.45799847178979 4.80437545246542 5.150752433141 5.49712941381657 5.8435063944922 6.11950930356974 6.37205418878125 6.6245990739928 6.8771439592043 7.12968884441581 7.38223372962736 7.63477861483887 7.88427915043295 8.12464663717475 8.36501412391659 8.60538161065839 8.84574909740019 9.08611658414203 9.32648407088383 9.56685155762563 10.0260020573933 10.5580802281697 11.090158398946 11.6222365697224 12.1543147404988 12.6863929112751 13.2184710820515 13.6458687411414 13.7592248651716 13.8725809892019 13.9859371132321
4.60455701450512 4.23371928234896 3.86288155019285 3.49204381803675 3.12120608588058 3.09081201851361 3.17389917274308 3.25698632697258 3.34007348120205 3.42316063543153 3.50624778966102 3.5893349438905 3.73079419136035 4.04736971855155 4.3639452457427 4.68052077293385 4.99709630012505 5.3136718273162 5.63024735450735 5.94682288169856 6.21196557283396 6.4599639852841 6.70796239773428 6.95596081018442 7.20395922263457 7.45195763508475 7.69995604753489 7.93443865776057 8.12837386131281 8.32230906486509 8.51624426841733 8.71017947196957 8.90411467552185 9.09804987907409 9.29198508262634 9.75521373748775 10.3082068761189 10.86120001475 11.4141931533813 11.9671862920124 12.5201794306436 13.0731725692748 13.5185230731964 13.6409456729889 13.7633682727814 13.8857908725738
4.78237583140537 4.45161703328292 4.12085823516053 3.79009943703814 3.45934063891569 3.43608857889964 3.51533876491911 3.59458895093859 3.67383913695806 3.75308932297753 3.83233950899701 3.91158969501648 4.04272085295772 4.32949492666449 4.61626900037121 4.90304307407793 5.1898171477847 5.47659122149142 5.76336529519814 6.05013936890491 6.30442184209818 6.54787378178696 6.79132572147577 7.03477766116455 7.27822960085332 7.52168154054214 7.76513348023092 7.98459816508819 8.13210108545087 8.27960400581358 8.42710692617626 8.57460984653894 8.72211276690165 8.86961568726433 9.01711860762702 9.48442541758213 10.0583335240681 10.6322416305541 11.2061497370401 11.7800578435261 12.3539659500121 12.9278740564981 13.3911774052514 13.5226664808061 13.6541555563609 13.7856446319156
5.36723044249742 5.06996988521674 4.7727093279361 4.47544877065547 4.17818821337479 4.13927182555186 4.18647016088155 4.23366849621126 4.28086683154095 4.32806516687065 4.37526350220035 4.42246183753005 4.51330149835998 4.73506513569082 4.95682877302161 5.17859241035241 5.40035604768324 5.62211968501404 5.84388332234483 6.06564695967567 6.30453113317487 6.54912215206354 6.79371317095225 7.03830418984092 7.28289520872959 7.5274862276183 7.77207724650697 7.98522595432067 8.10404772890936 8.22286950349807 8.34169127808675 8.46051305267544 8.57933482726414 8.69815660185283 8.81697837644151 9.27682023048393 9.8503354443443 10.4238506582047 10.9973658720652 11.5708810859255 12.1443962997859 12.7179115136464 13.1833603700002 13.324610153834 13.4658599376679 13.6071097215017
6.35912084778139 6.08877783815052 5.81843482851969 5.54809181888886 5.27774880925799 5.20036175847036 5.1872933606305 5.17422496279065 5.1611565649508 5.14808816711094 5.13501976927109 5.12195137143123 5.14253612756716 5.26408034563054 5.38562456369391 5.50716878175727 5.62871299982066 5.75025721788402 5.87180143594739 5.99334565401077 6.21229344606397 6.4637090961138 6.71512474616367 6.9665403962135 7.21795604626333 7.4693716963132 7.72078734636303 7.936322025458 8.04421379168826 8.15210555791854 8.2599973241488 8.36788909037906 8.47578085660934 8.5836726228396 8.69156438906987 9.13239817619317 9.68421263694754 10.2360270977019 10.7878415584564 11.3396560192107 11.8914704799651 12.4432849407196 12.8950719674428 13.0467766920726 13.1984814167023 13.350186141332
