data/working_set_collections/6091692-Cassins_Sparrow-MC/2000/bio17.asc
NCOLS 265 
NROWS 230 
XLLCORNER -115.5625 
YLLCORNER 24.8333333333333 
CELLSIZE 0.0833333333333333 
NODATA_value -9999 
[rows 20 to 39 of 230, columns 0 to 45 of 265]
36.0986384285818 36.0424292882281 35.9862201478744 35.9300110075206 35.8738018671669 35.8175927268132 35.7613835864594 36.0186288515723 36.3803589185075 36.7420889854428 37.103819052378 37.4655491193132 37.8272791862485 38.1890092531837 38.4681151602001 38.4993485874598 38.5305820147195 38.5618154419791 38.5930488692388 38.6242822964985 38.6555157237581 38.6867491510178 38.8000954627989 38.9408127360872 39.0815300093756 39.2222472826639 39.3629645559522 39.5036818292405 39.6443991025288 40.0101204660201 41.0508541001212 42.0915877342222 43.1323213683232 44.1730550024243 45.2137886365253 46.2545222706263 47.2952559047275 49.1048572858172 51.1707479159034 53.2366385459899 55.3025291760761 57.3684198061623 59.4343104362488 61.500201066335 63.3656468073527 64.6297578811647
37.8952694998845 37.8820999781289 37.8689304563732 37.8557609346176 37.8425914128619 37.8294218911063 37.8162523693506 38.0234880765276 38.3041921933489 38.5848963101703 38.8656004269915 39.1463045438128 39.4270086606341 39.7077127774554 39.9045358763799 39.8497159216138 39.7948959668476 39.7400760120814 39.6852560573153 39.6304361025491 39.575616147783 39.5207961930168 39.5951273918151 39.7125089751348 39.8298905584546 39.9472721417744 40.0646537250942 40.1820353084139 40.2994168917337 40.609417777591 41.4972765710617 42.3851353645323 43.2729941580028 44.1608529514736 45.0487117449441 45.9365705384147 46.8244293318854 48.4433372179665 50.3059281349179 52.1685190518696 54.031109968821 55.8937008857724 57.7562918027242 59.6188827196756 61.3492287317911 62.6828400293987
39.691900571187 39.7217706680295 39.7516407648719 39.7815108617144 39.8113809585568 39.8412510553992 39.8711211522417 40.0283473014828 40.2280254681901 40.4277036348975 40.6273818016049 40.8270599683122 41.0267381350196 41.226416301727 41.3409565925596 41.2000832557676 41.0592099189756 40.9183365821837 40.7774632453917 40.6365899085997 40.4957165718077 40.3548432350157 40.3901593208312 40.4842052141824 40.5782511075336 40.6722970008849 40.7663428942361 40.8603887875874 40.9544346809386 41.2087150891619 41.9436990420022 42.6786829948424 43.4136669476825 44.1486509005228 44.8836348533629 45.6186188062031 46.3536027590434 47.7818171501158 49.4411083539325 51.1003995577494 52.7596907615661 54.4189819653828 56.0782731691997 57.7375643730164 59.3328106562297 60.7359221776328
41.4885316424897 41.5614413579302 41.6343510733708 41.7072607888113 41.7801705042518 41.8530802196924 41.9259899351329 42.0332065264381 42.1518587430315 42.270510959625 42.3891631762184 42.5078153928118 42.6264676094053 42.7451198259987 42.7773773087394 42.5504505899216 42.3235238711038 42.096597152286 41.8696704334682 41.6427437146504 41.4158169958326 41.1888902770147 41.1851912498473 41.25590145323 41.3266116566127 41.3973218599954 41.4680320633781 41.5387422667608 41.6094524701435 41.8080124007329 42.3901215129427 42.9722306251524 43.5543397373622 44.136448849572 44.7185579617817 45.3006670739915 45.8827761862013 47.1202970822651 48.576288572947 50.0322800636291 51.4882715543111 52.944263044993 54.4002545356751 55.856246026357 57.3163925806681 58.7890043258668
42.4237413936191 42.5382655143737 42.6527896351284 42.7673137558831 42.8818378766377 42.9963619973924 43.1108861181471 43.1486560503642 43.1608412530687 43.1730264557733 43.1852116584778 43.1973968611823 43.2095820638869 43.2217672665914 43.1538161913555 42.8454562822979 42.5370963732403 42.2287364641827 41.9203765551251 41.6120166460675 41.3036567370099 40.9952968279522 40.9589040438335 41.0131669680279 41.0674298922222 41.1216928164166 41.1759557406109 41.2302186648052 41.2844815889996 41.4600635210673 41.9996024767559 42.5391414324443 43.0786803881327 43.6182193438213 44.1577582995097 44.6972972551981 45.2368362108867 46.449760087331 47.8871456040274 49.324531120724 50.7619166374204 52.1993021541168 53.6366876708135 55.0740731875099 56.5289777331878 58.0364393658106
42.4975298245748 42.6522431373596 42.8069564501444 42.9616697629292 43.116383075714 43.2710963884989 43.4258097012837 43.3746958732605 43.2549729983012 43.1352501233419 43.0155272483826 42.8958043734233 42.776081498464 42.6563586235048 42.4702732404075 42.0851003328961 41.6999274253847 41.3147545178734 40.929581610362 40.5444087028506 40.1592357953392 39.7740628878278 39.7112977027895 39.7560017585756 39.8007058143618 39.8454098701479 39.890113925934 39.9348179817202 39.9795220375063 40.1648684501649 40.7721419334413 41.3794154167176 41.9866888999939 42.5939623832704 43.2012358665467 43.808509349823 44.4157828330994 45.7702061653136 47.3736794471738 48.9771527290343 50.5806260108945 52.1840992927548 53.7875725746153 55.3910458564755 56.9705661137895 58.4782272974648
42.5713182555304 42.7662207603454 42.9611232651604 43.1560257699754 43.3509282747904 43.5458307796054 43.7407332844204 43.6007356961568 43.3491047435337 43.0974737909105 42.8458428382874 42.5942118856643 42.3425809330411 42.090949980418 41.7867302894594 41.3247443834942 40.8627584775291 40.400772571564 39.9387866655987 39.4768007596336 39.0148148536685 38.5528289477033 38.4636913617454 38.4988365491233 38.5339817365012 38.5691269238792 38.6042721112571 38.639417298635 38.674562486013 38.8696733792623 39.5446813901266 40.2196894009909 40.8946974118551 41.5697054227194 42.2447134335836 42.9197214444478 43.5947294553121 45.0906522432961 46.8602132903202 48.6297743373445 50.3993353843686 52.1688964313927 53.9384574784171 55.7080185254411 57.4121544943911 58.920015229119
42.6451066864861 42.8801983833312 43.1152900801764 43.3503817770216 43.5854734738667 43.8205651707119 44.055656867557 43.8267755190532 43.4432364887662 43.0596974584792 42.6761584281922 42.2926193979053 41.9090803676182 41.5255413373313 41.1031873385113 40.5643884340924 40.0255895296734 39.4867906252545 38.9479917208355 38.4091928164166 37.8703939119977 37.3315950075787 37.2160850207012 37.241671339671 37.2672576586407 37.2928439776104 37.3184302965801 37.3440166155499 37.3696029345196 37.5744783083598 38.317220846812 39.0599633852641 39.8027059237162 40.5454484621684 41.2881910006205 42.0309335390726 42.7736760775248 44.4110983212786 46.3467471334666 48.2823959456548 50.2180447578427 52.1536935700306 54.0893423822189 56.0249911944068 57.8537428749928 59.3618031607732
42.7188951174418 42.9941760063171 43.2694568951924 43.5447377840677 43.820018672943 44.0952995618183 44.3705804506937 44.0528153419495 43.5373682339987 43.0219211260478 42.506474018097 41.9910269101463 41.4755798021954 40.9601326942446 40.4196443875633 39.8040324846906 39.1884205818179 38.5728086789452 37.9571967760724 37.3415848731997 36.7259729703271 36.1103610674543 35.9684786796572 35.9845061302187 36.0005335807802 36.0165610313418 36.0325884819033 36.0486159324648 36.0646433830263 36.2792832374573 37.0897603034974 37.9002373695374 38.7107144355774 39.5211915016175 40.3316685676575 41.1421456336975 41.9526226997376 43.7315443992612 45.833280976613 47.9350175539651 50.0367541313168 52.1384907086686 54.2402272860207 56.3419638633724 58.2953312555945 59.8035910924273
42.7926835483974 43.1081536293029 43.4236237102084 43.7390937911139 44.0545638720194 44.3700339529248 44.6855040338303 44.2788551648459 43.6314999792312 42.9841447936165 42.3367896080018 41.6894344223872 41.0420792367725 40.3947240511578 39.7361014366152 39.0436765352887 38.3512516339622 37.6588267326358 36.9664018313092 36.2739769299828 35.5815520286563 34.8891271273298 34.720872338613 34.7273409207664 34.7338095029197 34.740278085073 34.7467466672263 34.7532152493797 34.759683831533 34.9840881665547 35.8622997601828 36.7405113538106 37.6187229474385 38.4969345410665 39.3751461346944 40.2533577283223 41.1315693219503 43.0519904772438 45.3198148197594 47.5876391622753 49.8554635047909 52.1232878473065 54.3911121898225 56.658936532338 58.7369196361962 60.2453790240815
42.6116793950399 42.9510005315145 43.2903216679891 43.6296428044637 43.9689639409383 44.3082850774129 44.6476062138875 44.1443925221763 43.3603338877363 42.5762752532961 41.792216618856 41.008157984416 40.2240993499758 39.4400407155358 38.6630072911584 37.9070494969688 37.1510917027794 36.39513390859 35.6391761144005 34.8832183202111 34.1272605260217 33.3713027318322 33.230457210541 33.2946491135493 33.3588410165576 33.423032919566 33.4872248225743 33.5514167255827 33.615608628591 33.9149704191419 34.9198418723212 35.9247133255004 36.9295847786795 37.9344562318589 38.9393276850381 39.9441991382172 40.9490705913966 42.9972886721288 45.3932889620457 47.7892892519629 50.1852895418798 52.5812898317966 54.9772901217139 57.3732904116307 59.5683694627545 61.1606847974986
42.175882657369 42.5227167129517 42.8695507685343 43.2163848241171 43.5632188796997 43.9100529352824 44.2568869908651 43.6494274139407 42.7238699595137 41.7983125050865 40.8727550506595 39.9471975962325 39.0216401418053 38.0960826873783 37.2003619511927 36.394151369731 35.5879407882694 34.7817302068079 33.9755196253462 33.1693090438847 32.3630984624232 31.5568878809615 31.4972332954409 31.6864307085675 31.8756281216942 32.0648255348208 32.2540229479473 32.443220361074 32.6324177742006 33.0719299952188 34.2623866399129 35.4528432846068 36.6432999293007 37.8337565739948 39.0242132186888 40.2146698633827 41.4051265080768 43.5674389839167 46.0537034034722 48.5399678230282 51.0262322425837 53.5124966621392 55.9987610816951 58.4850255012506 60.7896807352696 62.5495084126786
41.7400859196981 42.0944328943888 42.4487798690796 42.8031268437704 43.1574738184611 43.5118207931518 43.8661677678426 43.154462305705 42.087406031291 41.0203497568769 39.9532934824629 38.8862372080489 37.8191809336347 36.7521246592208 35.7377166112268 34.881253242493 34.0247898737593 33.1683265050256 32.3118631362918 31.4553997675582 30.5989363988245 29.7424730300907 29.7640093803408 30.0782123035856 30.3924152268306 30.7066181500754 31.0208210733203 31.3350239965652 31.6492269198101 32.2288895712957 33.6049314075046 34.9809732437132 36.3570150799219 37.7330569161308 39.1090987523394 40.4851405885481 41.861182424757 44.1375892957046 46.7141178448988 49.2906463940934 51.8671749432876 54.4437034924818 57.0202320416764 59.5967605908706 62.0109920077848 63.9383320278587
41.3042891820272 41.666149075826 42.0280089696248 42.3898688634237 42.7517287572225 43.1135886510213 43.4754485448202 42.6594971974693 41.4509421030684 40.2423870086672 39.0338319142663 37.8252768198653 36.6167217254641 35.4081666310632 34.275071271261 33.368355115255 32.4616389592492 31.5549228032434 30.6482066472374 29.7414904912316 28.8347743352258 27.9280581792199 28.0307854652406 28.4699938986037 28.9092023319669 29.3484107653301 29.7876191986932 30.2268276320564 30.6660360654195 31.3858491473725 32.9474761750962 34.5091032028196 36.070730230543 37.6323572582667 39.1939842859901 40.7556113137135 42.3172383414372 44.7077396074926 47.3745322863254 50.0413249651587 52.7081176439916 55.3749103228244 58.0417030016577 60.7084956804906 63.2323032803 65.3271556430389
40.8684924443563 41.2378652572632 41.6072380701701 41.976610883077 42.3459836959839 42.7153565088908 43.0847293217977 42.1645320892337 40.8144781748458 39.4644242604576 38.1143703460697 36.7643164316818 35.4142625172937 34.0642086029057 32.8124259312952 31.8554569880171 30.8984880447392 29.9415191014613 28.9845501581832 28.0275812149052 27.0706122716273 26.1136433283492 26.2975615501406 26.861775493622 27.4259894371035 27.9902033805849 28.5544173240662 29.1186312675477 29.6828452110291 30.5428087234495 32.2900209426879 34.0372331619261 35.7844453811642 37.5316576004027 39.2788698196408 41.026082038879 42.7732942581174 45.2778899192804 48.034946727752 50.7920035362239 53.5490603446954 56.306117153167 59.0631739616389 61.8202307701104 64.453614552815 66.7159792582189
40.4326957066854 40.8095814387004 41.1864671707153 41.5633529027303 41.9402386347453 42.3171243667602 42.6940100987752 41.669566980998 40.1780142466231 38.686461512248 37.1949087778731 35.7033560434982 34.2118033091231 32.7202505747482 31.3497805913294 30.3425588607791 29.3353371302291 28.328115399679 27.3208936691288 26.3136719385787 25.3064502080286 24.2992284774784 24.5643376350404 25.2535570886401 25.9427765422399 26.6319959958395 27.3212154494392 28.010434903039 28.6996543566386 29.6997682995263 31.6325657102796 33.5653631210325 35.4981605317854 37.4309579425386 39.3637553532915 41.2965527640444 43.2293501747976 45.8480402310684 48.6953611691785 51.5426821072892 54.3900030453994 57.2373239835096 60.0846449216202 62.9319658597304 65.6749258253302 68.104802873399
40.078013949924 40.4726804097493 40.8673468695746 41.2620133293999 41.6566797892252 42.0513462490505 42.4460127088758 41.3975412050886 39.8680237134301 38.3385062217714 36.808988730113 35.2794712384545 33.7499537467958 32.2204362551373 30.8259900305008 29.8367576069303 28.8475251833599 27.8582927597895 26.869060336219 25.8798279126486 24.8905954890782 23.9013630655077 24.1833096981046 24.8889826827576 25.5946556674108 26.3003286520638 27.0060016367168 27.71167462137 28.417347606023 29.4489779207437 31.4584802256688 33.4679825305935 35.4774848355182 37.4869871404433 39.4964894453681 41.5059917502928 43.5154940552179 46.1687182426448 49.0365163909058 51.9043145391673 54.7721126874283 57.6399108356893 60.5077089839508 63.3755071322119 66.1582445568503 68.6857998106212
39.8044471740723 40.2271621704101 40.649877166748 41.0725921630859 41.4953071594238 41.9180221557616 42.3407371520996 41.3484547615054 39.8845065752669 38.4205583890281 36.9566102027895 35.492662016551 34.0287138303122 32.5647656440737 31.24105424881 30.338053226471 29.4350522041321 28.5320511817933 27.6290501594543 26.7260491371155 25.8230481147767 24.9200470924377 25.1544777393338 25.7680522759753 26.3816268126168 26.9952013492582 27.6087758858996 28.2223504225411 28.8359249591826 29.7904375871017 31.7677644888557 33.7450913906094 35.722418292363 37.699745194117 39.6770720958706 41.6543989976242 43.6317258993782 46.2399239540095 49.0584123929335 51.876900831858 54.695389270782 57.513877709706 60.3323661486305 63.1508545875545 65.903570747375 68.458970069885
39.5308803982205 39.9816439310709 40.4324074639214 40.8831709967719 41.3339345296223 41.7846980624728 42.2354615953233 41.2993683179222 39.9009894371036 38.5026105562847 37.1042316754661 35.7058527946475 34.3074739138287 32.90909503301 31.6561184671191 30.8393488460117 30.0225792249044 29.2058096037972 28.3890399826897 27.5722703615825 26.7555007404752 25.9387311193678 26.1256457805631 26.6471218691929 27.1685979578228 27.6900740464527 28.2115501350825 28.7330262237124 29.2545023123422 30.1318972534599 32.0770487520427 34.0222002506252 35.9673517492078 37.9125032477906 39.8576547463731 41.8028062449557 43.7479577435385 46.3111296653743 49.0803083949612 51.8494871245487 54.6186658541357 57.3878445837227 60.1570233133101 62.9262020428971 65.6488969378996 68.2321403291488
39.2573136223687 39.7361256917317 40.2149377610948 40.6937498304579 41.1725618998209 41.6513739691839 42.130186038547 41.250281874339 39.9174722989403 38.5846627235414 37.2518531481427 35.919043572744 34.5862339973451 33.2534244219464 32.0711826854283 31.3406444655525 30.6101062456767 29.879568025801 29.1490298059252 28.4184915860494 27.6879533661737 26.9574151462978 27.0968138217924 27.5261914624106 27.9555691030289 28.3849467436471 28.8143243842653 29.2437020248836 29.6730796655018 30.473356919818 32.3863330152297 34.2993091106411 36.2122852060525 38.1252613014643 40.0382373968757 41.9512134922871 43.8641895876988 46.382335376739 49.102204396989 51.8220734172394 54.5419424374894 57.2618114577393 59.9816804779898 62.7015494982397 65.3942231284242 68.0053105884126
