data/working_set_collections/6091692-Cassins_Sparrow-MC/2000/bio12.asc
NCOLS 265 
NROWS 230 
XLLCORNER -115.5625 
YLLCORNER 24.8333333333333 
CELLSIZE 0.0833333333333333 
NODATA_value -9999 
[rows 80 to 99 of 230, columns 138 to 183 of 265]
364.346836429173 358.925872548421 353.504908667671 348.08394478692 350.883115132648 356.422330220538 361.961545308429 367.50076039632 373.03997548421 378.579190572101 384.118405659992 390.965047963457 401.733971913652 412.502895863849 423.271819814044 434.040743764239 444.809667714435 455.57859166463 466.347515614825 476.771262868244 487.079951222736 497.388639577227 507.697327931721 518.006016286212 528.314704640704 538.623392995197 545.608526441787 542.622995164661 539.637463887534 536.651932610407 533.666401333281 530.680870056154 527.695338779027 524.709807501901 527.709294128418 532.703786722819 537.698279317219 542.692771911621 547.687264506021 552.681757100422 557.676249694824 562.306067233615 565.841859605576 569.377651977538 572.9134443495 576.449236721462
368.81755464342 363.720895640056 358.624236636692 353.527577633329 356.257296244302 361.59580739339 366.934318542478 372.272829691567 377.611340840656 382.949851989744 388.288363138833 394.713944753008 404.400737762448 414.087530771889 423.774323781329 433.461116790769 443.14790980021 452.83470280965 462.521495819089 472.846135203042 483.383390045164 493.920644887286 504.457899729409 514.995154571531 525.532409413653 536.069664255777 543.07536231147 539.486390007868 535.897417704265 532.308445400663 528.719473097061 525.130500793458 521.541528489856 517.952556186254 521.467213439941 527.349747212727 533.232280985513 539.1148147583 544.997348531086 550.879882303872 556.762416076659 562.111152818467 565.858498467338 569.60584411621 573.353189765082 577.100535413953
373.288272857667 368.515918731689 363.743564605713 358.971210479737 361.631477355955 366.769284566241 371.907091776528 377.044898986815 382.182706197101 387.320513407387 392.458320617674 398.462841542559 407.067503611244 415.67216567993 424.276827748614 432.881489817299 441.486151885985 450.09081395467 458.695476023354 468.921007537841 479.686828867593 490.452650197344 501.218471527098 511.98429285685 522.750114186602 533.515935516356 540.542198181154 536.349784851076 532.157371520997 527.96495819092 523.772544860842 519.580131530763 515.387718200686 511.195304870608 515.225132751465 521.995707702636 528.766282653807 535.53685760498 542.307432556151 549.078007507323 555.848582458495 561.91623840332 565.8751373291 569.834036254882 573.792935180663 577.751834106444
377.758991071914 373.310941823324 368.862892574734 364.414843326145 367.005658467609 371.942761739093 376.879865010577 381.816968282062 386.754071553546 391.691174825031 396.628278096515 402.21173833211 409.73426946004 417.25680058797 424.7793317159 432.301862843829 439.82439397176 447.34692509969 454.869456227619 464.995879872639 475.990267690021 486.984655507403 497.979043324787 508.973431142169 519.967818959551 530.962206776935 538.009034050837 533.213179694283 528.417325337729 523.621470981176 518.825616624622 514.029762268068 509.233907911515 504.438053554961 508.983052062988 516.641668192545 524.300284322101 531.958900451659 539.617516581216 547.276132710773 554.934748840331 561.721323988172 565.891776190863 570.062228393554 574.232680596245 578.403132798935
380.897541893854 376.879507700603 372.861473507352 368.843439314101 371.372220611571 376.083273739283 380.794326866996 385.505379994709 390.216433122422 394.927486250134 399.638539377847 404.826170772975 411.443536970349 418.060903167723 424.678269365097 431.295635562471 437.913001759846 444.53036795722 451.147734154594 461.01261393229 471.95999823676 482.90738254123 493.854766845702 504.802151150172 515.749535454642 526.696919759113 533.64229465061 528.58164130317 523.520987955731 518.460334608292 513.399681260853 508.339027913413 503.278374565974 498.217721218535 503.266879018147 511.685973866779 520.105068715411 528.524163564045 536.943258412677 545.36235326131 553.781448109943 561.193184238009 565.582844204372 569.972504170735 574.362164137097 578.75182410346
382.703925323487 379.221616363526 375.739307403565 372.256998443604 374.73116378784 379.190820566812 383.650477345783 388.110134124755 392.569790903726 397.029447682697 401.489104461669 406.306138865151 412.195306142169 418.084473419188 423.973640696206 429.862807973224 435.751975250244 441.641142527261 447.53030980428 456.971209716796 467.596020507811 478.220831298826 488.845642089843 499.470452880858 510.095263671873 520.72007446289 527.441979980471 522.455169677737 517.468359375002 512.481549072268 507.494738769534 502.507928466799 497.521118164065 492.53430786133 498.076613616943 507.128624725341 516.180635833738 525.232646942138 534.284658050536 543.336669158933 552.388680267333 560.331819152831 564.948341369628 569.564863586425 574.181385803222 578.797908020018
384.51030875312 381.563725026449 378.617141299778 375.670557573107 378.09010696411 382.29836739434 386.50662782457 390.7148882548 394.92314868503 399.13140911526 403.339669545491 407.786106957328 412.94707531399 418.108043670653 423.269012027316 428.429980383978 433.590948740641 438.751917097303 443.912885453965 452.929805501301 463.232042778861 473.534280056421 483.836517333983 494.138754611544 504.440991889104 514.743229166666 521.241665310332 516.328698052303 511.415730794273 506.502763536243 501.589796278214 496.676829020184 491.763861762155 486.850894504126 492.886348215738 502.571275583901 512.256202952065 521.94113032023 531.626057688393 541.310985056557 550.995912424722 559.470454067653 564.313838534884 569.157223002115 574.000607469346 578.843991936576
386.316692182753 383.905833689372 381.494975195991 379.08411670261 381.44905014038 385.405914221868 389.362778303357 393.319642384846 397.276506466334 401.233370547823 405.190234629312 409.266075049505 413.698844485811 418.131613922118 422.564383358425 426.997152794731 431.429922231038 435.862691667344 440.29546110365 448.888401285806 458.868065049911 468.847728814017 478.827392578124 488.807056342229 498.786720106335 508.766383870442 515.041350640193 510.202226426868 505.363102213543 500.523978000219 495.684853786894 490.845729573569 486.006605360245 481.16748114692 487.696082814533 498.013926442462 508.331770070391 518.649613698322 528.967457326251 539.28530095418 549.603144582111 558.609088982475 563.67933570014 568.749582417805 573.81982913547 578.890075853134
388.123075612386 386.247942352295 384.372809092204 382.497675832113 384.807993316649 388.513461049396 392.218928782144 395.924396514891 399.629864247639 403.335331980386 407.040799713134 410.746043141682 414.450613657632 418.155184173583 421.859754689534 425.564325205484 429.268895721435 432.973466237386 436.678036753336 444.846997070312 454.504087320962 464.161177571613 473.818267822265 483.475358072915 493.132448323566 502.789538574218 508.841035970054 504.075754801435 499.310473632814 494.545192464195 489.779911295575 485.014630126955 480.249348958335 475.484067789716 482.505817413329 493.456577301024 504.407337188718 515.358097076415 526.308856964109 537.259616851804 548.2103767395 557.747723897297 563.044832865396 568.341941833495 573.639050801594 578.936159769692
389.929459042019 388.590051015218 387.250642988417 385.911234961616 388.166936492919 391.621007876925 395.075079260931 398.529150644937 401.983222028943 405.437293412949 408.891364796956 412.226011233859 415.202382829453 418.178754425048 421.155126020643 424.131497616237 427.107869211833 430.084240807427 433.060612403022 440.805592854817 450.140109592012 459.474626329208 468.809143066405 478.143659803601 487.478176540797 496.812693277994 502.640721299915 497.949283176 493.257845052085 488.56640692817 483.874968804256 479.18353068034 474.492092556426 469.800654432511 477.315552012124 488.899228159585 500.482904307045 512.066580454507 523.650256601967 535.233932749427 546.81760889689 556.886358812119 562.410330030652 567.934301249185 573.458272467718 578.982243686251
390.762669287788 389.722921498617 388.683173709446 387.643425920275 389.876848856607 393.201328701442 396.525808546277 399.850288391113 403.174768235948 406.499248080782 409.823727925618 412.969507514105 415.57918633355 418.188865152994 420.798543972439 423.408222791883 426.017901611328 428.627580430772 431.237259250216 438.447932179767 447.192269812688 455.936607445609 464.680945078531 473.425282711451 482.169620344372 490.913957977294 496.599564446345 493.108977423775 489.618390401205 486.127803378636 482.637216356066 479.146629333496 475.656042310927 472.165455288357 479.91227747599 491.404902733693 502.897527991397 514.390153249102 525.882778506805 537.375403764509 548.868029022214 558.901214599608 564.556081136066 570.210947672525 575.865814208983 581.520680745441
390.622706349691 389.64655380249 388.67040125529 387.694248708089 389.937730407714 393.254423522948 396.571116638183 399.887809753417 403.204502868652 406.521195983886 409.83788909912 412.976531982421 415.581024169921 418.185516357421 420.790008544921 423.394500732421 425.998992919921 428.603485107421 431.207977294921 437.774015045165 445.66056798299 453.547120920815 461.433673858642 469.320226796467 477.206779734292 485.093332672119 490.717565409344 489.55483754476 488.392109680176 487.229381815592 486.066653951009 484.903926086425 483.741198221841 482.578470357258 490.295993804928 500.973601023352 511.651208241776 522.328815460202 533.006422678626 543.68402989705 554.361637115476 563.792291259764 569.482086181638 575.171881103514 580.861676025389 586.551470947263
390.482743411594 389.570186106364 388.657628801134 387.745071495904 389.998611958821 393.307518344455 396.616424730088 399.925331115722 403.234237501356 406.543143886989 409.852050272623 412.983556450737 415.582862006293 418.182167561849 420.781473117404 423.380778672959 425.980084228515 428.579389784071 431.178695339626 437.100097910562 444.128866153292 451.157634396022 458.186402638752 465.215170881482 472.243939124212 479.272707366943 484.835566372342 486.000697665745 487.165828959147 488.33096025255 489.496091545952 490.661222839354 491.826354132757 492.991485426159 500.679710133867 510.542299313012 520.404888492156 530.267477671303 540.130066850447 549.992656029592 559.855245208738 568.68336791992 574.408091227211 580.132814534503 585.857537841795 591.582261149086
390.342780473497 389.493818410238 388.644856346978 387.795894283719 390.059493509928 393.360613165961 396.661732821993 399.962852478027 403.26397213406 406.565091790092 409.866211446126 412.990580919053 415.584699842664 418.178818766276 420.772937689887 423.367056613498 425.961175537109 428.55529446072 431.149413384331 436.426180775959 442.597164323594 448.768147871228 454.939131418863 461.110114966498 467.281098514132 473.452082061767 478.953567335341 482.446557786729 485.939548238118 489.432538689506 492.925529140895 496.418519592284 499.911510043672 503.404500495061 511.063426462807 520.110997602672 529.158568742537 538.206139882403 547.253711022268 556.301282162133 565.348853302 573.574444580076 579.334096272784 585.093747965493 590.853399658201 596.613051350909
390.202817535401 389.417450714112 388.632083892822 387.846717071533 390.120375061035 393.413707987467 396.707040913899 400.000373840331 403.293706766764 406.587039693196 409.880372619628 412.997605387369 415.586537679036 418.175469970703 420.764402262369 423.353334554036 425.942266845703 428.531199137369 431.120131429036 435.752263641357 441.065462493896 446.378661346434 451.691860198974 457.005059051513 462.318257904052 467.631456756592 473.07156829834 478.892417907714 484.713267517089 490.534117126463 496.354966735838 502.175816345213 507.996665954587 513.817515563961 521.447142791745 529.67969589233 537.912248992916 546.144802093503 554.377355194089 562.609908294674 570.842461395261 578.465521240232 584.260101318357 590.054681396482 595.849261474607 601.643841552732
390.062854597304 389.341083017985 388.619311438667 387.897539859348 390.181256612141 393.466802808973 396.752349005804 400.037895202636 403.323441399468 406.608987596299 409.894533793131 413.004629855685 415.588375515407 418.17212117513 420.755866834852 423.339612494574 425.923358154296 428.507103814019 431.090849473741 435.078346506754 439.533760664197 443.989174821641 448.444588979085 452.900003136528 457.355417293972 461.810831451416 467.189569261338 475.338278028698 483.48698679606 491.63569556342 499.784404330781 507.933113098142 516.081821865503 524.230530632863 531.830859120684 539.24839418199 546.665929243296 554.083464304604 561.50099936591 568.918534427216 576.336069488523 583.356597900389 589.18610636393 595.015614827472 600.845123291014 606.674631754555
390.592922041151 390.02190729777 389.450892554389 388.879877811008 391.210804748534 394.509045579697 397.80728641086 401.105527242024 404.403768073187 407.70200890435 411.000249735514 414.159249369303 416.900525410969 419.641801452636 422.383077494302 425.124353535969 427.865629577636 430.606905619302 433.348181660969 437.106719970702 441.204345703124 445.301971435545 449.399597167967 453.497222900389 457.594848632811 461.692474365233 466.993359459768 475.904022640649 484.814685821531 493.725349002412 502.636012183293 511.546675364175 520.457338545055 529.368001725936 536.913458251952 544.00384589301 551.094233534069 558.184621175129 565.275008816188 572.365396457246 579.455784098306 586.244067891437 592.126040140786 598.008012390136 603.889984639484 609.771956888833
391.793019866943 391.459923553467 391.12682723999 390.793730926513 393.209019470214 396.540436299641 399.871853129068 403.203269958495 406.534686787922 409.866103617349 413.197520446776 416.461463928222 419.522987365721 422.584510803222 425.646034240721 428.707557678221 431.769081115722 434.830604553221 437.892127990721 441.837384033202 446.077217610675 450.317051188149 454.556884765623 458.796718343097 463.036551920571 467.276385498045 472.482938893633 480.589651743568 488.696364593504 496.803077443438 504.909790293373 513.016503143309 521.123215993244 529.229928843178 536.694940185546 543.946051025389 551.197161865232 558.448272705077 565.69938354492 572.950494384763 580.201605224608 587.127931213377 593.079902648924 599.031874084471 604.983845520018 610.935816955565
392.993117692735 392.897939809163 392.802761925591 392.707584042019 395.207234191894 398.571827019584 401.936419847275 405.301012674967 408.665605502657 412.030198330348 415.39479115804 418.763678487141 422.145449320474 425.527220153808 428.908990987141 432.290761820474 435.672532653807 439.054303487141 442.436074320474 446.568048095702 450.950089518227 455.332130940753 459.71417236328 464.096213785806 468.478255208331 472.860296630858 477.972518327499 485.275280846487 492.578043365477 499.880805884465 507.183568403454 514.486330922443 521.789093441432 529.09185596042 536.476422119139 543.888256157767 551.300090196395 558.711924235025 566.123758273653 573.535592312281 580.94742635091 588.011794535318 594.033765157062 600.055735778807 606.077706400552 612.099677022296
394.193215518527 394.33595606486 394.478696611192 394.621437157525 397.205448913573 400.603217739528 404.000986565483 407.398755391438 410.796524217393 414.194293043347 417.592061869303 421.06589304606 424.767911275227 428.469929504394 432.17194773356 435.873965962726 439.575984191893 443.27800242106 446.980020650226 451.298712158202 455.82296142578 460.347210693358 464.871459960936 469.395709228514 473.919958496092 478.44420776367 483.462097761364 489.960909949406 496.45972213745 502.958534325492 509.457346513534 515.956158701577 522.45497088962 528.953783077662 536.257904052733 543.830461290146 551.403018527559 558.975575764973 566.548133002385 574.120690239798 581.693247477212 588.895657857258 594.9876276652 601.079597473143 607.171567281086 613.263537089028
