data/working_set_collections/6091692-Cassins_Sparrow-MC/2000/bio14.asc
NCOLS 265 
NROWS 230 
XLLCORNER -115.5625 
YLLCORNER 24.8333333333333 
CELLSIZE 0.0833333333333333 
NODATA_value -9999 
[rows 20 to 39 of 230, columns 45 to 89 of 265]
16.9137767818239 17.3012526114782 17.6887284411324 18.0762042707867 18.4636801004409 18.8511559300952 19.2386317597495 19.4011080582937 19.4885845131344 19.5760609679752 19.663537422816 19.7510138776567 19.8384903324975 19.9259667873383 19.9855385886299 19.9613964292739 19.9372542699179 19.9131121105619 19.8889699512058 19.8648277918498 19.8406856324938 19.8165434731378 19.3905597527824 18.830628845427 18.2706979380715 17.7107670307162 17.1508361233608 16.5909052160054 16.03097430865 15.4127408173353 14.6195995741423 13.8264583309495 13.0333170877566 12.2401758445636 11.4470346013708 10.6538933581779 9.86075211498495 9.7254360397658 9.80939502053802 9.89335400131027 9.9773129820825 10.0612719628547 10.145230943627 10.2291899243992 10.1860391192968
16.447156045172 16.8911899964014 17.3352239476309 17.7792578988605 18.22329185009 18.6673258013195 19.111359752549 19.2592982451121 19.308538251453 19.3577782577939 19.4070182641347 19.4562582704756 19.5054982768165 19.5547382831574 19.5863723966811 19.5651888317533 19.5440052668254 19.5228217018976 19.5016381369697 19.4804545720419 19.459271007114 19.4380874421862 18.883502785365 18.1511177645792 17.4187327437932 16.6863477230074 15.9539627022216 15.2215776814357 14.4891926606499 13.7665541980005 13.0731554097602 12.37975662152 11.6863578332798 10.9929590450395 10.2995602567993 9.60616146855912 8.91276268031881 8.78561041752507 8.84720699654695 8.90880357556883 8.97040015459071 9.03199673361259 9.09359331263448 9.15518989165635 9.13682776557092
15.98053530852 16.4811273813248 16.9817194541295 17.4823115269343 17.982903599739 18.4834956725438 18.9840877453486 19.1174884319306 19.1284919897716 19.1394955476125 19.1504991054535 19.1615026632945 19.1725062211355 19.1835097789765 19.1872062047323 19.1689812342327 19.150756263733 19.1325312932333 19.1143063227336 19.096081352234 19.0778563817343 19.0596314112346 18.3764458179476 17.4716066837314 16.566767549515 15.6619284152988 14.7570892810826 13.8522501468662 12.94741101265 12.1203675786658 11.5267112453782 10.9330549120907 10.3393985788031 9.74574224551547 9.15208591222793 8.55842957894039 7.96477324565275 7.84578479528442 7.88501897255595 7.92425314982748 7.96348732709901 8.00272150437054 8.04195568164207 8.0811898589136 8.08761641184509
15.5139145718681 16.071064766248 16.628214960628 17.1853651550081 17.7425153493881 18.299665543768 18.8568157381481 18.975678618749 18.9484457280901 18.9212128374312 18.8939799467723 18.8667470561134 18.8395141654545 18.8122812747956 18.7880400127835 18.772773636712 18.7575072606405 18.742240884569 18.7269745084975 18.711708132426 18.6964417563545 18.681175380283 17.8693888505302 16.7920956028836 15.7148023552367 14.63750910759 13.5602158599434 12.4829226122965 11.4056293646499 10.474180959331 9.98026708099605 9.48635320266117 8.99243932432629 8.49852544599132 8.00461156765645 7.51069768932157 7.0167838109866 6.9059591730437 6.92283094856487 6.93970272408605 6.95657449960722 6.9734462751284 6.99031805064958 7.00718982617075 7.03840505811916
15.2976180977291 15.8824343522389 16.4672506067487 17.0520668612585 17.6368831157683 18.2216993702781 18.806515624788 18.9355125745138 18.912569755978 18.8896269374423 18.8666841189066 18.8437413003709 18.8207984818352 18.7978556632995 18.7585178322262 18.66999496354 18.5814720948537 18.4929492261675 18.4044263574813 18.315903488795 18.2273806201088 18.1388577514225 17.2572780768079 16.1113461335503 14.9654141902926 13.819482247035 12.6735503037774 11.5276183605196 10.381686417262 9.4160444286136 8.99127230379326 8.566500178973 8.14172805415273 7.71695592933239 7.29218380451213 6.86741167969186 6.44263955487152 6.36065589586895 6.39293505880568 6.42521422174242 6.45749338467915 6.48977254761588 6.52205171055262 6.55433087348935 6.64408277670533
15.3316458861032 15.9152361392974 16.4988263924915 17.0824166456858 17.6660068988799 18.249597152074 18.8331874052683 18.9969902992248 19.0208640734354 19.044737847646 19.0686116218567 19.0924853960673 19.1163591702779 19.1402329444885 19.0986396630605 18.8606452147166 18.6226507663727 18.3846563180288 18.1466618696849 17.908667421341 17.6706729729972 17.4326785246533 16.5401134967807 15.4293582757318 14.3186030546826 13.2078478336337 12.0970926125848 10.9863373915357 9.87558217048672 8.94595798651394 8.55972691377016 8.17349584102644 7.78726476828272 7.40103369553894 7.01480262279522 6.6285715500515 6.24234047730772 6.20987496376039 6.2953313032786 6.38078764279683 6.46624398231505 6.55170032183326 6.63715666135149 6.72261300086971 6.90464956760391
15.3656736744774 15.9480379263559 16.5304021782344 17.112766430113 17.6951306819915 18.27749493387 18.8598591857486 19.0584680239359 19.1291583908928 19.1998487578498 19.2705391248067 19.3412294917636 19.4119198587205 19.4826102256774 19.4387614938948 19.0512954658932 18.6638294378917 18.2763634098902 17.8888973818886 17.501431353887 17.1139653258855 16.7264992978839 15.8229489167534 14.7473704179131 13.6717919190727 12.5962134202324 11.5206349213921 10.4450564225517 9.3694779237114 8.47587154441424 8.12818152374702 7.78049150307985 7.43280148241268 7.08511146174545 6.73742144107828 6.38973142041112 6.04204139974389 6.05909403165181 6.19772754775151 6.33636106385124 6.47499457995094 6.61362809605065 6.75226161215037 6.89089512825007 7.16521635850251
15.3997014628516 15.9808397134144 16.5619779639773 17.1431162145402 17.724254465103 18.3053927156659 18.8865309662288 19.119945748647 19.2374527083503 19.3549596680535 19.4724666277567 19.5899735874599 19.7074805471632 19.8249875068664 19.7788833247292 19.2419457170699 18.7050081094107 18.1680705017515 17.6311328940922 17.094195286433 16.5572576787739 16.0203200711146 15.1057843367261 14.0653825600945 13.0249807834627 11.9845790068311 10.9441772301995 9.90377545356768 8.86337367693607 8.00578510231454 7.69663613372387 7.38748716513326 7.07833819654264 6.76918922795197 6.46004025936135 6.15089129077073 5.84174232218006 5.90831309954324 6.10012379222443 6.29193448490565 6.48374517758684 6.67555587026803 6.86736656294925 7.05917725563044 7.42578314940112
15.4337292512257 16.0136415004729 16.5935537497201 17.1734659989674 17.7533782482146 18.3332904974618 18.9132027467091 19.1814234733581 19.3457470258076 19.5100705782572 19.6743941307067 19.8387176831563 20.0030412356058 20.1673647880553 20.1190051555634 19.4325959682465 18.7461867809297 18.0597775936128 17.3733684062959 16.6869592189791 16.0005500316622 15.3141408443453 14.3886197566989 13.3833947022759 12.3781696478528 11.3729445934298 10.3677195390069 9.36249448458374 8.35726943016078 7.53569866021488 7.26509074370077 6.9944828271867 6.72387491067263 6.45326699415851 6.18265907764444 5.91205116113037 5.64144324461626 5.75753216743468 6.00252003669735 6.24750790596006 6.49249577522273 6.73748364448541 6.98247151374812 7.22745938301079 7.68634994029969
15.4677570395999 16.0464432875314 16.625129535463 17.2038157833946 17.7825020313262 18.3611882792577 18.9398745271894 19.2429011980692 19.454041343265 19.6651814884609 19.8763216336568 20.0874617788526 20.2986019240485 20.5097420692443 20.4591269863978 19.6232462194231 18.7873654524487 17.9514846854742 17.1156039184995 16.2797231515251 15.4438423845506 14.6079616175759 13.6714551766716 12.7014068444573 11.7313585122428 10.7613101800285 9.79126184781423 8.82121351559976 7.85116518338545 7.06561221811519 6.83354535367762 6.60147848924011 6.36941162480259 6.13734476036503 5.90527789592751 5.67321103148999 5.44114416705243 5.6067512353261 5.90491628117026 6.20308132701447 6.50124637285863 6.79941141870279 7.097576464547 7.39574151039116 7.94691673119829
15.699874334865 16.2983601649601 16.8968459950551 17.4953318251503 18.0938176552453 18.6923034853403 19.2907893154355 19.6003501892089 19.8136027442083 20.0268552992078 20.2401078542073 20.4533604092067 20.6666129642062 20.8798655192056 20.8291510634954 19.9865355756548 19.1439200878144 18.301304599974 17.4586891121334 16.616073624293 15.7734581364526 14.9308426486121 13.9683391253154 12.9658729235332 11.9634067217509 10.9609405199687 9.95847431818657 8.95600811640424 7.95354191462208 7.1454646653599 6.92055427365829 6.69564388195671 6.47073349025513 6.24582309855352 6.02091270685194 5.79600231515036 5.57109192344875 5.76472065846114 6.09786243571162 6.43100421296216 6.76414599021264 7.09728776746312 7.43042954471366 7.76357132196414 8.3616067700912
16.1300811370212 16.7693921327589 17.4087031284966 18.0480141242343 18.687325119972 19.3266361157097 19.9659471114475 20.2537704467772 20.4244312286376 20.5950920104979 20.7657527923583 20.9364135742186 21.107074356079 21.2777351379394 21.2290773868562 20.5224640369415 19.815850687027 19.1092373371125 18.4026239871978 17.6960106372833 16.9893972873687 16.2827839374541 15.2792716026306 14.176792939504 13.0743142763773 11.9718356132507 10.8693569501242 9.76687828699746 8.66439962387092 7.77525600194926 7.52611750364296 7.2769790053367 7.02784050703045 6.77870200872415 6.52956351041789 6.28042501211164 6.03128651380534 6.23144043683992 6.58135850032154 6.93127656380323 7.28119462728486 7.63111269076648 7.98103075424817 8.33094881772979 8.93042005697846
16.5602879391775 17.2404241005578 17.9205602619381 18.6006964233185 19.2808325846988 19.9609687460791 20.6411049074595 20.9071907043456 21.0352597130668 21.1633287217881 21.2913977305093 21.4194667392306 21.5475357479519 21.6756047566731 21.629003710217 21.0583924982283 20.4877812862396 19.917170074251 19.3465588622622 18.7759476502736 18.2053364382849 17.6347252262962 16.5902040799459 15.387712955475 14.1852218310038 12.9827307065329 11.7802395820619 10.5777484575908 9.37525733311981 8.40504733853867 8.13168073362769 7.85831412871675 7.58494752380581 7.31158091889483 7.03821431398389 6.76484770907295 6.49148110416197 6.69816021521873 7.0648545649315 7.43154891464434 7.79824326435711 8.16493761406988 8.53163196378272 8.89832631349549 9.49923334386576
16.9904947413337 17.7114560683567 18.4324173953796 19.1533787224026 19.8743400494256 20.5953013764485 21.3162627034716 21.560610961914 21.6460881974961 21.7315654330783 21.8170426686604 21.9025199042425 21.9879971398247 22.0734743754068 22.0289300335779 21.594320959515 21.1597118854523 20.7251028113895 20.2904937373267 19.8558846632639 19.4212755892011 18.9866665151383 17.9011365572612 16.5986329714459 15.2961293856303 13.993625799815 12.6911222139996 11.3886186281841 10.0861150423687 9.03483867512809 8.73724396361242 8.4396492520968 8.14205454058118 7.84445982906551 7.54686511754989 7.24927040603427 6.9516756945186 7.16487999359755 7.54835062954147 7.93182126548545 8.31529190142937 8.69876253737329 9.08223317331727 9.46570380926119 10.0680466307531
17.4207015434899 18.1824880361555 18.944274528821 19.7060610214867 20.4678475141523 21.2296340068179 21.9914204994835 22.2140312194823 22.2569166819253 22.2998021443684 22.3426876068114 22.3855730692545 22.4284585316975 22.4713439941405 22.4288563569387 22.1302494208017 21.8316424846649 21.533035548528 21.234428612391 20.9358216762541 20.6372147401173 20.3386078039803 19.2120690345764 17.8095529874167 16.4070369402567 15.004520893097 13.6020048459373 12.1994887987773 10.7969727516175 9.66463001171745 9.34280719359709 9.0209843754768 8.6991615573565 8.37733873923614 8.05551592111584 7.73369310299555 7.41187028487519 7.63159977197632 8.03184669415139 8.43209361632652 8.83234053850158 9.23258746067665 9.63283438285178 10.0330813050268 10.6368599176403
17.8509083456462 18.6535200039544 19.4561316622625 20.2587433205709 21.0613549788791 21.8639666371873 22.6665782954956 22.8674514770507 22.8677451663546 22.8680388556586 22.8683325449625 22.8686262342664 22.8689199235704 22.8692136128743 22.8287826802995 22.6661778820885 22.5035730838775 22.3409682856665 22.1783634874555 22.0157586892445 21.8531538910335 21.6905490928224 20.5230015118918 19.0204730033876 17.5179444948832 16.0154159863791 14.512887477875 13.0103589693706 11.5078304608664 10.2944213483069 9.94837042358182 9.60231949885684 9.25626857413186 8.91021764940682 8.56416672468184 8.21811579995686 7.87206487523182 8.09831955035514 8.51534275876135 8.93236596716763 9.34938917557384 9.76641238398005 10.1834355923863 10.6004588007925 11.2056732045276
18.0356381469302 18.8774573802947 19.7192766136591 20.5610958470238 21.4029150803882 22.2447343137527 23.0865535471173 23.2463529586792 23.17881242964 23.1112719006009 23.0437313715617 22.9761908425226 22.9086503134834 22.8411097844442 22.7673656834497 22.6750108665891 22.5826560497285 22.4903012328678 22.3979464160072 22.3055915991466 22.213236782286 22.1208819654253 20.9562965790434 19.4343010028207 17.9123054265978 16.3903098503751 14.8683142741525 13.3463186979296 11.8243231217069 10.6033521652222 10.2854550679525 9.96755797068282 9.64966087341313 9.33176377614339 9.01386667887371 8.69596958160402 8.37807248433428 8.62338263988481 9.05642854637553 9.48947445286633 9.92252035935705 10.3555662658478 10.7886121723386 11.2216580788293 11.8269650406304
17.9748909473418 18.8543001651762 19.7337093830107 20.6131186008452 21.4925278186796 22.3719370365141 23.2513462543486 23.3507356643677 23.1901184717814 23.0295012791952 22.8688840866089 22.7082668940227 22.5476497014364 22.3870325088502 22.2446053663891 22.1567483743033 22.0688913822175 21.9810343901317 21.893177398046 21.8053204059602 21.7174634138744 21.6296064217886 20.5119542360309 19.0510369857156 17.5901197354001 16.1292024850848 14.6682852347696 13.207367984454 11.7464507341388 10.5914224624634 10.354061126709 10.1166997909546 9.87933845520021 9.64197711944577 9.40461578369138 9.16725444793699 8.92989311218255 9.20678904056532 9.65510405699392 10.1034190734226 10.5517340898512 11.0000491062798 11.4483641227085 11.8966791391371 12.5007354259487
17.9141437477535 18.8311429500578 19.7481421523622 20.6651413546667 21.5821405569711 22.4991397592754 23.4161389615799 23.4551183700562 23.2014245139228 22.9477306577895 22.6940368016562 22.4403429455228 22.1866490893895 21.9329552332561 21.7218450493284 21.6384858820174 21.5551267147065 21.4717675473956 21.3884083800846 21.3050492127737 21.2216900454628 21.1383308781519 20.0676118930184 18.6677729686105 17.2679340442024 15.8680951197945 14.4682561953866 13.0684172709785 11.6685783465706 10.5794927597046 10.4226671854655 10.2658416112264 10.1090160369873 9.95219046274818 9.79536488850909 9.63853931426999 9.48171374003086 9.79019544124587 10.2537795676123 10.7173636939789 11.1809478203454 11.6445319467119 12.1081160730784 12.5717001994449 13.1745058112671
17.8533965481651 18.8079857349394 19.7625749217137 20.7171641084882 21.6717532952625 22.6263424820368 23.5809316688112 23.5595010757447 23.2127305560643 22.8659600363838 22.5191895167034 22.172418997023 21.8256484773425 21.4788779576621 21.1990847322677 21.1202233897316 21.0413620471955 20.9625007046594 20.8836393621233 20.8047780195873 20.7259166770512 20.6470553345151 19.6232695500059 18.2845089515054 16.9457483530046 15.6069877545041 14.2682271560036 12.9294665575029 11.5907059590024 10.5675630569458 10.491273244222 10.4149834314982 10.3386936187744 10.2624038060506 10.1861139933268 10.109824180603 10.0335343678792 10.3736018419264 10.8524550782308 11.3313083145352 11.8101615508396 12.2890147871439 12.7678680234484 13.2467212597527 13.8482761965855
