data/working_set_collections/6091692-Cassins_Sparrow-MC/2000/bio18.asc
NCOLS 265 
NROWS 230 
XLLCORNER -115.5625 
YLLCORNER 24.8333333333333 
CELLSIZE 0.0833333333333333 
NODATA_value -9999 
[rows 40 to 59 of 230, columns 184 to 229 of 265]
194.879103088379 195.527692159016 196.176281229654 196.100819396972 195.784007263183 195.467195129394 195.150382995605 194.833570861816 194.516758728027 194.199946594238 194.028343963623 194.292369842529 194.556395721435 194.820421600341 195.084447479248 195.348473358154 195.61249923706 195.876525115967 197.202635192871 198.882773335774 200.562911478678 202.243049621581 203.923187764485 205.603325907388 207.283464050292 208.741823705037 209.534847895303 210.32787208557 211.120896275837 211.913920466104 212.706944656371 213.499968846638 214.292993036905 216.628791809081 219.478848775227 222.328905741372 225.178962707518 228.029019673664 230.87907663981 233.729133605956 236.82019882202 240.63428878784 244.448378753661 248.262468719481 252.076558685301 255.890648651122
196.504928080241 197.246596442328 197.988264804416 197.894278462728 197.521740553114 197.1492026435 196.776664733887 196.404126824273 196.031588914659 195.659051005045 195.448814307319 195.725481245253 196.002148183187 196.278815121121 196.555482059055 196.832148996989 197.108815934923 197.385482872857 198.94540863037 200.933087327744 202.920766025118 204.908444722493 206.896123419867 208.883802117241 210.871480814615 212.573005972968 213.416070514254 214.259135055541 215.102199596828 215.945264138115 216.788328679402 217.631393220689 218.474457761976 220.712402852375 223.415308125813 226.11821339925 228.821118672688 231.524023946125 234.226929219563 236.929834493 239.889600033229 243.619946373832 247.350292714436 251.080639055039 254.810985395642 258.541331736246
197.195658747355 198.008022944132 198.82038714091 198.799633280436 198.501173400879 198.202713521322 197.904253641764 197.605793762207 197.30733388265 197.008874003092 196.884848488701 197.28412606981 197.683403650919 198.082681232028 198.481958813137 198.881236394246 199.280513975355 199.679791556464 201.37172088623 203.494534132215 205.6173473782 207.740160624185 209.862973870171 211.985787116156 214.108600362141 215.937182108561 216.883069356282 217.828956604003 218.774843851725 219.720731099446 220.666618347167 221.612505594889 222.55839284261 224.74234008789 227.338973999022 229.935607910155 232.532241821288 235.128875732421 237.725509643554 240.322143554687 243.171218829684 246.777618196274 250.384017562865 253.990416929456 257.596816296046 261.203215662637
196.951295089722 197.811971664429 198.672648239136 198.816883850098 198.722305806478 198.627727762858 198.533149719238 198.438571675618 198.343993631999 198.249415588379 198.336446507771 198.968304316202 199.600162124633 200.232019933064 200.863877741495 201.495735549926 202.127593358357 202.759451166788 204.481571960448 206.567113749185 208.652655537922 210.738197326659 212.823739115396 214.909280904133 216.99482269287 218.834352111816 219.935844421386 221.037336730956 222.138829040527 223.240321350097 224.341813659667 225.443305969237 226.544798278808 228.718603515624 231.249846394856 233.781089274087 236.312332153319 238.843575032551 241.374817911782 243.906060791015 246.665055211384 250.107304255166 253.549553298949 256.991802342731 260.434051386514 263.876300430297
196.706931432088 197.615920384725 198.524909337361 198.834134419759 198.943438212077 199.052742004394 199.162045796712 199.27134958903 199.380653381347 199.489957173665 199.788044526842 200.652482562594 201.516920598348 202.3813586341 203.245796669853 204.110234705607 204.97467274136 205.839110777112 207.591423034667 209.639693366156 211.687963697644 213.736234029133 215.784504360622 217.832774692111 219.881045023599 221.731522115071 222.98861948649 224.245716857909 225.502814229329 226.759911600748 228.017008972167 229.274106343586 230.531203715006 232.694866943358 235.160718790689 237.62657063802 240.092422485351 242.558274332681 245.024126180012 247.489978027343 250.158891593084 253.436990314058 256.715089035033 259.993187756007 263.271286476982 266.549385197956
196.462567774455 197.419869105021 198.377170435587 198.851384989421 199.164570617676 199.477756245931 199.790941874186 200.104127502441 200.417313130696 200.730498758952 201.239642545912 202.336660808987 203.433679072062 204.530697335137 205.627715598212 206.724733861287 207.821752124362 208.918770387437 210.701274108886 212.712272983126 214.723271857367 216.734270731607 218.745269605848 220.756268480088 222.767267354329 224.628692118326 226.041394551594 227.454096984863 228.866799418131 230.279501851399 231.692204284667 233.104906717935 234.517609151204 236.671130371093 239.071591186522 241.472052001952 243.872512817382 246.272973632812 248.673434448241 251.073895263671 253.652727974785 256.766676372951 259.880624771117 262.994573169283 266.108521567449 269.222469965616
196.218204116821 197.223817825317 198.229431533813 198.868635559082 199.385703023275 199.902770487467 200.41983795166 200.936905415853 201.453972880045 201.971040344238 202.691240564982 204.020839055379 205.350437545776 206.680036036173 208.00963452657 209.339233016967 210.668831507364 211.998429997761 213.811125183105 215.784852600097 217.758580017089 219.732307434081 221.706034851073 223.679762268065 225.653489685058 227.525862121581 229.094169616698 230.662477111816 232.230784606933 233.79909210205 235.367399597167 236.935707092284 238.504014587401 240.647393798827 242.982463582356 245.317533365884 247.652603149413 249.987672932942 252.32274271647 254.657812499999 257.146564356485 260.096362431843 263.046160507201 265.995958582559 268.945756657917 271.895554733275
195.973840459188 197.027766545613 198.081692632039 198.885886128743 199.606835428873 200.327784729004 201.048734029134 201.769683329264 202.490632629394 203.211581929524 204.142838584052 205.705017301771 207.26719601949 208.829374737209 210.391553454928 211.953732172647 213.515910890367 215.078089608086 216.920976257323 218.857432217067 220.793888176811 222.730344136555 224.666800096299 226.603256056043 228.539712015787 230.423032124836 232.146944681802 233.870857238769 235.594769795735 237.318682352701 239.042594909667 240.766507466633 242.490420023599 244.623657226562 246.893335978189 249.163014729816 251.432693481444 253.702372233072 255.972050984699 258.241729736327 260.640400738185 263.426048490735 266.211696243285 268.997343995835 271.782991748385 274.568639500935
196.031772994995 197.17565981547 198.319546635945 199.329487991333 200.294780858357 201.260073725382 202.225366592407 203.190659459432 204.155952326456 205.121245193481 206.285172229342 208.045001771714 209.804831314086 211.564660856458 213.32449039883 215.084319941202 216.844149483574 218.603979025946 220.390197753906 222.185212877061 223.980228000216 225.775243123372 227.570258246527 229.365273369682 231.160288492838 232.932770199245 234.637651655408 236.342533111572 238.047414567735 239.752296023898 241.457177480061 243.162058936225 244.866940392388 247.04534924825 249.381600570678 251.717851893106 254.054103215535 256.390354537963 258.726605860391 261.06285718282 263.512025790743 266.299946255153 269.087866719563 271.875787183973 274.663707648382 277.451628112792
196.392001724243 197.667497634887 198.942993545532 200.19944114685 201.449539311726 202.699637476603 203.949735641479 205.199833806355 206.449931971231 207.700030136108 209.118241500854 211.040792465209 212.963343429565 214.88589439392 216.808445358275 218.730996322631 220.653547286986 222.576098251342 224.218789672851 225.768194580077 227.317599487304 228.86700439453 230.416409301757 231.965814208983 233.51521911621 235.055076344807 236.566290537515 238.077504730224 239.588718922932 241.099933115641 242.611147308349 244.122361501057 245.633575693766 247.912469863891 250.447257359822 252.982044855753 255.516832351684 258.051619847615 260.586407343545 263.121194839477 265.761439514159 268.718055725096 271.674671936034 274.631288146971 277.587904357909 280.544520568847
196.752230453491 198.159335454305 199.566440455118 201.069394302368 202.604297765096 204.139201227823 205.674104690551 207.209008153279 208.743911616007 210.278815078735 211.951310772365 214.036583158704 216.121855545043 218.207127931382 220.292400317721 222.37767270406 224.462945090399 226.548217476738 228.047381591796 229.351176283094 230.654970974391 231.958765665689 233.262560356987 234.566355048285 235.870149739583 237.177382490369 238.494929419623 239.812476348876 241.13002327813 242.447570207383 243.765117136637 245.08266406589 246.400210995144 248.779590479532 251.512914148966 254.246237818399 256.979561487833 259.712885157266 262.4462088267 265.179532496134 268.010853237575 271.13616519504 274.261477152506 277.386789109971 280.512101067436 283.637413024901
197.112459182739 198.651173273722 200.189887364705 201.939347457885 203.759056218465 205.578764979044 207.398473739624 209.218182500203 211.037891260782 212.857600021362 214.784380043877 217.032373852199 219.280367660522 221.528361468844 223.776355277166 226.024349085489 228.272342893811 230.520336702134 231.875973510742 232.93415798611 233.992342461479 235.050526936848 236.108711412217 237.166895887586 238.225080362955 239.299688635932 240.42356830173 241.547447967529 242.671327633327 243.795207299126 244.919086964925 246.042966630723 247.166846296522 249.646711095174 252.57857093811 255.510430781046 258.442290623982 261.374150466918 264.306010309854 267.237870152791 270.260266960991 273.554274664984 276.848282368977 280.14229007297 283.436297776963 286.730305480956
197.472687911987 199.143011093139 200.813334274291 202.809300613403 204.913814671834 207.018328730264 209.122842788696 211.227356847126 213.331870905557 215.436384963988 217.617449315388 220.028164545694 222.438879776 224.849595006306 227.260310236612 229.671025466918 232.081740697224 234.49245592753 235.704565429687 236.517139689127 237.329713948567 238.142288208007 238.954862467447 239.767436726887 240.580010986328 241.421994781494 242.352207183837 243.282419586181 244.212631988525 245.142844390869 246.073056793213 247.003269195556 247.9334815979 250.513831710815 253.644227727253 256.774623743692 259.905019760131 263.03541577657 266.165811793008 269.296207809447 272.509680684406 275.972384134927 279.435087585448 282.897791035969 286.360494486489 289.823197937011
197.832916641235 199.634848912556 201.436781183878 203.67925376892 206.068573125203 208.457892481485 210.847211837768 213.23653119405 215.625850550333 218.015169906615 220.4505185869 223.023955239189 225.597391891479 228.170828543768 230.744265196057 233.317701848347 235.891138500636 238.464575152926 239.533157348632 240.100121392143 240.667085435655 241.234049479166 241.801013522677 242.367977566189 242.9349416097 243.544300927056 244.280846065945 245.017391204834 245.753936343722 246.490481482611 247.2270266215 247.963571760389 248.700116899278 251.380952326456 254.709884516397 258.038816706338 261.36774889628 264.696681086221 268.025613276163 271.354545466104 274.759094407822 278.390493604871 282.02189280192 285.653291998968 289.284691196016 292.916090393065
199.229607772827 201.126568052503 203.02352833218 205.416645050048 207.975147247314 210.533649444579 213.092151641845 215.65065383911 218.209156036376 220.767658233642 223.330724080403 225.90748087565 228.484237670898 231.060994466145 233.637751261392 236.21450805664 238.791264851887 241.368021647134 242.346229044596 242.791586642795 243.236944240994 243.682301839192 244.127659437391 244.57301703559 245.018374633789 245.50676167806 246.124237060547 246.741712443034 247.35918782552 247.976663208007 248.594138590495 249.211613972981 249.829089355468 252.6180838267 256.13091799418 259.643752161661 263.156586329141 266.669420496622 270.182254664102 273.695088831583 277.270500776502 281.033646053737 284.796791330972 288.559936608207 292.323081885442 296.086227162678
201.662761306762 203.618168512979 205.573575719197 208.021474456786 210.633537038166 213.245599619546 215.857662200927 218.469724782307 221.081787363687 223.693849945067 226.258065795897 228.678741455077 231.099417114257 233.520092773437 235.940768432616 238.361444091796 240.782119750976 243.202795410155 244.143780517578 244.59153544108 245.039290364583 245.487045288086 245.934800211588 246.382555135091 246.830310058593 247.309377034505 247.882380167643 248.455383300781 249.028386433919 249.601389567057 250.174392700195 250.747395833333 251.320398966471 254.225226211547 257.907328160603 261.589430109658 265.271532058715 268.953634007771 272.635735956826 276.317837905883 280.043899790445 283.901841481525 287.759783172606 291.617724863687 295.475666554767 299.333608245848
204.095914840698 206.109768973456 208.123623106214 210.626303863525 213.291926829019 215.957549794514 218.623172760009 221.288795725504 223.954418690998 226.620041656493 229.185407511392 231.450002034504 233.714596557616 235.979191080728 238.24378560384 240.508380126952 242.772974650064 245.037569173176 245.94133199056 246.391484239366 246.841636488172 247.291788736979 247.741940985785 248.192093234592 248.642245483398 249.11199239095 249.640523274739 250.169054158528 250.697585042317 251.226115926106 251.754646809896 252.283177693685 252.811708577474 255.832368596394 259.683738327025 263.535108057657 267.386477788288 271.23784751892 275.089217249551 278.940586980183 282.817298804388 286.770036909314 290.72277501424 294.675513119166 298.628251224092 302.580989329019
206.529068374633 208.601369433932 210.673670493231 213.231133270263 215.950316619872 218.669499969481 221.388683319091 224.1078666687 226.827050018309 229.546233367919 232.112749226887 234.221262613931 236.329776000976 238.43828938802 240.546802775064 242.655316162109 244.763829549153 246.872342936197 247.738883463541 248.191433037652 248.643982611762 249.096532185872 249.549081759982 250.001631334093 250.454180908203 250.914607747396 251.398666381836 251.882725016276 252.366783650716 252.850842285156 253.334900919596 253.818959554036 254.303018188476 257.439510981241 261.460148493448 265.480786005655 269.501423517862 273.522061030069 277.542698542276 281.563336054483 285.590697818331 289.638232337102 293.685766855875 297.733301374646 301.780835893418 305.82837041219
208.962221908569 211.092969894408 213.223717880248 215.835962677001 218.608706410725 221.381450144449 224.154193878173 226.926937611897 229.69968134562 232.472425079345 235.040090942382 236.992523193358 238.944955444335 240.897387695312 242.849819946288 244.802252197265 246.754684448241 248.707116699218 249.536434936523 249.991381835937 250.446328735351 250.901275634765 251.356222534179 251.811169433593 252.266116333007 252.717223103841 253.156809488932 253.596395874023 254.035982259114 254.475568644205 254.915155029297 255.354741414388 255.794327799479 259.046653366088 263.23655865987 267.426463953652 271.616369247435 275.806274541218 279.996179835 284.186085128783 288.364096832274 292.506427764891 296.648758697509 300.791089630125 304.933420562742 309.07575149536
211.395375442504 213.584570354885 215.773765267265 218.440792083739 221.267096201578 224.093400319416 226.919704437255 229.746008555093 232.572312672932 235.398616790771 237.967432657877 239.763783772786 241.560134887695 243.356486002603 245.152837117512 246.949188232421 248.74553934733 250.541890462239 251.333986409505 251.791330634223 252.248674858941 252.706019083659 253.163363308376 253.620707533094 254.078051757812 254.519838460286 254.914952596028 255.310066731771 255.705180867513 256.100295003255 256.495409138997 256.890523274739 257.285637410481 260.653795750935 265.012968826293 269.372141901651 273.731314977009 278.090488052367 282.449661127725 286.808834203083 291.137495846217 295.37462319268 299.611750539143 303.848877885605 308.086005232068 312.323132578531
