data/working_set_collections/6091692-Cassins_Sparrow-MC/2000/bio17.asc
NCOLS 265 
NROWS 230 
XLLCORNER -115.5625 
YLLCORNER 24.8333333333333 
CELLSIZE 0.0833333333333333 
NODATA_value -9999 
[rows 40 to 59 of 230, columns 184 to 229 of 265]
33.3265647888181 34.040639877319 34.7547149658199 35.6367148876187 36.5746897538499 37.5126646200811 38.4506394863125 39.3886143525438 40.326589218775 41.2645640850064 42.1960793813066 43.1082159678137 44.020352554321 44.9324891408281 45.8446257273352 46.7567623138425 47.6688989003496 48.5810354868567 49.1305015563963 49.559077453613 49.9876533508298 50.4162292480466 50.8448051452634 51.2733810424801 51.7019569396969 52.1516329765316 52.66460943222 53.1775858879086 53.6905623435971 54.2035387992855 54.7165152549741 55.2294917106625 55.742468166351 56.6333437919613 57.6501858075456 58.6670278231299 59.6838698387143 60.7007118542986 61.7175538698828 62.7343958854673 63.8785971641536 65.4048762321467 66.93115530014 68.4574343681331 69.9837134361262 71.5099925041196
34.2931298573809 35.03229437934 35.771458901299 36.6548265933987 37.5862620088786 38.5176974243584 39.4491328398384 40.3805682553182 41.312003670798 42.243439086278 43.1538965437144 44.0014201270206 44.8489437103269 45.696467293633 46.5439908769392 47.3915144602455 48.2390380435517 49.0865616268579 49.7396987915037 50.3280404832626 50.9163821750214 51.5047238667803 52.0930655585392 52.681407250298 53.269748942057 53.8140105459422 54.2260318862064 54.6380532264707 55.0500745667349 55.4620959069991 55.8741172472634 56.2861385875276 56.6981599277918 57.5256681760149 58.4916720602244 59.4576759444339 60.4236798286435 61.389683712853 62.3556875970625 63.3216914812721 64.4165702501929 65.8980736732478 67.379577096303 68.8610805193579 70.3425839424129 71.824087365468
34.9825298150379 35.7392051749757 36.4958805349135 37.3649587949115 38.2715046882627 39.1780505816139 40.0845964749652 40.9911423683164 41.8976882616676 42.8042341550189 43.6892798741657 44.5098250706988 45.3303702672321 46.1509154637653 46.9714606602984 47.7920058568317 48.6125510533649 49.433096249898 50.1260193824767 50.7764018270703 51.4267842716639 52.0771667162576 52.7275491608512 53.3779316054448 54.0283140500386 54.6070542017618 54.9708674748738 55.3346807479858 55.6984940210977 56.0623072942097 56.4261205673217 56.7899338404337 57.1537471135456 57.9431022008259 58.8743045594955 59.8055069181652 60.736709276835 61.6679116355046 62.5991139941743 63.5303163528441 64.5826034016076 65.9981445206533 67.4136856396991 68.8292267587447 70.2447678777903 71.6603089968362
35.3947646617887 36.161372264226 36.9279798666633 37.7671114921568 38.6304177920021 39.4937240918474 40.3570303916929 41.2203366915383 42.0836429913836 42.9469492912291 43.8022293726601 44.6334307988482 45.4646322250365 46.2958336512246 47.1270350774127 47.9582365036009 48.789437929789 49.6206393559771 50.289463329315 50.904161485036 51.518859640757 52.1335577964782 52.7482559521992 53.3629541079202 53.9776522636413 54.53076394399 54.8991161982217 55.2674684524536 55.6358207066853 56.0041729609171 56.3725252151489 56.7408774693806 57.1092297236124 57.8856458663939 58.7980833053587 59.7105207443235 60.6229581832884 61.5353956222532 62.447833061218 63.360270500183 64.3766966183978 65.7050887743629 67.0334809303282 68.3618730862933 69.6902652422584 71.0186573982238
35.8069995085396 36.5835393534764 37.3600791984131 38.1692641894021 38.9893308957415 39.809397602081 40.6294643084206 41.4495310147601 42.2695977210996 43.0896644274392 43.9151788711546 44.7570365269976 45.5988941828408 46.4407518386839 47.2826094945269 48.1244671503701 48.9663248062132 49.8081824620562 50.4529072761534 51.0319211430018 51.6109350098502 52.1899488766987 52.7689627435471 53.3479766103955 53.926990477244 54.4544736862182 54.8273649215697 55.2002561569213 55.5731473922729 55.9460386276244 56.318929862976 56.6918210983276 57.0647123336791 57.8281895319619 58.7218620512219 59.6155345704818 60.5092070897419 61.4028796090018 62.2965521282618 63.1902246475218 64.1707898351879 65.4120330280725 66.6532762209573 67.8945194138419 69.1357626067265 70.3770057996113
36.2192343552906 37.0057064427268 37.792178530163 38.5714168866474 39.348243999481 40.1250711123146 40.9018982251484 41.678725337982 42.4555524508156 43.2323795636493 44.028128369649 44.880642255147 45.7331561406452 46.5856700261432 47.4381839116412 48.2906977971393 49.1432116826373 49.9957255681353 50.6163512229918 51.1596808009676 51.7030103789434 52.2463399569193 52.789669534895 53.3329991128708 53.8763286908467 54.3781834284464 54.7556136449177 55.1330438613891 55.5104740778604 55.8879042943318 56.2653345108032 56.6427647272745 57.0201949437458 57.77073319753 58.645640797085 59.5205483966401 60.3954559961953 61.2703635957504 62.1452711953055 63.0201787948607 63.964883051978 65.1189772817821 66.2730715115864 67.4271657413904 68.5812599711945 69.7353542009988
36.6314692020414 37.4278735319771 38.2242778619127 38.9735695838926 39.7071571032204 40.4407446225482 41.174332141876 41.9079196612038 42.6415071805316 43.3750946998595 44.1410778681435 45.0042479832965 45.8674180984495 46.7305882136025 47.5937583287554 48.4569284439085 49.3200985590615 50.1832686742144 50.7797951698302 51.2874404589334 51.7950857480365 52.3027310371398 52.810376326243 53.3180216153461 53.8256669044494 54.3018931706746 54.6838623682657 55.0658315658569 55.447800763448 55.8297699610391 56.2117391586303 56.5937083562214 56.9756775538126 57.713276863098 58.5694195429482 59.4255622227984 60.2817049026488 61.137847582499 61.9939902623492 62.8501329421996 63.7589762687681 64.8259215354917 65.8928668022155 66.959812068939 68.0267573356626 69.0937026023864
37.0437040487923 37.8500406212274 38.6563771936626 39.3757222811379 40.0660702069598 40.7564181327817 41.4467660586038 42.1371139844257 42.8274619102476 43.5178098360696 44.254027366638 45.1278537114459 46.0016800562539 46.8755064010618 47.7493327458697 48.6231590906777 49.4969854354856 50.3708117802935 50.9432391166686 51.4152001168992 51.8871611171297 52.3591221173603 52.8310831175909 53.3030441178215 53.7750051180521 54.2256029129028 54.6121110916137 54.9986192703247 55.3851274490356 55.7716356277465 56.1581438064575 56.5446519851684 56.9311601638793 57.655820528666 58.4931982888114 59.3305760489568 60.1679538091022 61.0053315692476 61.842709329393 62.6800870895385 63.5530694855582 64.5328657892013 65.5126620928445 66.4924583964876 67.4722547001307 68.4520510037739
37.0706860542296 37.8429512977599 38.6152165412901 39.3092826207478 39.9772823121812 40.6452820036145 41.313281695048 41.9812813864813 42.6492810779146 43.3172807693481 44.03679795795 44.9108676380579 45.784937318166 46.6590069982739 47.5330766783818 48.4071463584899 49.2812160385978 50.1552857187057 50.7202296257019 51.1821316083272 51.6440335909525 52.1059355735779 52.5678375562032 53.0297395388285 53.4916415214538 53.9350733862983 54.3230948978 54.7111164093018 55.0991379208035 55.4871594323052 55.875180943807 56.2632024553087 56.6512239668104 57.3577715237935 58.1704944292703 58.9832173347472 59.7959402402241 60.608663145701 61.4213860511778 62.2341089566548 63.0774402936298 64.0125969250995 64.9477535565694 65.882910188039 66.8180668195087 67.7532234509785
36.7124152183532 37.4066055615742 38.1007959047952 38.7742506027221 39.4407934188842 40.1073362350463 40.7738790512085 41.4404218673705 42.1069646835326 42.7735074996948 43.4893896420796 44.3532897631326 45.2171898841857 46.0810900052387 46.9449901262918 47.8088902473449 48.6727903683979 49.536690489451 50.11076669693 50.5882349332174 51.0657031695048 51.5431714057923 52.0206396420797 52.4981078783671 52.9755761146546 53.430304590861 53.8168137868245 54.2033229827881 54.5898321787516 54.9763413747151 55.3628505706787 55.7493597666423 56.1358689626058 56.8191298484802 57.6013079643249 58.3834860801696 59.1656641960144 59.9478423118591 60.7300204277038 61.5121985435486 62.3320886929829 63.2651149431863 64.1981411933899 65.1311674435933 66.0641936937967 66.9972199440002
36.3541443824768 36.9702598253885 37.5863752683003 38.2392185846964 38.9043045255872 39.569390466478 40.2344764073689 40.8995623482597 41.5646482891506 42.2297342300415 42.9419813262091 43.7957118882072 44.6494424502054 45.5031730122035 46.3569035742016 47.2106341361999 48.064364698198 48.9180952601961 49.501303768158 49.9943382581075 50.487372748057 50.9804072380066 51.4734417279561 51.9664762179056 52.4595107078552 52.9255357954237 53.310532675849 53.6955295562744 54.0805264366997 54.4655233171251 54.8505201975505 55.2355170779758 55.6205139584011 56.2804881731669 57.0321214993794 57.7837548255919 58.5353881518046 59.2870214780171 60.0386548042296 60.7902881304423 61.5867370923359 62.517632961273 63.4485288302103 64.3794246991474 65.3103205680846 66.2412164370218
35.9958735466003 36.5339140892028 37.0719546318053 37.7041865666707 38.3678156322902 39.0314446979098 39.6950737635294 40.3587028291489 41.0223318947685 41.6859609603881 42.3945730103386 43.2381340132818 44.0816950162251 44.9252560191683 45.7688170221115 46.6123780250549 47.4559390279981 48.2995000309413 48.891840839386 49.4004415829976 49.9090423266092 50.4176430702209 50.9262438138325 51.4348445574442 51.9434453010559 52.4207669999864 52.8042515648735 53.1877361297607 53.5712206946479 53.954705259535 54.3381898244222 54.7216743893093 55.1051589541965 55.7418464978535 56.4629350344339 57.1840235710143 57.9051121075948 58.6262006441751 59.3472891807555 60.068377717336 60.8413854916889 61.7701509793598 62.6989164670308 63.6276819547016 64.5564474423725 65.4852129300435
35.6376027107239 36.0975683530171 36.5575339953104 37.169154548645 37.8313267389933 38.4934989293415 39.1556711196899 39.8178433100382 40.4800155003865 41.1421876907349 41.8471646944681 42.6805561383564 43.5139475822448 44.3473390261331 45.1807304700214 46.0141219139099 46.8475133577982 47.6809048016865 48.282377910614 48.8065449078878 49.3307119051615 49.8548789024353 50.379045899709 50.9032128969828 51.4273798942566 51.9159982045492 52.2979704538981 52.6799427032471 53.061914952596 53.443887201945 53.825859451294 54.2078317006429 54.5898039499918 55.2032048225403 55.8937485694885 56.5842923164367 57.274836063385 57.9653798103332 58.6559235572814 59.3464673042297 60.096033891042 61.0226689974466 61.9493041038513 62.8759392102559 63.8025743166604 64.7292094230652
35.2793318748474 35.6612226168314 36.0431133588155 36.6341225306193 37.2948378456963 37.9555531607733 38.6162684758504 39.2769837909274 39.9376991060044 40.5984144210815 41.2997563785976 42.122978263431 42.9462001482645 43.7694220330979 44.5926439179313 45.4158658027648 46.2390876875982 47.0623095724316 47.672914981842 48.2126482327779 48.7523814837137 49.2921147346496 49.8318479855855 50.3715812365213 50.9113144874573 51.4112294091119 51.7916893429226 52.1721492767334 52.5526092105441 52.9330691443549 53.3135290781657 53.6939890119764 54.0744489457872 54.6645631472269 55.324562104543 55.984561061859 56.6445600191752 57.3045589764912 57.9645579338073 58.6245568911234 59.350682290395 60.2751870155333 61.1996917406717 62.12419646581 63.0487011909483 63.9732059160868
34.8553416570028 35.1858087115817 35.5162757661607 36.0880824406941 36.7403356552123 37.3925888697305 38.0448420842488 38.697095298767 39.3493485132852 40.0016017278035 40.7006345007154 41.5400059488083 42.3793773969014 43.2187488449943 44.0581202930872 44.8974917411803 45.7368631892733 46.5762346373662 47.1931579589843 47.7359319051106 48.2787058512369 48.8214797973632 49.3642537434895 49.9070276896158 50.4498016357421 50.9554550912645 51.3497470749748 51.7440390586853 52.1383310423956 52.532623026106 52.9269150098165 53.3212069935268 53.7154989772372 54.299579556783 54.9469230016071 55.5942664464313 56.2416098912556 56.8889533360798 57.536296780904 58.1836402257283 58.9088730388215 59.8677739567224 60.8266748746235 61.7855757925243 62.7444767104252 63.7033776283262
34.36563205719 34.6713266372681 34.9770212173462 35.5310342788696 36.1678201675415 36.8046060562133 37.4413919448852 38.0781778335571 38.7149637222289 39.3517496109009 40.0497990608214 40.9316391944884 41.8134793281555 42.6953194618224 43.5771595954893 44.4589997291564 45.3408398628234 46.2226799964903 46.843106842041 47.376395924886 47.909685007731 48.4429740905761 48.9762631734212 49.5095522562662 50.0428413391113 50.5486752510071 50.9721436500549 51.3956120491028 51.8190804481506 52.2425488471984 52.6660172462463 53.0894856452941 53.512954044342 54.1082540512084 54.760831260681 55.4134084701537 56.0659856796264 56.718562889099 57.3711400985716 58.0237173080443 58.7706061363218 59.8004298210141 60.8302535057066 61.8600771903989 62.8899008750912 63.9197245597837
33.8759224573771 34.1568445629544 34.4377666685316 34.9739861170451 35.5953046798705 36.216623242696 36.8379418055216 37.4592603683471 38.0805789311726 38.7018974939982 39.3989636209275 40.3232724401684 41.2475812594095 42.1718900786504 43.0961988978914 44.0205077171325 44.9448165363734 45.8691253556143 46.4930557250976 47.0168599446614 47.5406641642252 48.064468383789 48.5882726033528 49.1120768229166 49.6358810424804 50.1418954107496 50.5945402251349 51.0471850395202 51.4998298539055 51.9524746682908 52.4051194826761 52.8577642970614 53.3104091114467 53.9169285456339 54.5747395197549 55.232550493876 55.8903614679971 56.5481724421182 57.2059834162392 57.8637943903604 58.6323392338221 59.7330856853058 60.8338321367898 61.9345785882735 63.0353250397573 64.1360714912412
33.3862128575643 33.6423624886407 33.8985121197171 34.4169379552205 35.0227891921996 35.6286404291788 36.234491666158 36.8403429031371 37.4461941401163 38.0520453770955 38.7481281810335 39.7149056858485 40.6816831906636 41.6484606954785 42.6152382002934 43.5820157051085 44.5487932099235 45.5155707147384 46.1430046081542 46.6573239644368 47.1716433207193 47.6859626770019 48.2002820332844 48.714601389567 49.2289207458496 49.7351155704922 50.2169368002149 50.6987580299377 51.1805792596604 51.6624004893832 52.144221719106 52.6260429488287 53.1078641785515 53.7256030400593 54.3886477788288 55.0516925175983 55.7147372563679 56.3777819951374 57.0408267339069 57.7038714726765 58.4940723313223 59.6657415495975 60.8374107678729 62.0090799861481 63.1807492044233 64.3524184226987
32.8965032577515 33.127880414327 33.3592575709025 33.859889793396 34.4502737045288 35.0406576156616 35.6310415267944 36.2214254379272 36.81180934906 37.4021932601929 38.0972927411396 39.1065389315285 40.1157851219176 41.1250313123066 42.1342775026955 43.1435236930846 44.1527698834735 45.1620160738625 45.7929534912109 46.2977879842122 46.8026224772135 47.3074569702148 47.8122914632161 48.3171259562174 48.8219604492187 49.3283357302347 49.8393333752949 50.3503310203552 50.8613286654154 51.3723263104756 51.8833239555359 52.394321600596 52.9053192456562 53.5342775344848 54.2025560379027 54.8708345413206 55.5391130447387 56.2073915481566 56.8756700515745 57.5439485549926 58.3558054288226 59.5983974138892 60.8409893989561 62.0835813840227 63.3261733690894 64.5687653541562
32.4067936579387 32.6133983400133 32.820003022088 33.3028416315714 33.8777582168579 34.4526748021443 35.0275913874308 35.6025079727172 36.1774245580037 36.7523411432902 37.4464573012457 38.4981721772086 39.5498870531717 40.6016019291346 41.6533168050976 42.7050316810607 43.7567465570236 44.8084614329865 45.4429023742675 45.9382520039876 46.4336016337076 46.9289512634277 47.4243008931477 47.9196505228678 48.4150001525879 48.9215558899773 49.4617299503749 50.0019040107727 50.5420780711703 51.082252131568 51.6224261919657 52.1626002523633 52.702774312761 53.3429520289102 54.0164642969766 54.689976565043 55.3634888331094 56.0370011011758 56.7105133692422 57.3840256373087 58.2175385263228 59.5310532781809 60.8445680300392 62.1580827818973 63.4715975337554 64.7851122856137
