data/working_set_collections/6091692-Cassins_Sparrow-MC/2000/bio11.asc
NCOLS 265 
NROWS 230 
XLLCORNER -115.5625 
YLLCORNER 24.8333333333333 
CELLSIZE 0.0833333333333333 
NODATA_value -9999 
[rows 80 to 99 of 230, columns 46 to 91 of 265]
1.62341200808678 1.78013481199735 1.93685761590794 2.0935804198185 2.25030322372907 2.40702602763966 2.44961599906283 2.45416169299018 2.45870738691753 2.46325308084487 2.46779877477222 2.47234446869956 2.47689016262691 2.46042767200208 2.38094062772064 2.30145358343921 2.22196653915778 2.14247949487633 2.0629924505949 1.98350540631347 1.90401836203203 1.8906749029954 1.89937930570706 1.90808370841872 1.91678811113037 1.92549251384203 1.93419691655369 1.94290131926534 1.90343731565196 1.71946809306327 1.5354988704746 1.35152964788594 1.16756042529725 0.983591202708583 0.79962198011992 0.615652757531226 0.253483213670579 -0.168086437280769 -0.589656088232189 -1.01122573918354 -1.43279539013488 -1.8543650410863 -2.27593469203765 -2.64739112895404 -2.86850792376543 -3.08962471857677
1.86187958021954 2.00702446798478 2.15216935575004 2.29731424351528 2.44245913128053 2.58760401904579 2.60080576340356 2.57002645995881 2.53924715651406 2.50846785306931 2.47768854962455 2.4469092461798 2.41612994273505 2.38136493133176 2.33464279605284 2.28792066077392 2.24119852549501 2.19447639021609 2.14775425493717 2.10103211965826 2.05430998437933 2.04832649032273 2.05592254334024 2.06351859635775 2.07111464937526 2.07871070239277 2.08630675541028 2.09390280842779 2.05676159066047 1.88540856053846 1.71405553041648 1.5427025002945 1.37134947017249 1.19999644005051 1.02864340992853 0.857290379806517 0.566868480108699 0.236756957218908 -0.0933545656709396 -0.423466088560731 -0.753577611450522 -1.08368913434037 -1.41380065723016 -1.70995912609835 -1.90425843290166 -2.09855773970493
2.10034715235227 2.23391412397219 2.36748109559213 2.50104806721205 2.63461503883197 2.76818201045191 2.75199552774428 2.68589122692743 2.61978692611058 2.55368262529374 2.48757832447689 2.42147402366004 2.35536972284319 2.30230219066145 2.28834496438504 2.27438773810864 2.26043051183224 2.24647328555583 2.23251605927943 2.21855883300303 2.20460160672662 2.20597807765004 2.21246578097341 2.21895348429677 2.22544118762014 2.2319288909435 2.23841659426686 2.24490429759023 2.21008586566896 2.05134902801364 1.89261219035834 1.73387535270304 1.57513851504771 1.41640167739241 1.25766483973711 1.09892800208179 0.880253746546792 0.64160035171855 0.402946956890267 0.164293562062025 -0.074359832766217 -0.3130132275945 -0.551666622422742 -0.772527123242738 -0.940008942037966 -1.10749076083317
2.33881472448503 2.46080377995962 2.58279283543423 2.70478189090883 2.82677094638342 2.94876000185804 2.90318529208501 2.80175599389607 2.70032669570711 2.59889739751817 2.49746809932923 2.39603880114027 2.29460950295133 2.22323944999113 2.24204713271724 2.26085481544336 2.27966249816947 2.29847018089558 2.3172778636217 2.33608554634781 2.35489322907392 2.36362966497737 2.36900901860659 2.3743883722358 2.37976772586502 2.38514707949424 2.39052643312346 2.39590578675268 2.36341014067747 2.21728949548883 2.07116885030021 1.9250482051116 1.77892755992295 1.63280691473434 1.48668626954572 1.34056562435708 1.19363901298491 1.04644374621823 0.899248479451517 0.752053212684831 0.604857945918146 0.457662679151436 0.31046741238475 0.164904879612954 0.0242405488258052 -0.116423781961319
2.42398491601148 2.52836075127123 2.632736586531 2.73711242179076 2.84148825705051 2.94586409231028 2.88607128659888 2.77155560056373 2.65703991452856 2.54252422849341 2.42800854245826 2.31349285642309 2.19897717038794 2.12196491261324 2.15746293962003 2.19296096662681 2.22845899363359 2.26395702064038 2.29945504764717 2.33495307465395 2.37045110166074 2.38290922741096 2.38768738607567 2.39246554474037 2.39724370340508 2.40202186206978 2.40680002073448 2.41157817939919 2.38371388746637 2.25792224374085 2.13213060001535 2.00633895628985 1.88054731256433 1.75475566883884 1.62896402511334 1.50317238138782 1.40007534076771 1.30454316784939 1.20901099493106 1.11347882201274 1.01794664909443 0.922414476176096 0.82688230325778 0.722976545906738 0.593950035257467 0.464923524608217
2.35585772693157 2.43658503790696 2.51731234888237 2.59803965985776 2.67876697083315 2.75949428180856 2.70065351128583 2.59529004693037 2.48992658257488 2.38456311821942 2.27919965386396 2.17383618950847 2.06847272515301 1.99847857852778 2.03459238509339 2.07070619165899 2.10681999822459 2.1429338047902 2.1790476113558 2.2151614179214 2.251275224487 2.26381676495077 2.26850088338059 2.27318500181041 2.27786912024023 2.28255323867005 2.28723735709987 2.29192147552969 2.27099710603559 2.17324727276964 2.0754974395037 1.97774760623776 1.8799977729718 1.78224793970586 1.68449810643992 1.58674827317396 1.49956272989511 1.41589861661196 1.33223450332879 1.24857039004563 1.16490627676248 1.08124216347931 0.997578050196156 0.901687875638405 0.769119517256801 0.63655115887522
2.28773053785165 2.34480932454268 2.40188811123372 2.45896689792475 2.51604568461578 2.57312447130682 2.51523573597277 2.41902449329699 2.3228132506212 2.22660200794542 2.13039076526964 2.03417952259385 1.93796827991807 1.87499224444231 1.91172183056674 1.94845141669116 1.98518100281557 2.02191058894 2.05864017506442 2.09536976118883 2.13209934731326 2.14472430249057 2.1493143806855 2.15390445888044 2.15849453707538 2.16308461527031 2.16767469346525 2.17226477166019 2.15828032460481 2.08857230179842 2.01886427899204 1.94915625618566 1.87944823337927 1.80974021057289 1.74003218776651 1.67032416496012 1.59905011902253 1.52725406537453 1.45545801172653 1.38366195807854 1.31186590443054 1.24006985078254 1.16827379713455 1.08039920537009 0.944288999256151 0.808178793142238
2.21960334877173 2.2530336111784 2.28646387358507 2.31989413599174 2.35332439839841 2.38675466080508 2.3298179606597 2.24275893966361 2.1556999186675 2.06864089767141 1.98158187667532 1.89452285567922 1.80746383468313 1.75150591035684 1.78885127604009 1.82619664172332 1.86354200740656 1.9008873730898 1.93823273877304 1.97557810445627 2.01292347013951 2.02563184003037 2.03012787799042 2.03462391595047 2.03911995391052 2.04361599187057 2.04811202983063 2.05260806779068 2.04556354317402 2.0038973308272 1.96223111848038 1.92056490613356 1.87889869378673 1.83723248143991 1.79556626909309 1.75390005674627 1.69853750814994 1.63860951413711 1.57868152012427 1.51875352611144 1.45882553209861 1.39889753808577 1.33896954407294 1.25911053510177 1.1194584812555 0.979806427409256
2.15147615969182 2.16125789781413 2.17103963593644 2.18082137405875 2.19060311218105 2.20038485030336 2.14440018534665 2.06649338603024 1.98858658671383 1.91067978739743 1.83277298808102 1.7548661887646 1.6769593894482 1.62801957627139 1.66598072151345 1.7039418667555 1.74190301199755 1.77986415723961 1.81782530248167 1.85578644772372 1.89374759296578 1.90653937757017 1.91094137529534 1.91534337302051 1.91974537074568 1.92414736847085 1.92854936619602 1.93295136392119 1.93284676174325 1.91922235985599 1.90559795796872 1.89197355608146 1.8783491541942 1.86472475230694 1.85110035041967 1.83747594853241 1.79802489727735 1.74996496289968 1.701905028522 1.65384509414433 1.60578515976666 1.55772522538898 1.50966529101131 1.43782186483344 1.29462796325484 1.15143406167626
2.0833489706119 2.06948218444985 2.05561539828779 2.04174861212574 2.02788182596368 2.01401503980163 1.95898241003358 1.89022783239687 1.82147325476014 1.75271867712342 1.68396409948671 1.61520952184998 1.54645494421326 1.50453324218592 1.5431101669868 1.58168709178767 1.62026401658854 1.65884094138941 1.69741786619029 1.73599479099116 1.77457171579203 1.78744691510997 1.79175487260025 1.79606283009054 1.80037078758082 1.80467874507111 1.80898670256139 1.81329466005168 1.82012998031247 1.83454738888477 1.84896479745706 1.86338220602936 1.87779961460166 1.89221702317396 1.90663443174626 1.92105184031856 1.89751228640476 1.86132041166225 1.82512853691974 1.78893666217723 1.75274478743472 1.71655291269221 1.6803610379497 1.61653319456512 1.46979744525419 1.32306169594328
2.11785392463206 2.10826570292312 2.09867748121418 2.08908925950525 2.07950103779631 2.06991281608737 2.0134015659491 1.94124930633437 1.86909704671964 1.79694478710491 1.72479252749018 1.65264026787544 1.58048800826072 1.53375422060487 1.56327584882575 1.59279747704663 1.6223191052675 1.65184073348839 1.68136236170926 1.71088398993014 1.74040561815102 1.74467649857203 1.74053046305974 1.73638442754746 1.73223839203517 1.72809235652288 1.7239463210106 1.71980028549831 1.72439999381701 1.75523693362872 1.78607387344043 1.81691081325213 1.84774775306384 1.87858469287555 1.90942163268725 1.94025857249896 1.92618211011093 1.89713451365631 1.86808691720169 1.83903932074707 1.80999172429245 1.78094412783782 1.7518965313832 1.69439238243636 1.55151857601273 1.40864476958913
2.25499102175233 2.277608453234 2.30022588471568 2.32284331619735 2.34546074767902 2.3680781791607 2.3076576530933 2.21955780784286 2.13145796259241 2.04335811734197 1.95525827209153 1.86715842684107 1.77905858159063 1.7156825115283 1.72647776703037 1.73727302253244 1.7480682780345 1.75886353353657 1.76965878903864 1.78045404454071 1.79124930004278 1.77822812795639 1.75726814667384 1.73630816539129 1.71534818410874 1.69438820282619 1.67342822154364 1.65246824026109 1.64565680225691 1.68129099408786 1.71692518591881 1.75255937774976 1.78819356958072 1.82382776141167 1.85946195324262 1.89509614507358 1.88403436839582 1.85740726888181 1.8307801693678 1.80415306985379 1.77752597033979 1.75089887082578 1.72427177131177 1.67139942844712 1.53979135553044 1.40818328261378
2.39212811887261 2.4469512035449 2.50177428821719 2.55659737288948 2.61142045756176 2.66624354223405 2.60191374023753 2.49786630935138 2.3938188784652 2.28977144757905 2.18572401669289 2.08167658580672 1.97762915492057 1.89761080245175 1.889679685235 1.88174856801826 1.87381745080152 1.86588633358477 1.85795521636803 1.85002409915129 1.84209298193454 1.81177975734075 1.77400583028794 1.73623190323512 1.69845797618231 1.6606840491295 1.62291012207668 1.58513619502387 1.56691361069679 1.607345054547 1.64777649839719 1.68820794224739 1.72863938609759 1.76907082994779 1.80950227379799 1.84993371764819 1.8418866266807 1.81768002410731 1.79347342153391 1.76926681896052 1.74506021638712 1.72085361381373 1.69664701124033 1.64840647445788 1.52806413504814 1.40772179563842
2.5292652159929 2.61629395385579 2.7033226917187 2.7903514295816 2.8773801674445 2.96440890530741 2.89616982738176 2.77617481085989 2.656179794338 2.53618477781613 2.41618976129426 2.29619474477237 2.1761997282505 2.07953909337519 2.05288160343963 2.02622411350408 1.99956662356853 1.97290913363297 1.94625164369742 1.91959415376186 1.8929366638263 1.84533138672511 1.79074351390204 1.73615564107896 1.68156776825588 1.62697989543281 1.57239202260972 1.51780414978665 1.48817041913668 1.53339911500613 1.57862781087557 1.62385650674502 1.66908520261447 1.71431389848391 1.75954259435335 1.8047712902228 1.79973888496559 1.77795277933281 1.75616667370002 1.73438056806724 1.71259446243446 1.69080835680167 1.66902225116889 1.62541352046863 1.51633691456584 1.40726030866307
2.66640231311317 2.78563670416667 2.9048710952202 3.02410548627371 3.14333987732721 3.26257426838074 3.19042591452596 3.05448331236838 2.91854071021077 2.78259810805319 2.64665550589561 2.510712903738 2.37477030158042 2.26146738429862 2.21608352164425 2.17069965898989 2.12531579633553 2.07993193368116 2.03454807102679 1.98916420837243 1.94378034571806 1.87888301610947 1.80748119751614 1.73607937892279 1.66467756032945 1.59327574173612 1.52187392314277 1.45047210454943 1.40942722757658 1.45945317546527 1.50947912335396 1.55950507124265 1.60953101913135 1.65955696702004 1.70958291490872 1.75960886279742 1.75759114325048 1.73822553455831 1.71885992586614 1.69949431717397 1.6801287084818 1.66076309978963 1.64139749109746 1.60242056647939 1.50460969408354 1.40679882168772
2.80353941023345 2.95497945447757 3.10641949872171 3.25785954296583 3.40929958720995 3.56073963145409 3.48468200167019 3.33279181387689 3.18090162608357 3.02901143829027 2.87712125049697 2.72523106270365 2.57334087491035 2.44339567522207 2.37928543984888 2.31517520447571 2.25106496910254 2.18695473372935 2.12284449835618 2.05873426298301 1.99462402760983 1.91243464549384 1.82421888113024 1.73600311676662 1.64778735240302 1.55957158803942 1.47135582367581 1.38314005931221 1.33068403601646 1.38550723592441 1.44033043583234 1.49515363574028 1.54997683564822 1.60480003555616 1.65962323546409 1.71444643537203 1.71544340153536 1.69849828978381 1.68155317803225 1.66460806628069 1.64766295452913 1.63071784277758 1.61377273102602 1.57942761249015 1.49288247360125 1.40633733471236
2.82682513495284 3.01160297890501 3.1963808228572 3.38115866680937 3.56593651076153 3.75071435471373 3.6831022222837 3.53136009772621 3.37961797316869 3.2278758486112 3.07613372405372 2.9243915994962 2.77264947493871 2.63949177530076 2.56208735042147 2.48468292554219 2.40727850066291 2.32987407578361 2.25246965090433 2.17506522602505 2.09766080114576 2.00542450845241 1.90824425982105 1.81106401118967 1.7138837625583 1.61670351392694 1.51952326529555 1.42234301666419 1.36114374829661 1.40788742072051 1.4546310931444 1.50137476556829 1.54811843799219 1.59486211041608 1.64160578283997 1.68834945526387 1.68501262863478 1.66498230232134 1.64495197600789 1.62492164969445 1.60489132338101 1.58486099706757 1.56483067075413 1.53006901542348 1.45111337304117 1.37215773065887
2.73625948727129 2.95550727744893 3.17475506762661 3.39400285780426 3.6132506479819 3.83249843815959 3.78568657636643 3.65018816391628 3.51468975146611 3.37919133901596 3.24369292656581 3.10819451411564 2.97269610166549 2.84975568453469 2.764489253362 2.67922282218931 2.59395639101663 2.50868995984393 2.42342352867125 2.33815709749857 2.25289066632587 2.15785260498523 2.0595573335886 1.96126206219195 1.86296679079532 1.76467151939869 1.66637624800204 1.56808097660541 1.50080636441705 1.52659372985361 1.55238109529016 1.57816846072672 1.60395582616328 1.62974319159984 1.65553055703639 1.68131792247295 1.66629882454873 1.6376775721709 1.60905631979307 1.58043506741525 1.55181381503742 1.5231925626596 1.49457131028177 1.45434477527939 1.37930239240331 1.30426000952723
2.64569383958972 2.89941157599285 3.15312931239602 3.40684704879915 3.66056478520228 3.91428252160545 3.88827093044917 3.76901623010636 3.64976152976353 3.53050682942072 3.41125212907791 3.29199742873509 3.17274272839228 3.06001959376864 2.96689115630254 2.87376271883645 2.78063428137037 2.68750584390427 2.59437740643818 2.5012489689721 2.408120531506 2.31028070151805 2.21087040735616 2.11146011319424 2.01204981903235 1.91263952487045 1.81322923070854 1.71381893654664 1.6404689805375 1.64530003898672 1.65013109743594 1.65496215588515 1.65979321433437 1.66462427278359 1.66945533123281 1.67428638968203 1.64758502046268 1.61037284202047 1.57316066357825 1.53594848513604 1.49873630669383 1.46152412825162 1.42431194980941 1.3786205351353 1.30749141176543 1.23636228839559
2.55512819190816 2.84331587453677 3.13150355716543 3.41969123979404 3.70787892242266 3.99606660505132 3.99085528453192 3.88784429629645 3.78483330806096 3.68182231982549 3.57881133159002 3.47580034335453 3.37278935511906 3.27028350300259 3.16929305924308 3.0683026154836 2.96731217172411 2.8663217279646 2.76533128420512 2.66434084044563 2.56335039668612 2.46270879805088 2.36218348112372 2.26165816419654 2.16113284726938 2.06060753034221 1.96008221341503 1.85955689648787 1.78013159665795 1.76400634811983 1.74788109958171 1.73175585104359 1.71563060250547 1.69950535396735 1.68338010542923 1.6672548568911 1.62887121637663 1.58306811187004 1.53726500736343 1.49146190285684 1.44565879835024 1.39985569384364 1.35405258933705 1.3028962949912 1.23568043112756 1.16846456726394
