data/working_set_collections/6091692-Cassins_Sparrow-MC/2000/bio17.asc
NCOLS 265 
NROWS 230 
XLLCORNER -115.5625 
YLLCORNER 24.8333333333333 
CELLSIZE 0.0833333333333333 
NODATA_value -9999 
[rows 180 to 199 of 230, columns 138 to 183 of 265]
19.8596738338471 20.2137758413952 20.5678778489432 20.9219798564912 21.4821784178416 22.1110758304596 22.7399732430776 23.3688706556956 23.9977680683136 24.6266654809316 25.2555628935496 25.681590986252 25.4990111192069 25.3164312521618 25.1338513851167 24.9512715180716 24.7686916510265 24.5861117839814 24.4035319169363 24.5700877825419 24.8530222256978 25.1359566688537 25.4188911120097 25.7018255551656 25.9847599983215 26.2676944414774 26.4579392380185 26.3701150947147 26.282290951411 26.1944668081072 26.1066426648034 26.0188185214997 25.9309943781959 25.8431702348921 26.8552217324573 28.2338984436456 29.612575154834 30.9912518660226 32.3699285772109 33.7486052883993 35.1272819995879 36.8787857267586 39.7487705018778 42.6187552769975 45.4887400521168 48.358724827236
19.0556119759878 19.4078299045564 19.7600478331249 20.1122657616934 20.6776429653168 21.3140732606252 21.9505035559336 22.5869338512421 23.2233641465505 23.8597944418589 24.4962247371674 24.9467853387198 24.8397368590038 24.7326883792878 24.6256398995718 24.5185914198559 24.4115429401398 24.3044944604239 24.1974459807079 24.3973010063171 24.6994572003682 25.0016133944193 25.3037695884704 25.6059257825215 25.9080819765726 26.2102381706237 26.4139340877533 26.3222491741181 26.2305642604828 26.1388793468476 26.0471944332123 25.955509519577 25.8638246059418 25.7721396923066 26.7444539546964 28.071434609095 29.3984152634935 30.7253959178923 32.0523765722908 33.3793572266893 34.7063378810881 36.3901154200231 39.1442836125685 41.8984518051144 44.6526199976598 47.4067881902053
18.2515501181285 18.6018839677175 18.9522178173066 19.3025516668956 19.873107512792 20.5170706907908 21.1610338687896 21.8049970467885 22.4489602247874 23.0929234027862 23.7368865807851 24.2119796911877 24.1804625988008 24.1489455064139 24.117428414027 24.0859113216401 24.0543942292532 24.0228771368663 23.9913600444794 24.2245142300923 24.5458921750386 24.8672701199849 25.1886480649312 25.5100260098775 25.8314039548237 26.1527818997701 26.3699289374882 26.2743832535214 26.1788375695547 26.0832918855879 25.9877462016212 25.8922005176544 25.7966548336877 25.701109149721 26.6336861769356 27.9089707745443 29.1842553721531 30.459539969762 31.7348245673707 33.0101091649794 34.2853937625883 35.9014451132875 38.5397967232592 41.1781483332313 43.8164999432029 46.4548515531746
17.4474882602692 17.7959380308788 18.1443878014883 18.4928375720978 19.0685720602672 19.7200681209564 20.3715641816457 21.023060242335 21.6745563030243 22.3260523637136 22.9775484244029 23.4771740436555 23.5211883385977 23.5652026335399 23.6092169284821 23.6532312234243 23.6972455183666 23.7412598133088 23.785274108251 24.0517274538676 24.392327149709 24.7329268455505 25.073526541392 25.4141262372334 25.7547259330749 26.0953256289164 26.325923787223 26.2265173329248 26.1271108786265 26.0277044243283 25.9282979700301 25.8288915157318 25.7294850614336 25.6300786071354 26.5229183991748 27.7465069399937 28.9700954808126 30.1936840216317 31.4172725624506 32.6408611032695 33.8644496440886 35.412774806552 37.9353098339499 40.4578448613482 42.9803798887461 45.5029149161439
16.6434264024099 16.98999209404 17.33655778567 17.6831234773 18.2640366077423 18.923065551122 19.5820944945017 20.2411234378815 20.9001523812612 21.5591813246409 22.2182102680206 22.7423683961234 22.8619140783947 22.981459760666 23.1010054429373 23.2205511252086 23.3400968074799 23.4596424897512 23.5791881720225 23.8789406776428 24.2387621243794 24.598583571116 24.9584050178527 25.3182264645894 25.678047911326 26.0378693580627 26.2819186369578 26.1786514123281 26.0753841876984 25.9721169630687 25.868849738439 25.7655825138092 25.6623152891795 25.5590480645498 26.412150621414 27.5840431054431 28.7559355894722 29.9278280735014 31.0997205575305 32.2716130415596 33.4435055255889 34.9241044998164 37.3308229446405 39.737541389465 42.1442598342891 44.5509782791132
15.8393645445506 16.1840461572012 16.5287277698517 16.8734093825023 17.4595011552175 18.1260629812876 18.7926248073577 19.4591866334279 20.125748459498 20.7923102855682 21.4588721116384 22.0075627485912 22.2026398181916 22.397716887792 22.5927939573924 22.7878710269928 22.9829480965932 23.1780251661936 23.373102235794 23.706153901418 24.0851970990498 24.4642402966816 24.8432834943135 25.2223266919453 25.6013698895771 25.980413087209 26.2379134866927 26.1307854917315 26.0236574967702 25.916529501809 25.8094015068478 25.7022735118866 25.5951455169254 25.4880175219642 26.3013828436532 27.4215792708924 28.5417756981317 29.6619721253711 30.7821685526104 31.9023649798497 33.0225614070891 34.4354341930809 36.7263360553312 39.0172379175819 41.3081397798322 43.5990416420825
15.1995843860838 15.5415315071742 15.8834786282646 16.2254257493549 16.8164408604304 17.4904786348342 18.1645164092381 18.838554183642 19.5125919580459 20.1866297324497 20.8606675068537 21.4344744576348 21.7075889375475 21.9807034174601 22.2538178973727 22.5269323772854 22.800046857198 23.0731613371107 23.3462758170233 23.7134690284728 24.1120218171012 24.5105746057297 24.9091273943582 25.3076801829866 25.7062329716151 26.1047857602436 26.3758948061201 26.2646726237403 26.1534504413604 26.0422282589806 25.9310060766008 25.8197838942209 25.7085617118411 25.5973395294613 26.3566551049548 27.406149933073 28.4556447611912 29.5051395893095 30.5546344174277 31.6041292455459 32.6536240736642 33.9827620877156 36.1508296595674 38.3188972314196 40.4869648032715 42.6550323751233
14.7240859270096 15.0624481439591 15.4008103609085 15.739172577858 16.334855723381 17.0163125117619 17.6977693001428 18.3792260885238 19.0606828769047 19.7421396652856 20.4235964536666 21.0231035232544 21.3767614364624 21.7304193496704 22.0840772628784 22.4377351760863 22.7913930892944 23.1450510025023 23.4987089157103 23.9008860588073 24.3192362785338 24.7375864982603 25.1559367179869 25.5742869377135 25.99263715744 26.4109873771666 26.6958625952402 26.5803128083547 26.4647630214691 26.3492132345835 26.2336634476979 26.1181136608123 26.0025638739268 25.8870140870412 26.577967405319 27.5377550919848 28.4975427786506 29.4573304653166 30.4171181519824 31.3769058386482 32.3366935253142 33.5660881837205 35.6043037573492 37.6425193309782 39.6807349046068 41.7189504782355
14.2485874679353 14.5833647807439 14.9181420935525 15.252919406361 15.8532705863316 16.5421463886896 17.2310221910475 17.9198979934056 18.6087737957636 19.2976495981215 19.9865254004796 20.6117325888739 21.0459339353773 21.4801352818807 21.914336628384 22.3485379748873 22.7827393213907 23.216940667894 23.6511420143974 24.0883030891417 24.5264507399664 24.964598390791 25.4027460416157 25.8408936924403 26.2790413432649 26.7171889940896 27.0158303843604 26.8959529929691 26.7760756015777 26.6561982101864 26.5363208187951 26.4164434274037 26.2965660360124 26.1766886446211 26.7992797056832 27.6693602508967 28.5394407961101 29.4095213413237 30.2796018865372 31.1496824317506 32.0197629769642 33.1494142797254 35.0577778551309 36.9661414305367 38.8745050059421 40.7828685813476
13.7730890088611 14.1042814175288 14.4354738261965 14.7666662348641 15.3716854492823 16.0679802656173 16.7642750819523 17.4605698982874 18.1568647146224 18.8531595309574 19.5494543472926 20.2003616544935 20.7151064342922 21.2298512140909 21.7445959938896 22.2593407736883 22.7740855534871 23.2888303332857 23.8035751130844 24.2757201194762 24.7336652013989 25.1916102833216 25.6495553652444 26.1075004471671 26.5654455290898 27.0233906110126 27.3357981734805 27.2115931775835 27.0873881816864 26.9631831857893 26.8389781898922 26.7147731939951 26.590568198098 26.466363202201 27.0205920060474 27.8009654098085 28.5813388135696 29.3617122173308 30.1420856210919 30.922459024853 31.7028324286142 32.7327403757304 34.5112519529127 36.2897635300953 38.0682751072775 39.8467866844598
13.2975905497869 13.6251980543137 13.9528055588404 14.2804130633672 14.8901003122329 15.593814142545 16.297527972857 17.0012418031692 17.7049556334813 18.4086694637933 19.1123832941055 19.7889907201131 20.3842789332071 20.9795671463012 21.5748553593952 22.1701435724893 22.7654317855834 23.3607199986774 23.9560082117715 24.4631371498107 24.9408796628315 25.4186221758523 25.8963646888732 26.374107201894 26.8518497149148 27.3295922279357 27.6557659626007 27.5272333621979 27.398700761795 27.2701681613922 27.1416355609894 27.0131029605865 26.8845703601837 26.7560377597809 27.2419043064116 27.9325705687203 28.6232368310291 29.3139030933379 30.0045693556466 30.6952356179554 31.3859018802642 32.3160664717353 33.9647260506944 35.6133856296538 37.2620452086128 38.9107047875719
12.8220920907126 13.1461146910985 13.4701372914844 13.7941598918703 14.4085151751836 15.1196480194727 15.8307808637618 16.541913708051 17.2530465523401 17.9641793966292 18.6753122409184 19.3776197857326 20.053451432122 20.7292830785115 21.4051147249009 22.0809463712902 22.7567780176797 23.4326096640691 24.1084413104585 24.6505541801451 25.148094124264 25.6456340683829 26.1431740125019 26.6407139566208 27.1382539007397 27.6357938448587 27.9757337517208 27.8428735468123 27.7100133419037 27.5771531369951 27.4442929320865 27.3114327271779 27.1785725222693 27.0457123173608 27.4632166067758 28.0641757276322 28.6651348484885 29.266093969345 29.8670530902014 30.4680122110577 31.0689713319142 31.8993925677403 33.4182001484761 34.9370077292123 36.4558153099482 37.974622890684
12.4902363406287 12.8004640102386 13.1106916798485 13.4209193494584 14.0225159724553 14.7212355799144 15.4199551873736 16.1186747948328 16.817394402292 17.5161140097511 18.2148336172104 18.927511967553 19.682066546546 20.4366211255391 21.1911757045321 21.9457302835251 22.7002848625182 23.4548394415112 24.2093940205042 24.7907641728718 25.3144061830307 25.8380481931896 26.3616902033487 26.8853322135076 27.4089742236665 27.9326162338255 28.2912227153778 28.1547226111094 28.018222506841 27.8817224025726 27.7452222983042 27.6087221940358 27.4722220897674 27.335721985499 27.6975218613941 28.2254217306771 28.7533215999602 29.2812214692433 29.8091213385263 30.3370212078093 30.8649210770924 31.6192372375061 33.0528022713128 34.4863673051196 35.9199323389263 37.3534973727329
12.3020232995351 12.588246011734 12.8744687239329 13.1606914361318 13.7321027040481 14.3985768238702 15.0650509436924 15.7315250635147 16.3979991833368 17.064473303159 17.7309474229812 18.438667265574 19.2701242764789 20.1015812873839 20.9330382982888 21.7644953091937 22.5959523200988 23.4274093310036 24.2588663419085 24.8837671279906 25.4398158391315 25.9958645502724 26.5519132614134 27.1079619725544 27.6640106836953 28.2200593948363 28.6022328535716 28.4627805550893 28.323328256607 28.1838759581248 28.0444236596425 27.9049713611603 27.765519062678 27.6260667641957 27.9448200702666 28.4163085778553 28.887797085444 29.3592855930327 29.8307741006214 30.3022626082101 30.7737511157989 31.475600481033 32.8685324192043 34.2614643573759 35.6543962955472 37.0473282337185
12.1138102584415 12.3760280132294 12.6382457680172 12.9004635228051 13.4416894356409 14.0759180678261 14.7101467000112 15.3443753321965 15.9786039643817 16.6128325965668 17.2470612287521 17.9498225635951 18.8581820064119 19.7665414492288 20.6749008920456 21.5832603348624 22.4916197776793 23.3999792204961 24.3083386633129 24.9767700831094 25.5652254952323 26.1536809073552 26.7421363194782 27.3305917316011 27.919047143724 28.507502555847 28.9132429917653 28.7708384990692 28.6284340063731 28.486029513677 28.3436250209808 28.2012205282847 28.0588160355886 27.9164115428925 28.1921182791391 28.6071954250334 29.0222725709278 29.4373497168222 29.8524268627166 30.2675040086109 30.6825811545054 31.3319637245599 32.6842625670959 34.0365614096322 35.3888602521682 36.7411590947042
11.9255972173479 12.1638100147247 12.4020228121016 12.6402356094784 13.1512761672337 13.7532593117819 14.3552424563301 14.9572256008784 15.5592087454265 16.1611918899747 16.763175034523 17.4609778616162 18.4462397363449 19.4315016110737 20.4167634858024 21.402025360531 22.3872872352599 23.3725491099885 24.3578109847172 25.0697730382282 25.6906351513331 26.311497264438 26.932359377543 27.5532214906479 28.1740836037528 28.7949457168577 29.2242531299591 29.0788964430491 28.9335397561391 28.7881830692291 28.6428263823191 28.4974696954091 28.3521130084991 28.2067563215891 28.4394164880116 28.7980822722116 29.1567480564116 29.5154138406117 29.8740796248117 30.2327454090117 30.5914111932118 31.1883269680868 32.4999927149875 33.8116584618885 35.1233242087892 36.4349899556899
11.7373841762542 11.9515920162201 12.1657998561859 12.3800076961517 12.8608628988266 13.4306005557377 14.0003382126489 14.5700758695602 15.1398135264714 15.7095511833826 16.2792888402939 16.9721331596373 18.0342974662778 19.0964617729186 20.1586260795591 21.2207903861997 22.2829546928404 23.345118999481 24.4072833061215 25.162775993347 25.8160448074339 26.4693136215208 27.1225824356078 27.7758512496946 28.4291200637815 29.0823888778685 29.5352632681528 29.386954387029 29.2386455059051 29.0903366247813 28.9420277436574 28.7937188625335 28.6454099814097 28.4971011002858 28.6867146968841 28.9889691193898 29.2912235418954 29.5934779644012 29.8957323869069 30.1979868094126 30.5002412319183 31.0446902116137 32.3157228628791 33.5867555141447 34.8577881654101 36.1288208166755
11.5491711351606 11.7393740177155 11.9295769002702 12.119779782825 12.5704496304194 13.1079417996936 13.6454339689678 14.182926138242 14.7204183075162 15.2579104767904 15.7954026460647 16.4832884576584 17.6223551962108 18.7614219347634 19.9004886733159 21.0395554118683 22.178622150421 23.3176888889734 24.4567556275258 25.2557789484659 25.9414544635347 26.6271299786036 27.3128054936725 27.9984810087414 28.6841565238103 29.3698320388792 29.8462734063466 29.6950123310089 29.5437512556712 29.3924901803334 29.2412291049957 29.089968029658 28.9387069543203 28.7874458789825 28.9340129057566 29.1798559665679 29.4256990273793 29.6715420881907 29.917385149002 30.1632282098134 30.4090712706248 30.9010534551406 32.1314530107707 33.361852566401 34.5922521220311 35.8226516776612
11.399165447553 11.5539325157801 11.7086995840073 11.8634666522344 12.2762989997864 12.7751531071133 13.2740072144402 13.7728613217672 14.2717154290941 14.770569536421 15.269423643748 15.9414865705701 17.1331759558781 18.3248653411864 19.5165547264945 20.7082441118026 21.8999334971109 23.091622882419 24.2833122677271 25.1296962579091 25.8609784497154 26.5922606415217 27.3235428333282 28.0548250251345 28.7861072169408 29.5173894087472 30.0247229311202 29.8602104451922 29.6956979592641 29.5311854733362 29.3666729874082 29.2021605014801 29.0376480155522 28.8731355296242 29.0161223093668 29.2616088443332 29.5070953792995 29.7525819142659 29.9980684492322 30.2435549841986 30.489041519165 30.9703997823924 32.1593732304039 33.3483466784157 34.5373201264272 35.7262935744388
11.2873671134313 11.3952675104141 11.503167907397 11.6110683043798 11.9784110069275 12.4322344779968 12.8860579490661 13.3398814201355 13.7937048912048 14.2475283622741 14.7013518333435 15.3467274983722 16.5667597452797 17.7867919921874 19.0068242390949 20.2268564860023 21.44688873291 22.6669209798175 23.886953226725 24.7845279216766 25.5746167659758 26.3647056102751 27.1547944545745 27.9448832988737 28.734972143173 29.5250609874724 30.0706118424734 29.8825487295787 29.694485616684 29.5064225037893 29.3183593908946 29.1302962779999 28.9422331651052 28.7541700522106 28.9330429077148 29.2342277526855 29.5354125976562 29.8365974426269 30.1377822875976 30.4389671325682 30.740151977539 31.2527291933692 32.399483521779 33.546237850189 34.6929921785988 35.8397465070085
