data/working_set_collections/6091692-Cassins_Sparrow-MC/2000/bio18.asc
NCOLS 265 
NROWS 230 
XLLCORNER -115.5625 
YLLCORNER 24.8333333333333 
CELLSIZE 0.0833333333333333 
NODATA_value -9999 
[rows 20 to 39 of 230, columns 92 to 137 of 265]
61.4990428182815 61.8816528426277 62.2642628669739 62.6468728913201 63.0294829156663 64.2486031214393 65.7465600543548 67.2445169872706 68.7424739201861 70.2404308531016 71.7383877860173 73.2363447189328 74.827823956807 76.6998701095579 78.5719162623084 80.443962415059 82.3160085678098 84.1880547205604 86.0601008733109 87.9321470260618 89.4256649017331 90.7930066850447 92.1603484683565 93.527690251668 94.8950320349796 96.2623738182914 97.6297156016029 98.7922235065034 99.3402297761703 99.8882360458373 100.436242315504 100.984248585171 101.532254854838 102.080261124505 102.628267394172 103.373238817851 104.183865292867 104.994491767883 105.805118242899 106.615744717916 107.426371192932 108.236997667948 109.225278939141 110.746524598863 112.267770258585 113.789015918307
60.2034968800015 60.9566895696852 61.7098822593688 62.4630749490524 63.2162676387362 64.5150313695269 65.9956521140201 67.4762728585135 68.9568936030067 70.4375143474999 71.9181350919933 73.3987558364865 74.9811657587683 76.8689432144163 78.756720670064 80.6444981257116 82.5322755813596 84.4200530370073 86.307830492655 88.195607948303 89.7075534820554 91.0942217085093 92.4808899349635 93.8675581614174 95.2542263878713 96.6408946143254 98.0275628407793 99.2017037497625 99.7382627063325 100.274821662903 100.811380619473 101.347939576043 101.884498532613 102.421057489183 102.957616445753 103.686339886983 104.479118156433 105.271896425883 106.064674695333 106.857452964783 107.650231234232 108.443009503682 109.436329438951 111.031274371677 112.626219304402 114.221164237128
58.9079509417216 60.0317262967428 61.1555016517638 62.2792770067849 63.4030523618061 64.7814596176144 66.2447441736853 67.7080287297565 69.1713132858274 70.6345978418982 72.0978823979694 73.5611669540402 75.1345075607295 77.0380163192747 78.9415250778195 80.8450338363643 82.7485425949094 84.6520513534542 86.555560111999 88.4590688705442 89.9894420623776 91.3954367319739 92.8014314015704 94.2074260711667 95.613420740763 97.0194154103595 98.4254100799558 99.6111839930215 100.136295636495 100.661407279968 101.186518923441 101.711630566915 102.236742210388 102.761853853861 103.286965497335 103.999440956116 104.774371019999 105.549301083882 106.324231147766 107.099161211649 107.874091275533 108.649021339416 109.647379938761 111.31602414449 112.984668350219 114.653312555948
57.6124050034415 59.1067630238003 60.6011210441588 62.0954790645172 63.589837084876 65.047887865702 66.4938362333506 67.9397846009994 69.385732968648 70.8316813362966 72.2776297039454 73.723578071594 75.2878493626908 77.2070894241331 79.126329485575 81.045569547017 82.9648096084592 84.8840496699012 86.8032897313431 88.7225297927854 90.2713306426999 91.6966517554386 93.1219728681774 94.547293980916 95.9726150936547 97.3979362063936 98.8232573191322 100.02066423628 100.534328566657 101.047992897034 101.56165722741 102.075321557787 102.588985888163 103.10265021854 103.616314548916 104.312542025248 105.069623883565 105.826705741882 106.583787600199 107.340869458516 108.097951316833 108.85503317515 109.858430438571 111.600773917304 113.343117396036 115.085460874769
56.8897724257571 58.6398795339794 60.3899866422014 62.1400937504234 63.8902008586457 65.4944127400713 67.0499928792313 68.6055730183916 70.1611531575517 71.7167332967117 73.272313435872 74.827893575032 76.4770907507995 78.40713903639 80.3371873219802 82.2672356075704 84.1972838931609 86.127332178751 88.0573804643412 89.9874287499317 91.5056095759069 92.886501248677 94.2673929214474 95.6482845942175 97.0291762669876 98.410067939758 99.7909596125281 100.943197992113 101.40947649214 101.875754992167 102.342033492194 102.808311992221 103.274590492248 103.740868992275 104.207147492303 104.870419756571 105.59935660892 106.32829346127 107.057230313619 107.786167165968 108.515104018317 109.244040870666 110.244907061258 112.061561266581 113.878215471903 115.694869677225
56.7400532086686 58.6310758272805 60.522098445892 62.4131210645035 64.3041436831154 66.1210342407223 67.9132141113276 69.7053939819332 71.4975738525385 73.2897537231439 75.0819335937495 76.8741134643548 78.7022317250561 80.6381651560459 82.5740985870354 84.5100320180249 86.4459654490147 88.3818988800042 90.3178323109937 92.2537657419834 93.6922788619989 94.9649852116896 96.2376915613806 97.5103979110712 98.783104260762 100.055810610453 101.328516960144 102.378785260518 102.761739412943 103.144693565368 103.527647717793 103.910601870219 104.293556022644 104.676510175069 105.059464327494 105.673074150085 106.363569196065 107.054064242045 107.744559288025 108.435054334004 109.125549379984 109.816044425964 110.806809806823 112.698386192321 114.589962577819 116.481538963317
56.5903339915801 58.6222721205815 60.6542102495826 62.6861483785836 64.718086507585 66.7476557413733 68.7764353434239 70.8052149454749 72.8339945475255 74.8627741495761 76.8915537516271 78.9203333536777 80.9273726993129 82.869191275702 84.8110098520908 86.7528284284796 88.6946470048687 90.6364655812575 92.5782841576463 94.5201027340354 95.8789481480911 97.0434691747024 98.2079902013139 99.3725112279252 100.537032254536 101.701553281148 102.866074307759 103.814372528924 104.114002333747 104.41363213857 104.713261943393 105.012891748216 105.312521553039 105.612151357862 105.911781162686 106.475728543599 107.12778178321 107.77983502282 108.431888262431 109.083941502041 109.735994741651 110.388047981262 111.368712552388 113.335211118062 115.301709683736 117.268208249409
56.4406147744916 58.6134684138825 60.7863220532731 62.9591756926637 65.1320293320547 67.3742772420243 69.6396565755202 71.9050359090165 74.1704152425125 76.4357945760084 78.7011739095047 80.9665532430007 83.1525136735697 85.1002173953581 87.0479211171462 88.9956248389343 90.9433285607227 92.8910322825108 94.8387360042989 96.7864397260873 98.0656174341833 99.1219531377152 100.178288841247 101.234624544779 102.290960248311 103.347295951843 104.403631655375 105.249959797329 105.46626525455 105.682570711771 105.898876168993 106.115181626214 106.331487083435 106.547792540656 106.764097997877 107.278382937113 107.891994370354 108.505605803595 109.119217236837 109.732828670078 110.346440103319 110.96005153656 111.930615297953 113.972036043802 116.013456789652 118.054877535502
56.2908955574031 58.6046647071836 60.9184338569637 63.2322030067438 65.5459721565243 68.0008987426752 70.5028778076165 73.0048568725581 75.5068359374993 78.0088150024406 80.5107940673822 83.0127731323234 85.3776546478263 87.331243515014 89.2848323822014 91.2384212493888 93.1920101165766 95.1455989837639 97.0991878509513 99.052776718139 100.252286720275 101.200437100728 102.14858748118 103.096737861633 104.044888242085 104.993038622538 105.94118900299 106.685547065735 106.818528175354 106.951509284973 107.084490394592 107.217471504211 107.35045261383 107.48343372345 107.616414833069 108.081037330627 108.656206957499 109.231376584371 109.806546211242 110.381715838114 110.956885464986 111.532055091858 112.492518043517 114.608860969543 116.725203895568 118.841546821594
56.1411763403145 58.5958610004846 61.0505456606543 63.5052303208239 65.959914980994 68.6275202433263 71.3660990397128 74.1046778360998 76.8432566324863 79.5818354288729 82.3204142252599 85.0589930216464 87.6027956220831 89.5622696346701 91.5217436472568 93.4812176598435 95.4406916724306 97.4001656850172 99.3596396976039 101.319113710191 102.438956006368 103.278921063741 104.118886121114 104.958851178487 105.79881623586 106.638781293233 107.478746350606 108.12113433414 108.170791096157 108.220447858174 108.270104620192 108.319761382209 108.369418144226 108.419074906243 108.46873166826 108.883691724141 109.420419544644 109.957147365146 110.493875185648 111.030603006151 111.567330826653 112.104058647156 113.054420789082 115.245685895283 117.436951001485 119.628216107686
56.2187765969164 58.7745902803206 61.3304039637243 63.886217647128 66.4420313305321 69.3096785863235 72.2812703662441 75.2528621461652 78.2244539260858 81.1960457060063 84.1676374859275 87.1392292658481 89.8703713734938 91.8801644643143 93.8899575551345 95.8997506459547 97.9095437367752 99.9193368275954 101.929129918416 103.938923009236 105.003935432434 105.754020966423 106.504106500413 107.254192034403 108.004277568393 108.754363102383 109.504448636372 110.055680825975 110.010352982415 109.965025138855 109.919697295295 109.874369451735 109.829041608174 109.783713764614 109.738385921054 110.082975451151 110.557537439134 111.032099427117 111.5066614151 111.981223403083 112.455785391066 112.930347379048 113.840854093763 116.059194988674 118.277535883585 120.495876778496
56.5236963272088 59.1408525466915 61.7580087661738 64.375164985656 66.9923212051388 70.0473737716668 73.2483917872102 76.4494098027542 79.6504278182975 82.851445833841 86.0524638493849 89.2534818649283 92.1803819020581 94.2849280039463 96.3894741058342 98.4940202077221 100.59856630961 102.703112411498 104.807658513386 106.912204615274 107.947224998474 108.625736808776 109.304248619079 109.982760429382 110.661272239684 111.339784049987 112.01829586029 112.489186541239 112.337213834126 112.185241127014 112.033268419901 111.881295712789 111.729323005676 111.577350298563 111.425377591451 111.678888511657 112.067560640971 112.456232770284 112.844904899597 113.23357702891 113.622249158223 114.010921287536 114.85181795756 117.049388249714 119.24695854187 121.444528834024
56.8286160575013 59.5071148130625 62.1856135686233 64.8641123241842 67.5426110797454 70.7850689570102 74.2155132081764 77.6459574593432 81.0764017105095 84.5068459616757 87.9372902128425 91.3677344640087 94.4903924306225 96.6896915435785 98.8889906565341 101.08828976949 103.287588882446 105.486887995401 107.686187108357 109.885486221313 110.890514564514 111.497452651129 112.104390737745 112.711328824361 113.318266910976 113.925204997592 114.532143084208 114.922692256503 114.664074685838 114.405457115173 114.146839544508 113.888221973843 113.629604403178 113.370986832513 113.112369261847 113.274801572164 113.577583842807 113.88036611345 114.183148384094 114.485930654737 114.788712925381 115.091495196024 115.862781821356 118.039581510755 120.216381200154 122.393180889553
57.1335357877937 59.8733770794335 62.6132183710729 65.3530596627123 68.0929009543521 71.5227641423536 75.1826346291427 78.8425051159323 82.5023756027214 86.1622460895104 89.8221165763001 93.4819870630892 96.800402959187 99.0944550832107 101.388507207234 103.682559331257 105.976611455281 108.270663579304 110.564715703328 112.858767827351 113.833804130554 114.369168493482 114.904532856411 115.43989721934 115.975261582268 116.510625945197 117.045990308125 117.356197971768 116.99093553755 116.625673103332 116.260410669115 115.895148234897 115.529885800679 115.164623366462 114.799360932244 114.87071463267 115.087607044644 115.304499456617 115.521391868591 115.738284280565 115.955176692539 116.172069104512 116.873745685153 119.029774771796 121.185803858439 123.341832945081
57.4384555180861 60.2396393458045 63.0408231735224 65.8420070012403 68.6431908289587 72.260459327697 76.1497560501088 80.0390527725213 83.9283494949332 87.817646217345 91.7069429397575 95.5962396621694 99.1104134877514 101.499218622843 103.888023757934 106.276828893025 108.665634028116 111.054439163207 113.443244298298 115.83204943339 116.777093696594 117.240884335835 117.704674975077 118.168465614318 118.63225625356 119.096046892801 119.559837532043 119.789703687032 119.317796389262 118.845889091491 118.373981793721 117.902074495951 117.430167198181 116.958259900411 116.486352602641 116.466627693176 116.59763024648 116.728632799784 116.859635353088 116.990637906392 117.121640459696 117.252643013 117.88470954895 120.019968032836 122.155226516723 124.29048500061
57.7433752483785 60.6059016121755 63.468427975972 66.3309543397684 69.1934807035654 72.9981545130404 77.116877471075 81.2356004291104 85.3543233871451 89.4730463451798 93.5917693032151 97.7104922612498 101.420424016316 103.903982162475 106.387540308634 108.871098454792 111.354656600951 113.83821474711 116.321772893269 118.805331039428 119.720383262634 120.112600178188 120.504817093743 120.897034009297 121.289250924852 121.681467840406 122.073684755961 122.223209402296 121.644657240973 121.066105079651 120.487552918328 119.909000757005 119.330448595683 118.75189643436 118.173344273037 118.062540753682 118.107653448317 118.152766142951 118.197878837585 118.24299153222 118.288104226854 118.333216921488 118.895673412746 121.010161293877 123.124649175008 125.239137056138
58.5946448114175 61.4307931794056 64.2669415473932 67.1030899153808 69.9392382833689 73.818334579467 78.0450801849355 82.2718257904047 86.4985713958732 90.7253170013417 94.952062606811 99.1788082122795 103.002139324611 105.615226957533 108.228314590454 110.841402223374 113.454489856296 116.067577489216 118.680665122137 121.293752755059 122.216879081726 122.576684972975 122.936490864224 123.296296755473 123.656102646721 124.01590853797 124.375714429219 124.482171842787 123.82858382331 123.174995803833 122.521407784356 121.867819764879 121.214231745402 120.560643725925 119.907055706448 119.730585479736 119.71315451728 119.695723554823 119.678292592366 119.66086162991 119.643430667453 119.625999704997 120.124278174506 122.169684939914 124.215091705322 126.26049847073
59.9922642072033 62.714314047495 65.4363638877862 68.1584137280774 70.8804635683691 74.7209995269767 78.93436419169 83.147728856404 87.3610935211173 91.5744581858306 95.7878228505446 100.001187515258 103.855559412638 106.632953008015 109.410346603393 112.18774019877 114.965133794148 117.742527389526 120.519920984903 123.297314580281 124.266581153869 124.633138720194 124.999696286519 125.366253852844 125.732811419169 126.099368985494 126.465926551818 126.566591008504 125.869576136271 125.172561264038 124.475546391805 123.778531519572 123.081516647339 122.384501775106 121.687486902873 121.470761871338 121.414133453369 121.3575050354 121.300876617431 121.244248199463 121.187619781494 121.130991363525 121.570523834228 123.498538970946 125.426554107665 127.354569244384
61.3898836029893 63.9978349155845 66.6057862281793 69.2137375407741 71.8216888533694 75.6236644744865 79.8236481984446 84.0236319224034 88.2236156463615 92.4235993703196 96.6235830942784 100.823566818236 104.708979500664 107.650679058498 110.592378616332 113.534078174166 116.475777732001 119.417477289835 122.359176847669 125.300876405503 126.316283226013 126.689592467414 127.062901708814 127.436210950215 127.809520191616 128.182829433017 128.556138674418 128.651010174221 127.910568449232 127.170126724243 126.429684999254 125.689243274265 124.948801549276 124.208359824286 123.467918099297 123.210938262939 123.115112389458 123.019286515977 122.923460642497 122.827634769016 122.731808895535 122.635983022054 123.01676949395 124.82739300198 126.638016510009 128.448640018039
62.7875029987752 65.281355783674 67.7752085685724 70.2690613534708 72.7629141383697 76.5263294219963 80.7129322051991 84.8995349884028 89.0861377716056 93.2727405548085 97.4593433380121 101.645946121215 105.56239958869 108.668405108981 111.774410629272 114.880416149562 117.986421669854 121.092427190144 124.198432710435 127.304438230726 128.365985298156 128.746046214633 129.12610713111 129.506168047587 129.886228964064 130.26628988054 130.646350797017 130.735429339939 129.951560762193 129.167692184448 128.383823606703 127.599955028958 126.816086451212 126.032217873467 125.248349295722 124.951114654541 124.816091325548 124.681067996555 124.546044667562 124.411021338569 124.275998009576 124.140974680583 124.463015153672 126.156247033013 127.849478912353 129.542710791693
