data/working_set_collections/6091692-Cassins_Sparrow-MC/2000/bio16.asc
NCOLS 265 
NROWS 230 
XLLCORNER -115.5625 
YLLCORNER 24.8333333333333 
CELLSIZE 0.0833333333333333 
NODATA_value -9999 
[rows 120 to 139 of 230, columns 46 to 91 of 265]
112.392104784648 114.425343937344 116.458583090041 118.491822242737 120.525061395433 122.55830054813 124.428059069316 126.243324046665 128.058589024014 129.873854001363 131.689118978712 133.504383956062 135.319648933411 137.120268419054 138.876951429579 140.633634440104 142.390317450629 144.147000461155 145.90368347168 147.660366482205 149.41704949273 151.532159042358 153.766744105021 156.001329167684 158.235914230346 160.470499293009 162.705084355672 164.939669418335 166.675359514024 166.914364708794 167.153369903564 167.392375098334 167.631380293104 167.870385487874 168.109390682644 168.348395877414 169.038538996378 169.879061423407 170.719583850437 171.560106277466 172.400628704495 173.241151131524 174.081673558553 174.002886284723 171.166169908312 168.329453531902
107.747467613221 109.915680758159 112.083893903097 114.252107048035 116.420320192973 118.588533337911 120.508484458924 122.345681571961 124.182878684998 126.020075798035 127.857272911072 129.694470024109 131.531667137146 133.428016153971 135.501820882162 137.575625610352 139.649430338542 141.723235066732 143.797039794922 145.870844523112 147.944649251302 150.221837234497 152.566819636027 154.911802037557 157.256784439087 159.601766840616 161.946749242147 164.291731643676 166.132778167725 166.462017059326 166.791255950928 167.120494842529 167.449733734131 167.778972625732 168.108211517334 168.437450408935 169.185276412964 170.072631454468 170.959986495972 171.847341537475 172.734696578979 173.622051620483 174.509406661987 174.338146972657 170.991043090821 167.643939208985
103.102830441793 105.406017578973 107.709204716153 110.012391853333 112.315578990512 114.618766127693 116.588909848531 118.448039097256 120.307168345982 122.166297594706 124.025426843431 125.884556092157 127.743685340882 129.735763888889 132.126690334744 134.517616780599 136.908543226454 139.299469672309 141.690396118164 144.081322564019 146.472249009874 148.911515426636 151.366895167032 153.82227490743 156.277654647827 158.733034388224 161.188414128621 163.643793869018 165.590196821425 166.009669409858 166.429141998291 166.848614586724 167.268087175157 167.68755976359 168.107032352024 168.526504940457 169.332013829549 170.266201485528 171.200389141506 172.134576797485 173.068764453464 174.002952109443 174.937139765421 174.673407660591 170.81591627333 166.958424886068
98.4581932703655 100.896354399787 103.334515529209 105.77267665863 108.210837788052 110.648998917474 112.669335238139 114.550396622552 116.431458006965 118.312519391378 120.193580775791 122.074642160204 123.955703544617 126.043511623806 128.751559787326 131.459607950846 134.167656114366 136.875704277886 139.583752441406 142.291800604926 144.999848768446 147.601193618774 150.166970698038 152.732747777303 155.298524856567 157.864301935831 160.430079015096 162.99585609436 165.047615475125 165.55732176039 166.067028045654 166.576734330919 167.086440616184 167.596146901448 168.105853186713 168.615559471978 169.478751246134 170.459771516588 171.440791787041 172.421812057495 173.402832327948 174.383852598402 175.364872868856 175.008668348525 170.640789455838 166.272910563152
93.8135560989383 96.3866912206016 98.9598263422653 101.532961463929 104.106096585592 106.679231707255 108.749760627747 110.652754147848 112.555747667949 114.45874118805 116.36173470815 118.264728228252 120.167721748352 122.351259358724 125.376429239909 128.401599121094 131.426769002278 134.451938883464 137.477108764648 140.502278645833 143.527448527018 146.290871810913 148.967046229044 151.643220647176 154.319395065307 156.995569483439 159.67174390157 162.347918319702 164.505034128825 165.104974110921 165.704914093018 166.304854075114 166.90479405721 167.504734039307 168.104674021403 168.704614003499 169.62548866272 170.653341547648 171.681194432576 172.709047317505 173.736900202433 174.764753087361 175.79260597229 175.343929036459 170.465662638347 165.587396240235
89.1689189275108 91.8770280414158 94.5851371553212 97.2932462692262 100.001355383131 102.709464497037 104.830186017355 106.755111673143 108.680037328932 110.604962984721 112.52988864051 114.454814296299 116.379739952088 118.659007093641 122.001298692491 125.343590291341 128.685881890191 132.028173489041 135.37046508789 138.71275668674 142.05504828559 144.980550003051 147.76712176005 150.553693517049 153.340265274048 156.126837031046 158.913408788045 161.699980545044 163.962452782525 164.652626461453 165.342800140381 166.032973819309 166.723147498237 167.413321177165 168.103494856093 168.79366853502 169.772226079305 170.846911578708 171.921597078111 172.996282577514 174.070968076918 175.145653576321 176.220339075724 175.679189724394 170.290535820856 164.901881917319
86.0616263071693 88.96032456292 91.8590228186711 94.7577210744218 97.6564193301725 100.555117585924 102.66834449768 104.519747628106 106.371150758531 108.222553888956 110.073957019382 111.925360149807 113.776763280233 116.035658370123 119.517029338413 122.998400306701 126.47977127499 129.961142243279 133.442513211568 136.923884179856 140.405255148146 143.278279876709 145.948522525363 148.618765174018 151.289007822672 153.959250471327 156.629493119982 159.299735768636 161.487692981296 162.228793885973 162.96989479065 163.710995695326 164.452096600003 165.19319750468 165.934298409356 166.675399314033 167.630734507243 168.657481129964 169.684227752686 170.710974375407 171.737720998129 172.76446762085 173.791214243571 173.195472166275 167.73226398892 162.269055811566
84.4916782379148 87.6365807851151 90.7814833323159 93.9263858795162 97.0712884267165 100.216190973917 102.264236068725 103.946662012736 105.629087956746 107.311513900757 108.993939844767 110.676365788778 112.358791732788 114.481213188171 117.923621177673 121.366029167175 124.808437156677 128.250845146179 131.693253135681 135.135661125183 138.578069114685 141.184061431885 143.511248524984 145.838435618083 148.165622711182 150.492809804281 152.81999689738 155.147183990479 157.080754725139 157.833476384481 158.586198043824 159.338919703166 160.091641362509 160.844363021851 161.597084681194 162.349806340536 163.201013946534 164.085050201417 164.9690864563 165.853122711182 166.737158966065 167.621195220948 168.505231475831 167.892776362103 162.790847142539 157.688917922975
82.9217301686601 86.3128370073101 89.7039438459606 93.0950506846105 96.4861575232605 99.877264361911 101.86012763977 103.373576397366 104.887025154961 106.400473912557 107.913922670152 109.427371427748 110.940820185343 112.926768006218 116.330213016934 119.733658027649 123.137103038363 126.540548049079 129.943993059794 133.347438070509 136.750883081224 139.08984298706 141.073974524604 143.058106062148 145.042237599691 147.026369137234 149.010500674778 150.994632212321 152.673816468981 153.438158882989 154.202501296998 154.966843711006 155.731186125014 156.495528539022 157.25987095303 158.024213367039 158.771293385824 159.512619272868 160.253945159913 160.995271046957 161.736596934001 162.477922821046 163.21924870809 162.590080557931 157.849430296157 153.108780034385
81.3517820994055 84.9890932295051 88.6264043596053 92.2637154897049 95.9010266198045 99.5383377499047 101.456019210815 102.800490781996 104.144962353176 105.489433924357 106.833905495537 108.178377066718 109.522848637899 111.372322824266 114.736804856194 118.101286888122 121.46576892005 124.830250951979 128.194732983907 131.559215015835 134.923697047763 136.995624542236 138.636700524224 140.277776506212 141.9188524882 143.559928470188 145.201004452176 146.842080434164 148.266878212823 149.042841381497 149.818804550171 150.594767718845 151.370730887519 152.146694056193 152.922657224867 153.698620393542 154.341572825114 154.94018834432 155.538803863526 156.137419382732 156.736034901937 157.334650421143 157.933265940349 157.287384753759 152.908013449776 148.528642145794
79.781834030151 83.6653494517002 87.5488648732501 91.4323802947993 95.3158957163485 99.1994111378984 101.05191078186 102.227405166626 103.402899551392 104.578393936157 105.753888320923 106.929382705689 108.104877090454 109.817877642313 113.143396695455 116.468915748596 119.794434801737 123.119953854879 126.44547290802 129.770991961161 133.096511014303 134.901406097412 136.199426523845 137.497446950277 138.795467376709 140.093487803142 141.391508229574 142.689528656006 143.859939956666 144.647523880006 145.435107803345 146.222691726685 147.010275650025 147.797859573365 148.585443496705 149.373027420045 149.911852264405 150.367757415772 150.823662567139 151.279567718507 151.735472869874 152.191378021241 152.647283172608 151.984688949587 147.966596603395 143.948504257204
78.2118859608963 82.3416056738952 86.4713253868948 90.6010450998936 94.7307648128925 98.860484525892 100.647802352905 101.654319551256 102.660836749607 103.667353947957 104.673871146308 105.680388344659 106.686905543009 108.263432460361 111.549988534715 114.836544609069 118.123100683424 121.409656757778 124.696212832133 127.982768906487 131.269324980842 132.807187652588 133.762152523465 134.717117394342 135.672082265218 136.627047136095 137.582012006972 138.536976877849 139.453001700508 140.252206378513 141.051411056519 141.850615734525 142.64982041253 143.449025090536 144.248229768542 145.047434446547 145.482131703695 145.795326487224 146.108521270753 146.421716054281 146.73491083781 147.048105621339 147.361300404867 146.681993145414 143.025179757013 139.368366368613
79.1492773056019 83.4568633821262 87.7644494586512 92.0720355351754 96.3796216116997 100.687207688225 102.336571439107 103.099861081441 103.863150723775 104.626440366109 105.389730008443 106.153019650777 106.916309293111 108.288780615064 111.488796975877 114.68881333669 117.888829697502 121.088846058315 124.288862419128 127.48887877994 130.688895140753 131.942117945353 132.546409564548 133.150701183743 133.754992802938 134.359284422133 134.963576041328 135.567867660523 136.198338042365 136.907344712152 137.616351381938 138.325358051724 139.03436472151 139.743371391297 140.452378061083 141.161384730869 141.542173830668 141.813557073805 142.084940316942 142.356323560079 142.627706803216 142.899090046353 143.17047328949 142.545017962987 139.229046927559 135.913075892131
82.5940080642687 87.0111225763941 91.4282370885202 95.8453516006456 100.262466112771 104.679580624897 106.118218040466 106.564029757181 107.009841473897 107.455653190612 107.901464907328 108.347276624043 108.793088340759 109.893922106424 112.959822018941 116.025721931457 119.091621843973 122.15752175649 125.223421669006 128.289321581522 131.355221494038 132.306196975708 132.552197647095 132.798198318481 133.044198989868 133.290199661255 133.536200332642 133.782201004029 134.095948982239 134.612938880921 135.129928779602 135.646918678284 136.163908576966 136.680898475647 137.197888374329 137.714878273011 138.091978645325 138.422449175517 138.752919705709 139.083390235901 139.413860766093 139.744331296286 140.074801826478 139.573763402304 136.578198115032 133.58263282776
86.0387388229358 90.5653817706623 95.0920247183896 99.618667666116 104.145310613843 108.67195356157 109.899864641825 110.028198432922 110.156532224019 110.284866015116 110.413199806213 110.54153359731 110.669867388407 111.499063597784 114.430847062004 117.362630526224 120.294413990444 123.226197454664 126.157980918884 129.089764383103 132.021547847324 132.670276006063 132.557985729641 132.44569545322 132.333405176799 132.221114900377 132.108824623956 131.996534347534 131.993559922113 132.31853304969 132.643506177267 132.968479304844 133.293452432421 133.618425559998 133.943398687575 134.268371815152 134.641783459982 135.031341277229 135.420899094476 135.810456911723 136.20001472897 136.589572546218 136.979130363465 136.602508841622 133.927349302504 131.252189763388
89.4834695816028 94.1196409649305 98.7558123482589 103.391983731587 108.028155114914 112.664326498243 113.681511243184 113.492367108663 113.303222974141 113.11407883962 112.924934705098 112.735790570577 112.546646436055 113.104205089144 115.901872105068 118.699539120991 121.497206136915 124.294873152838 127.092540168762 129.890207184685 132.687874200609 133.034355036418 132.563773812188 132.093192587959 131.622611363729 131.152030139499 130.68144891527 130.21086769104 129.891170861986 130.024127218459 130.157083574931 130.290039931404 130.422996287876 130.555952644348 130.688909000821 130.821865357293 131.191588274638 131.64023337894 132.088878483243 132.537523587545 132.986168691847 133.43481379615 133.883458900452 133.631254280939 131.276500489977 128.921746699016
92.9282003402696 97.6739001591984 102.419599978128 107.165299797057 111.910999615985 116.656699434915 117.463157844543 116.956535784403 116.449913724263 115.943291664123 115.436669603983 114.930047543843 114.423425483703 114.709346580504 117.372897148132 120.036447715759 122.699998283385 125.363548851013 128.02709941864 130.690649986266 133.354200553894 133.398434066773 132.569561894735 131.740689722697 130.911817550659 130.082945378622 129.254073206584 128.425201034546 127.78878180186 127.729721387228 127.670660972596 127.611600557964 127.552540143331 127.493479728699 127.434419314067 127.375358899435 127.741393089295 128.249125480652 128.75685787201 129.264590263367 129.772322654725 130.280055046082 130.787787437439 130.659999720256 128.62565167745 126.591303634644
96.3729310989367 101.228159353467 106.083387607997 110.938615862527 115.793844117057 120.649072371588 121.244804445902 120.420704460144 119.596604474385 118.772504488627 117.948404502868 117.12430451711 116.300204531352 116.314488071865 118.843922191196 121.373356310526 123.902790429856 126.432224549187 128.961658668517 131.491092787848 134.020526907179 133.762513097127 132.575349977282 131.388186857436 130.20102373759 129.013860617744 127.826697497898 126.639534378052 125.686392741733 125.435315555997 125.18423837026 124.933161184523 124.682083998787 124.43100681305 124.179929627313 123.928852441576 124.291197903951 124.858017582364 125.424837260776 125.991656939189 126.558476617602 127.125296296014 127.692115974427 127.688745159574 125.974802864923 124.260860570272
100.928026262918 105.765013821918 110.602001380919 115.43898893992 120.27597649892 125.112964057921 125.589677174886 124.612965477837 123.636253780788 122.65954208374 121.682830386691 120.706118689643 119.729406992594 119.572369681463 121.874355528089 124.176341374714 126.47832722134 128.780313067965 131.082298914591 133.384284761216 135.686270607842 135.197543207804 133.778578058879 132.359612909953 130.940647761027 129.521682612101 128.102717463175 126.68375231425 125.509803538852 125.07090388404 124.632004229228 124.193104574415 123.754204919603 123.315305264791 122.876405609979 122.437505955166 122.694048055013 123.182404073079 123.670760091146 124.159116109212 124.647472127279 125.135828145345 125.624184163411 125.615713649326 124.116763538785 122.617813428243
106.593485832213 111.284463564553 115.975441296894 120.666419029234 125.357396761574 130.048374493915 130.497776031493 129.533318837483 128.568861643473 127.604404449462 126.639947255452 125.675490061441 124.711032867431 124.4829914093 126.464197158812 128.445402908324 130.426608657836 132.407814407348 134.389020156859 136.370225906371 138.351431655883 137.703524398804 136.179246139526 134.654967880249 133.130689620972 131.606411361694 130.082133102417 128.55785484314 127.259014193217 126.636486371358 126.013958549499 125.391430727641 124.768902905782 124.146375083923 123.523847262065 122.901319440206 122.94994354248 123.222284952799 123.494626363118 123.766967773438 124.039309183757 124.311650594076 124.583992004395 124.440905189515 123.051533699036 121.662162208558
