data/working_set_collections/6091692-Cassins_Sparrow-MC/2000/bio11.asc
NCOLS 265 
NROWS 230 
XLLCORNER -115.5625 
YLLCORNER 24.8333333333333 
CELLSIZE 0.0833333333333333 
NODATA_value -9999 
[rows 60 to 79 of 230, columns 46 to 91 of 265]
-1.5524577101071 -1.8234635723961 -2.09446943468515 -2.36547529697415 -2.63648115926316 -2.90748702155221 -2.64810688259713 -2.2119314098939 -1.7757559371906 -1.33958046448738 -0.903404991784156 -0.467229519080856 -0.0310540463776319 0.312830492978265 0.379842232291874 0.446853971605472 0.51386571091907 0.58087745023268 0.647889189546278 0.714900928859876 0.781912668173485 0.735866701354579 0.65213483249148 0.568402963628367 0.484671094765268 0.400939225902169 0.317207357039055 0.233475488175956 0.139522462338233 0.014905965576582 -0.109710531185048 -0.234327027946677 -0.358943524708328 -0.483560021469958 -0.608176518231587 -0.732793014993238 -0.915513701240173 -1.11760245064889 -1.31969120005764 -1.52177994946636 -1.72386869887507 -1.92595744828382 -2.12804619769254 -2.36432535582113 -2.70317574010953 -3.04202612439787
-1.77911186218255 -1.92596735556915 -2.07282284895578 -2.21967834234238 -2.36653383572898 -2.5133893291156 -2.2527914244683 -1.85637572047626 -1.45996001648416 -1.06354431249213 -0.667128608500095 -0.270712904507994 0.125702799484039 0.441197373842161 0.513928559298285 0.586659744754397 0.659390930210509 0.732122115666634 0.804853301122745 0.877584486578857 0.950315672034982 0.893424718826999 0.79332638606429 0.693228053301563 0.593129720538853 0.493031387776143 0.392933055013417 0.292834722250707 0.179588653395601 0.0268993762632364 -0.125789900869102 -0.278479178001441 -0.431168455133806 -0.583857732266144 -0.736547009398483 -0.889236286530848 -1.04060643613334 -1.19153687655921 -1.34246731698511 -1.49339775741098 -1.64432819783686 -1.79525863826275 -1.94618907868863 -2.15112372040744 -2.51807096600532 -2.88501821160313
-2.00576601425803 -2.02847113874222 -2.0511762632264 -2.07388138771059 -2.09658651219477 -2.11929163667896 -1.85747596633943 -1.50082003105859 -1.14416409577769 -0.787508160496852 -0.430852225216013 -0.0741962899351143 0.282459645345724 0.569564254706069 0.648014886304708 0.726465517903334 0.804916149501961 0.8833667811006 0.961817412699227 1.04026804429785 1.11871867589649 1.05098273629943 0.934517939637111 0.81805314297477 0.701588346312448 0.585123549650126 0.468658752987785 0.352193956325463 0.219654844452973 0.0388927869498918 -0.141869270553158 -0.322631328056209 -0.50339338555929 -0.68415544306234 -0.86491750056539 -1.04567955806847 -1.16569917102651 -1.26547130246954 -1.36524343391258 -1.46501556535561 -1.56478769679863 -1.66455982824167 -1.7643319596847 -1.93792208499373 -2.33296619190108 -2.72801029880837
-2.23242016633351 -2.13097492191528 -2.02952967749703 -1.9280844330788 -1.82663918866057 -1.72519394424232 -1.46216050821056 -1.14526434164092 -0.828368175071219 -0.511472008501575 -0.194575841931932 0.122320324637765 0.439216491207409 0.697931135569976 0.782101213311131 0.866271291052271 0.950441368793412 1.03461144653457 1.11878152427571 1.20295160201685 1.287121679758 1.20854075377187 1.07570949320993 0.942878232647976 0.810046972086042 0.677215711524109 0.544384450962153 0.411553190400219 0.259721035510345 0.0508861976365472 -0.157948640237214 -0.366783478110976 -0.575618315984773 -0.784453153858535 -0.993287991732297 -1.20212282960609 -1.29079190591969 -1.33940572837987 -1.38801955084005 -1.43663337330023 -1.48524719576041 -1.53386101822059 -1.58247484068077 -1.72472044958001 -2.14786141779685 -2.57100238601361
-2.45907431840897 -2.23347870508833 -2.00788309176766 -1.78228747844702 -1.55669186512639 -1.33109625180572 -1.06684505008173 -0.789708652223274 -0.512572254364774 -0.235435856506323 0.0417005413521291 0.318836939210628 0.59597333706908 0.826298016433872 0.916187540317542 1.0060770642012 1.09596658808485 1.18585611196852 1.27574563585218 1.36563515973583 1.4555246836195 1.36609877124429 1.21690104678274 1.06770332232117 0.918505597859628 0.769307873398084 0.620110148936514 0.47091242447497 0.299787226567713 0.0628796083232015 -0.174028009921269 -0.41093562816574 -0.647843246410251 -0.884750864654722 -1.12165848289919 -1.3585661011437 -1.41588464081285 -1.41334015429019 -1.41079566776752 -1.40825118124486 -1.40570669472219 -1.40316220819952 -1.40061772167686 -1.51151881416632 -1.96275664369263 -2.41399447321887
-2.68572847048444 -2.33598248826139 -1.98623650603828 -1.63649052381524 -1.28674454159219 -0.936998559369077 -0.671529591952858 -0.434152962805601 -0.196776333658303 0.0406002954889534 0.27797692463621 0.515353553783508 0.752730182930764 0.95466489729778 1.05027386732396 1.14588283735013 1.2414918073763 1.33710077740249 1.43270974742866 1.52831871745483 1.62392768748101 1.52365678871672 1.35809260035556 1.19252841199438 1.02696422363322 0.861400035272066 0.695835846910882 0.530271658549726 0.339853417625085 0.0748730190098569 -0.190107379605325 -0.455087778220508 -0.720068176835735 -0.985048575450917 -1.2500289740661 -1.51500937268133 -1.54097737570603 -1.48727458020051 -1.43357178469499 -1.37986898918948 -1.32616619368397 -1.27246339817844 -1.21876060267293 -1.29831717875261 -1.7776518695884 -2.25698656042411
-2.71218174099931 -2.30298395752918 -1.89378617405898 -1.48458839058885 -1.07539060711872 -0.666192823648516 -0.405258768300267 -0.193745955659346 0.0177668569816114 0.229279669622533 0.440792482263454 0.652305294904411 0.863818107545332 1.04308707796863 1.12562452173894 1.20816196550924 1.29069940927954 1.37323685304986 1.45577429682016 1.53831174059046 1.62084918436078 1.507678462565 1.32927168558048 1.15086490859592 0.972458131611402 0.794051354626881 0.615644577642329 0.437237800657807 0.239437343180265 -0.0165441557764495 -0.27252565473312 -0.528507153689791 -0.784488652646506 -1.04047015160318 -1.29645165055985 -1.55243314951656 -1.59608436524869 -1.56895881990591 -1.54183327456313 -1.51470772922036 -1.48758218387759 -1.46045663853481 -1.43333109319204 -1.53715293076284 -2.03381691707492 -2.5304809033869
-2.53843412995348 -2.13448311289164 -1.73053209582972 -1.32658107876787 -0.922630061706025 -0.518679044644109 -0.268032579124031 -0.0684876307845783 0.131057317554909 0.330602265894362 0.530147214233815 0.729692162573302 0.929237110912755 1.09156455844639 1.14223950356244 1.19291444867849 1.24358939379453 1.29426433891059 1.34493928402663 1.39561422914268 1.44628917425873 1.31816379278905 1.13043830245741 0.94271281212574 0.754987321794102 0.567261831462465 0.379536341130795 0.191810850799158 -0.00146099676679631 -0.211371916035754 -0.421282835304676 -0.631193754573598 -0.841104673842555 -1.05101559311148 -1.2609265123804 -1.47083743164936 -1.58120560944079 -1.65839287340638 -1.73558013737198 -1.81276740133756 -1.88995466530314 -1.96714192926874 -2.04432919323433 -2.22802607019719 -2.73125178615235 -3.23447750210741
-2.36468651890764 -1.96598226825408 -1.56727801760045 -1.16857376694688 -0.76986951629332 -0.371165265639689 -0.130806389947784 0.0567706940901999 0.244347778128216 0.431924862166199 0.619501946204183 0.807079030242199 0.994656114280183 1.14004203892415 1.15885448538594 1.17766693184773 1.19647937830952 1.21529182477131 1.23410427123309 1.25291671769488 1.27172916415667 1.12864912301308 0.931604919334326 0.734560715655538 0.537516511976783 0.340472308298029 0.143428104619241 -0.0536160990595132 -0.242359336713878 -0.406199676295075 -0.570040015876244 -0.733880355457413 -0.89772069503861 -1.06156103461978 -1.22540137420095 -1.38924171378214 -1.5663268536329 -1.74782692690685 -1.92932700018083 -2.11082707345478 -2.29232714672874 -2.47382722000272 -2.65532729327667 -2.9188992096316 -3.42868665522984 -3.93847410082798
-2.1909389078618 -1.79748142361652 -1.40402393937117 -1.01056645512589 -0.617108970880615 -0.22365148663527 0.0064197992284637 0.182029018964978 0.357638238701523 0.533247458438037 0.708856678174552 0.884465897911096 1.06007511764761 1.18851951940192 1.17546946720944 1.16241941501697 1.1493693628245 1.13631931063203 1.12326925843956 1.11021920624708 1.09716915405461 0.939134453237113 0.732771536211242 0.526408619185336 0.320045702159465 0.113682785133593 -0.092680131892313 -0.299043048918184 -0.48325767666096 -0.601027436554396 -0.718797196447812 -0.836566956341228 -0.954336716234664 -1.07210647612808 -1.1898762360215 -1.30764599591493 -1.551448097825 -1.83726098040732 -2.12307386298969 -2.40888674557201 -2.69469962815433 -2.98051251073669 -3.26632539331901 -3.60977234906601 -4.12612152430733 -4.64247069954855
-2.01719129681597 -1.62898057897897 -1.24076986114191 -0.852559143304918 -0.464348425467923 -0.0761377076308626 0.1436459884047 0.307287343839746 0.47092869927482 0.634570054709866 0.798211410144912 0.961852765579987 1.12549412101503 1.23699699987968 1.19208444903294 1.14717189818622 1.10225934733949 1.05734679649275 1.01243424564603 0.967521694799299 0.922609143952564 0.749619783461163 0.533938153088176 0.318256522715152 0.102574892342164 -0.113106738030823 -0.328788368403847 -0.544469998776834 -0.724156016608022 -0.795855196813701 -0.867554377019368 -0.939253557225034 -1.01095273743071 -1.08265191763638 -1.15435109784205 -1.22605027804773 -1.53656934201711 -1.92669503390779 -2.31682072579853 -2.70694641768921 -3.09707210957988 -3.48719780147063 -3.8773234933613 -4.30064548850036 -4.82355639338475 -5.34646729826906
-1.84344368577012 -1.46047973434141 -1.07751578291264 -0.694551831483929 -0.311587880055218 0.0713760713735571 0.280872177580947 0.432545668714524 0.584219159848127 0.735892650981704 0.887566142115281 1.03923963324888 1.19091312438246 1.28547448035745 1.20869943085645 1.13192438135546 1.05514933185447 0.978374282353474 0.901599232852488 0.824824183351502 0.748049133850502 0.560105113685196 0.335104769965092 0.11010442624495 -0.114895917475154 -0.339896261195258 -0.564896604915401 -0.789896948635505 -0.965054356555104 -0.990682957073022 -1.01631155759094 -1.04194015810885 -1.06756875862677 -1.09319735914468 -1.1188259596626 -1.14445456018051 -1.52169058620921 -2.01612908740826 -2.51056758860739 -3.00500608980643 -3.49944459100547 -3.9938830922046 -4.48832159340365 -4.99151862793477 -5.52099126246224 -6.05046389698963
-1.52458546708039 -1.16046764668504 -0.796349826289634 -0.432232005894288 -0.0681141854989412 0.296003634896468 0.492998298505885 0.634285243186622 0.775572187867383 0.91685913254812 1.05814607722886 1.19943302190962 1.34071996659035 1.4220774958531 1.32364677886167 1.22521606187025 1.12678534487883 1.0283546278874 0.929923910895981 0.831493193904564 0.733062476913129 0.55128095845383 0.341715839505219 0.132150720556572 -0.0774143983920391 -0.28697951734065 -0.496544636289297 -0.706109755237908 -0.868367680307109 -0.888704023737917 -0.909040367168722 -0.929376710599528 -0.949713054030337 -0.970049397461142 -0.990385740891947 -1.01072208432276 -1.43222860364857 -1.98745851493947 -2.54268842623047 -3.09791833752137 -3.65314824881227 -4.20837816010327 -4.76360807139418 -5.30812319252215 -5.82049394316139 -6.33286469380054
-1.06061664074673 -0.728944316009829 -0.397271991272873 -0.0655996665359735 0.266072658200926 0.597744982937883 0.780024351179528 0.912506067256055 1.0449877833326 1.17746949940913 1.30995121548566 1.44243293156221 1.57491464763874 1.64680604636668 1.53692649304864 1.42704693973063 1.31716738641261 1.20728783309458 1.09740827977656 0.987528726458548 0.877649173140514 0.723147317767143 0.553771361708643 0.384395405650115 0.215019449591616 0.0456434935331163 -0.123732462525412 -0.293108418583911 -0.4340959878639 -0.489918396808269 -0.545740805752628 -0.601563214696987 -0.657385623641356 -0.713208032585715 -0.769030441530074 -0.824852850474442 -1.26818339433514 -1.84068331650137 -2.4131832386677 -2.98568316083394 -3.55818308300017 -4.1306830051665 -4.70318292733273 -5.25045918226232 -5.72206443548199 -6.19366968870157
-0.596647814413029 -0.297420985334579 0.00180584374392231 0.301032672822372 0.600259501900822 0.899486330979323 1.0670504038532 1.19072689132551 1.31440337879785 1.43807986627017 1.56175635374248 1.68543284121482 1.80910932868714 1.87153459688027 1.75020620723564 1.62887781759102 1.50754942794641 1.38622103830177 1.26489264865716 1.14356425901255 1.02223586936791 0.89501367708047 0.765826883912086 0.63664009074368 0.507453297575295 0.378266504406911 0.249079711238505 0.119892918070121 0.000175704579345449 -0.0911327698785861 -0.182441244336502 -0.273749718794418 -0.365058193252349 -0.456366667710266 -0.547675142168182 -0.638983616626113 -1.1041381850217 -1.69390811806326 -2.28367805110493 -2.87344798414649 -3.46321791718805 -4.05298785022972 -4.64275778327128 -5.19279517200249 -5.62363492780258 -6.0544746836026
-0.132678988079328 0.134102345340672 0.400883678760718 0.667665012180718 0.934446345600718 1.20122767902076 1.35407645652686 1.46894771539497 1.58381897426309 1.6986902331312 1.81356149199931 1.92843275086743 2.04330400973554 2.09626314739387 1.96348592142263 1.83070869545142 1.69793146948021 1.56515424350897 1.43237701753776 1.29959979156654 1.16682256559531 1.0668800363938 0.977882406115528 0.888884775837244 0.799887145558975 0.710889515280706 0.621891885002422 0.532894254724153 0.434447397022591 0.307652857051097 0.180858317079624 0.0540637771081509 -0.0727307628633435 -0.199525302834816 -0.326319842806289 -0.453114382777784 -0.940092975708261 -1.54713291962515 -2.15417286354215 -2.76121280745904 -3.36825275137594 -3.97529269529294 -4.58233263920983 -5.13513116174266 -5.52520542012317 -5.91527967850362
0.331289838254333 0.565625676015886 0.799961513777479 1.03429735153903 1.26863318930059 1.50296902706218 1.64110250920051 1.7471685394644 1.85323456972832 1.95930059999221 2.06536663025611 2.17143266052002 2.27749869078392 2.32099169790744 2.17676563560961 2.0325395733118 1.88831351101399 1.74408744871615 1.59986138641834 1.45563532412053 1.31140926182269 1.23874639570711 1.18993792831895 1.14112946093079 1.09232099354263 1.04351252615447 0.994704058766307 0.94589559137815 0.8687190894658 0.706438483980745 0.544157878495719 0.381877273010692 0.219596667525638 0.0573160620406109 -0.104964543444416 -0.26724514892947 -0.776047766394835 -1.40035772118706 -2.02466767597939 -2.64897763077161 -3.27328758556383 -3.89759754035616 -4.52190749514838 -5.07746715148283 -5.42677591244377 -5.77608467340466
0.795258664588033 0.997149006691137 1.19903934879427 1.40092969089738 1.60282003300048 1.80471037510362 1.92812856187417 2.02538936353386 2.12265016519356 2.21991096685325 2.31717176851293 2.41443257017263 2.51169337183232 2.54572024842104 2.3900453497966 2.23437045117219 2.07869555254778 1.92302065392334 1.76734575529893 1.61167085667453 1.45599595805009 1.41061275502044 1.40199345052239 1.39337414602435 1.38475484152631 1.37613553702827 1.36751623253022 1.35889692803218 1.30299078190905 1.10522411091043 0.907457439911845 0.709690768913261 0.511924097914644 0.31415742691606 0.116390755917477 -0.0813759150811407 -0.612002557081395 -1.25358252274895 -1.89516248841661 -2.53674245408416 -3.17832241975172 -3.81990238541938 -4.46148235108693 -5.019803141223 -5.32834640476437 -5.63688966830568
1.14647686382129 1.3263555000225 1.50623413622375 1.68611277242496 1.86599140862618 2.04587004482742 2.14723647038139 2.22243215905292 2.29762784772447 2.37282353639601 2.44801922506754 2.52321491373909 2.59841060241063 2.61855315334271 2.47353629105623 2.32851942876977 2.18350256648332 2.03848570419683 1.89346884191038 1.74845197962392 1.60343511733744 1.57537172834077 1.58629283044071 1.59721393254066 1.60813503464061 1.61905613674056 1.62997723884051 1.64089834094046 1.59678876563496 1.3875871581129 1.17838555059087 0.969183943068841 0.759982335546779 0.550780728024752 0.341579120502725 0.132377512980663 -0.373287319205634 -0.977773226280088 -1.58225913335464 -2.1867450404291 -2.79123094750355 -3.39571685457811 -4.00020276165256 -4.52225513466535 -4.79700690549289 -5.07175867632038
1.38494443595402 1.55324515600991 1.72154587606583 1.88984659612172 2.05814731617762 2.22644803623353 2.2984262347221 2.33829692602155 2.378167617321 2.41803830862044 2.45790899991988 2.49777969121933 2.53765038251877 2.5394904126724 2.42723845938844 2.31498650610449 2.20273455282055 2.09048259953658 1.97823064625264 1.86597869296869 1.75372673968473 1.73302331566808 1.74283606807388 1.75264882047968 1.76246157288549 1.77227432529129 1.78208707769709 1.79189983010289 1.75011304064345 1.55352762558807 1.35694221053273 1.16035679547738 0.963771380422004 0.767185965366658 0.570600550311313 0.374015135255934 -0.0599020527675407 -0.572929831780445 -1.08595761079344 -1.59898538980634 -2.11201316881925 -2.62504094783224 -3.13806872684515 -3.58482313180974 -3.8327574146292 -4.08069169744862
