data/working_set_collections/6091692-Cassins_Sparrow-MC/2000/bio1.asc
NCOLS 265 
NROWS 230 
XLLCORNER -115.5625 
YLLCORNER 24.8333333333333 
CELLSIZE 0.0833333333333333 
NODATA_value -9999 
[rows 20 to 39 of 230, columns 0 to 45 of 265]
10.4178138176601 10.4139479080837 10.4100819985073 10.4062160889308 10.4023501793544 10.398484269778 10.3946183602016 10.3780882358552 10.3573367065854 10.3365851773157 10.3158336480459 10.2950821187762 10.2743305895064 10.2535790602367 10.2164106554456 10.1299916240905 10.0435725927354 9.95715356138024 9.87073453002511 9.78431549866999 9.69789646731488 9.61147743595975 9.56693687438968 9.53635580274797 9.50577473110625 9.47519365946454 9.44461258782282 9.4140315161811 9.38345044453939 9.34044873979358 9.2601851357354 9.17992153167725 9.09965792761909 9.01939432356092 8.93913071950276 8.8588671154446 8.77860351138643 8.61738903522492 8.42919093502893 8.24099283483292 8.05279473463694 7.86459663444096 7.67639853424495 7.48820043404897 7.27295660575234 6.97657559315363
9.86734322706865 9.85808111031857 9.84881899356849 9.8395568768184 9.83029476006832 9.82103264331824 9.81177052656816 9.81686053276068 9.82673457993407 9.83660862710746 9.84648267428086 9.85635672145424 9.86623076862764 9.87610481580102 9.86617324882089 9.7968248393801 9.72747642993932 9.65812802049854 9.58877961105775 9.51943120161696 9.45008279217619 9.38073438273539 9.36631031036379 9.3701943503486 9.3740783903334 9.37796243031821 9.38184647030301 9.38573051028782 9.38961455027262 9.37886259290908 9.32420264350043 9.2695426940918 9.21488274468316 9.16022279527451 9.10556284586588 9.05090289645724 8.99624294704859 8.84459264278412 8.66061222023436 8.47663179768456 8.29265137513479 8.10867095258502 7.92469053003522 7.74071010748546 7.52954524755482 7.23682707548142
9.31687263647725 9.3022143125535 9.28755598862976 9.27289766470601 9.25823934078226 9.24358101685852 9.22892269293477 9.25563282966623 9.29613245328276 9.33663207689929 9.37713170051582 9.41763132413235 9.45813094774889 9.49863057136541 9.51593584219622 9.46365805466976 9.41138026714331 9.35910247961686 9.3068246920904 9.25454690456396 9.20226911703751 9.14999132951105 9.16568374633792 9.20403289794924 9.24238204956056 9.28073120117189 9.3190803527832 9.35742950439453 9.39577865600585 9.41727644602458 9.38822015126546 9.35916385650634 9.33010756174722 9.3010512669881 9.27199497222898 9.24293867746986 9.21388238271074 9.07179625034331 8.89203350543976 8.71227076053617 8.53250801563262 8.35274527072906 8.17298252582548 7.99321978092192 7.78613388935727 7.49707855780918
8.7664020458858 8.74634751478839 8.72629298369098 8.70623845259357 8.68618392149616 8.66612939039875 8.64607485930133 8.69440512657172 8.76553032663139 8.83665552669108 8.90778072675075 8.97890592681042 9.0500311268701 9.12115632692977 9.16569843557152 9.1304912699594 9.09528410434728 9.06007693873516 9.02486977312304 8.98966260751093 8.95445544189881 8.91924827628669 8.96505718231203 9.03787144554986 9.11068570878772 9.18349997202555 9.25631423526339 9.32912849850124 9.40194276173908 9.45569029914008 9.45223765903048 9.44878501892089 9.44533237881129 9.4418797387017 9.4384270985921 9.4349744584825 9.43152181837291 9.29899985790252 9.12345479064518 8.94790972338781 8.77236465613047 8.59681958887312 8.42127452161575 8.24572945435841 8.04272253115975 7.75733004013697
8.40274959140356 8.39217370351158 8.38159781561959 8.37102192772761 8.36044603983562 8.34987015194364 8.33929426405165 8.40491785208383 8.49594126542407 8.58696467876433 8.67798809210458 8.76901150544482 8.86003491878508 8.95105833212533 9.01706195672353 9.00800621509551 8.9989504734675 8.98989473183948 8.98083899021147 8.97178324858345 8.96272750695544 8.95367176532742 9.0223769028981 9.11700233353503 9.21162776417198 9.3062531948089 9.40087862544583 9.49550405608278 9.59012948671971 9.66307342317365 9.67097287707854 9.67887233098344 9.68677178488833 9.69467123879322 9.70257069269812 9.71047014660301 9.71836960050791 9.57447375456492 9.37997947533927 9.18548519611358 8.99099091688793 8.79649663766228 8.60200235843659 8.40750807921094 8.19045257568365 7.90571339925133
8.22591527303063 8.23969287872317 8.25347048441571 8.26724809010825 8.28102569580079 8.29480330149333 8.30858090718588 8.38717100620268 8.48736526966093 8.58755953311919 8.68775379657744 8.78794806003568 8.88814232349394 8.98833658695218 9.07002640565235 9.09620289007821 9.12237937450406 9.14855585892992 9.17473234335578 9.20090882778163 9.22708531220749 9.25326179663335 9.33764290809624 9.44142556190483 9.54520821571343 9.64899086952202 9.7527735233306 9.85655617713921 9.96033883094779 10.0394258181253 10.0444258054097 10.049425792694 10.0544257799784 10.0594257672627 10.0644257545471 10.0694257418314 10.0744257291157 9.89821794033049 9.661607559522 9.42499717871347 9.18838679790498 8.95177641709648 8.71516603628795 8.47855565547946 8.22932402292893 7.94222863515221
8.04908095465768 8.08721205393475 8.12534315321181 8.16347425248889 8.20160535176596 8.23973645104302 8.2778675503201 8.36942416032154 8.47878927389778 8.58815438747405 8.69751950105029 8.80688461462654 8.9162497282028 9.02561484177905 9.12299085458118 9.18439956506091 9.24580827554064 9.30721698602037 9.36862569650011 9.43003440697984 9.49144311745956 9.5528518279393 9.65290891329441 9.76584879027465 9.87878866725492 9.99172854423516 10.1046684212154 10.2176082981957 10.3305481751759 10.4157782130771 10.4178787337409 10.4199792544046 10.4220797750684 10.4241802957322 10.426280816396 10.4283813370598 10.4304818577236 10.2219621260961 9.94323564370475 9.66450916131337 9.38578267892204 9.1070561965307 8.82832971413932 8.54960323174798 8.26819547017421 7.97874387105309
7.87224663628473 7.93473122914633 7.99721582200792 8.05970041486952 8.12218500773112 8.18466960059271 8.24715419345431 8.35167731444039 8.47021327813464 8.5887492418289 8.70728520552315 8.8258211692174 8.94435713291166 9.06289309660591 9.17595530351 9.27259624004362 9.36923717657722 9.46587811311082 9.56251904964444 9.65915998617804 9.75580092271164 9.85244185924526 9.96817491849258 10.0902720186445 10.2123691187964 10.3344662189483 10.4565633191002 10.5786604192521 10.700757519404 10.7921306080288 10.791331662072 10.7905327161153 10.7897337701585 10.7889348242018 10.788135878245 10.7873369322882 10.7865379863315 10.5457063118617 10.2248637278875 9.90402114391328 9.5831785599391 9.26233597596492 8.94149339199068 8.62065080801651 8.3070669174195 8.01525910695397
7.6954123179118 7.78225040435792 7.86908849080404 7.95592657725017 8.04276466369629 8.1296027501424 8.21644083658854 8.33393046855925 8.46163728237149 8.58934409618376 8.71705090999601 8.84475772380826 8.97246453762053 9.10017135143277 9.22891975243882 9.36079291502632 9.49266607761379 9.62453924020126 9.75641240278875 9.88828556537622 10.0201587279637 10.1520318905512 10.2834409236907 10.4146952470143 10.5459495703379 10.6772038936614 10.808458216985 10.9397125403086 11.0709668636321 11.1684830029805 11.1647845904032 11.1610861778259 11.1573877652486 11.1536893526712 11.1499909400939 11.1462925275166 11.1425941149393 10.8694504976273 10.5064918120702 10.1435331265132 9.78057444095614 9.41761575539912 9.05465706984204 8.69169838428502 8.34593836466477 8.05177434285484
7.51857799953886 7.6297695795695 7.74096115960014 7.85215273963081 7.96334431966145 8.07453589969209 8.18572747972276 8.3161836226781 8.45306128660835 8.58993895053862 8.72681661446887 8.86369427839912 9.00057194232939 9.13744960625963 9.28188420136765 9.44898959000902 9.61609497865036 9.78320036729171 9.95030575593308 10.1174111445744 10.2845165332158 10.4516219218571 10.5987069288889 10.7391184753841 10.8795300218793 11.0199415683746 11.1603531148698 11.300764661365 11.4411762078602 11.5448353979322 11.5382375187344 11.5316396395365 11.5250417603386 11.5184438811408 11.5118460019429 11.505248122745 11.4986502435472 11.1931946833929 10.788119896253 10.3830451091131 9.97797032197321 9.57289553483334 9.16782074769341 8.76274596055354 8.38480981191006 8.08828957875573
7.56750069724185 7.67679274876908 7.78608480029631 7.89537685182356 8.00466890335079 8.11396095487803 8.22325300640528 8.36010131835934 8.50613505045568 8.65216878255205 8.7982025146484 8.94423624674474 9.09026997884111 9.23630371093746 9.39269759654992 9.58017194271084 9.76764628887171 9.95512063503259 10.1425949811935 10.3300693273544 10.5175436735153 10.7050180196762 10.8544512907664 10.9912042034996 11.1279571162329 11.2647100289662 11.4014629416995 11.5382158544328 11.6749687671661 11.7772232267592 11.7759823269314 11.7747414271037 11.7735005272759 11.7722596274482 11.7710187276204 11.7697778277927 11.7685369279649 11.4455441395442 11.0153007215925 10.5850573036406 10.1548138856888 9.72457046773707 9.29432704978522 8.86408363183345 8.46338449186755 8.15131818585928
7.84218041102086 7.92331991195673 8.0044594128926 8.08559891382849 8.16673841476436 8.24787791570024 8.32901741663612 8.46568355560298 8.62085857391352 8.77603359222408 8.93120861053462 9.08638362884516 9.24155864715572 9.39673366546625 9.56135993798567 9.75433997313176 9.94732000827783 10.1403000434239 10.33328007857 10.5262601137161 10.7192401488621 10.9122201840082 11.0506740093231 11.1709524313608 11.2912308533986 11.4115092754364 11.5317876974741 11.6520661195119 11.7723445415496 11.8656464894612 11.8780190149943 11.8903915405273 11.9027640660604 11.9151365915934 11.9275091171264 11.9398816426595 11.9522541681925 11.6264988660813 11.1880342880886 10.7495697100957 10.311105132103 9.87264055411028 9.43417597611748 8.99571139812475 8.58166240453726 8.24086016416552
8.1168601247999 8.16984707514441 8.22283402548891 8.27582097583344 8.32880792617795 8.38179487652246 8.43478182686698 8.57126579284664 8.73558209737137 8.89989840189612 9.06421470642085 9.22853101094558 9.39284731547034 9.55716361999507 9.73002227942142 9.92850800355271 10.126993727684 10.3254794518152 10.5239651759465 10.7224509000778 10.920936624209 11.1194223483403 11.2468967278798 11.350700659222 11.4545045905643 11.5583085219065 11.6621124532487 11.765916384591 11.8697203159332 11.9540697521633 11.9800557030572 12.006041653951 12.0320276048448 12.0580135557386 12.0839995066325 12.1099854575263 12.1359714084201 11.8074535926184 11.3607678545847 10.9140821165509 10.4673963785172 10.0207106404835 9.57402490244974 9.12733916441605 8.69994031720698 8.33040214247177
8.39153983857893 8.41637423833208 8.44120863808523 8.46604303783838 8.49087743759153 8.51571183734468 8.54054623709783 8.67684803009029 8.85030562082921 9.02376321156816 9.19722080230708 9.37067839304601 9.54413598378496 9.71759357452388 9.89868462085717 10.1026760339737 10.3066674470901 10.5106588602065 10.714650273323 10.9186416864395 11.1226330995559 11.3266245126724 11.4431194464365 11.5304488870832 11.6177783277299 11.7051077683766 11.7924372090233 11.87976664967 11.9670960903167 12.0424930148654 12.08209239112 12.1216917673747 12.1612911436293 12.2008905198839 12.2404898961385 12.2800892723931 12.3196886486477 11.9884083191554 11.5335014210808 11.078594523006 10.6236876249314 10.1687807268567 9.71387382878201 9.25896693070736 8.8182182298767 8.41994412077801
8.66621955235795 8.66290140151973 8.65958325068152 8.65626509984331 8.6529469490051 8.64962879816689 8.64631064732868 8.78243026733393 8.96502914428705 9.14762802124019 9.33022689819331 9.51282577514642 9.69542465209956 9.87802352905268 10.0673469622929 10.2768440643946 10.4863411664962 10.6958382685978 10.9053353706995 11.1148324728011 11.3243295749028 11.5338266770044 11.6393421649932 11.7101971149444 11.7810520648956 11.8519070148468 11.9227619647979 11.9936169147491 12.0644718647003 12.1309162775675 12.1841290791829 12.2373418807983 12.2905546824137 12.3437674840291 12.3969802856445 12.4501930872599 12.5034058888753 12.1693630456925 11.7062349875769 11.2431069294612 10.7799788713456 10.31685081323 9.85372275511427 9.39059469699865 8.93649614254641 8.50948609908425
8.94089926613698 8.90942856470741 8.87795786327784 8.84648716184826 8.81501646041868 8.78354575898911 8.75207505755953 8.88801250457759 9.0797526677449 9.27149283091223 9.46323299407954 9.65497315724684 9.84671332041418 10.0384534835815 10.2360093037287 10.4510120948155 10.6660148859023 10.8810176769892 11.096020468076 11.3110232591628 11.5260260502497 11.7410288413365 11.83556488355 11.8899453428056 11.9443258020613 11.9987062613169 12.0530867205725 12.1074671798282 12.1618476390838 12.2193395402696 12.2861657672458 12.352991994222 12.4198182211982 12.4866444481743 12.5534706751505 12.6202969021267 12.6871231291029 12.3503177722296 11.878968554073 11.4076193359163 10.9362701177598 10.4649208996032 9.99357168144653 9.52222246328996 9.05477405521613 8.5990280773905
9.08916934331259 9.04489959081014 9.00062983830771 8.95636008580526 8.91209033330282 8.86782058080038 8.82355082829793 8.96215286254879 9.16171215905078 9.36127145555281 9.56083075205481 9.7603900485568 9.95994934505883 10.1595086415608 10.3642515314949 10.5845452017254 10.8048388719558 11.0251325421863 11.2454262124167 11.4657198826471 11.6860135528776 11.906307223108 11.9919966300328 12.0328179491891 12.0736392683453 12.1144605875015 12.1552819066577 12.196103225814 12.2369245449702 12.281300356653 12.3363396459156 12.3913789351781 12.4464182244407 12.5014575137032 12.5564968029658 12.6115360922284 12.6665753814909 12.3435889959336 11.8945940521029 11.4455991082722 10.9966041644415 10.5476092206108 10.0986142767801 9.64961933294938 9.19094756444304 8.70324532190963
9.11102978388469 9.06931447982788 9.02759917577108 8.98588387171427 8.94416856765747 8.90245326360067 8.86073795954386 9.00485134124752 9.2109076182047 9.41696389516191 9.6230201721191 9.82907644907628 10.0351327260335 10.2411890029907 10.4520736455917 10.6774433851242 10.9028131246566 11.1281828641891 11.3535526037216 11.578922343254 11.8042920827865 12.029661822319 12.1086374044418 12.1388149340947 12.1689924637476 12.1991699934006 12.2293475230535 12.2595250527064 12.2897025823593 12.3167987267176 12.3346507151922 12.3525027036667 12.3703546921412 12.3882066806158 12.4060586690903 12.4239106575648 12.4417626460394 12.1491767168046 11.7531114816667 11.3570462465287 10.9609810113908 10.5649157762528 10.1688505411148 9.77278530597691 9.34501667022714 8.82213783264164
9.13289022445679 9.09372936884563 9.05456851323446 9.01540765762329 8.97624680201213 8.93708594640096 8.89792509078979 9.04754981994625 9.26010307735861 9.47265633477102 9.68520959218339 9.89776284959575 10.1103161070082 10.3228693644205 10.5398957596884 10.7703415685229 11.0007873773574 11.2312331861919 11.4616789950264 11.6921248038609 11.9225706126954 12.1530164215299 12.2252781788508 12.2448119190004 12.26434565915 12.2838793992996 12.3034131394492 12.3229468795988 12.3424806197484 12.3522970967823 12.3329617844688 12.3136264721553 12.2942911598418 12.2749558475283 12.2556205352148 12.2362852229013 12.2169499105878 11.9547644376756 11.6116289112304 11.2684933847852 10.92535785834 10.5822223318948 10.2390868054496 9.89595127900446 9.49908577601125 8.94103034337366
9.15475066502889 9.11814425786337 9.08153785069784 9.04493144353231 9.00832503636678 8.97171862920126 8.93511222203573 9.09024829864498 9.30929853651253 9.52834877438012 9.74739901224768 9.96644925011523 10.1854994879828 10.4045497258504 10.6277178737852 10.8632397519217 11.0987616300582 11.3342835081948 11.5698053863313 11.8053272644678 12.0408491426043 12.2763710207409 12.3419189532598 12.3508089039061 12.3596988545524 12.3685888051987 12.377478755845 12.3863687064913 12.3952586571375 12.3877954668469 12.3312728537454 12.2747502406438 12.2182276275423 12.1617050144408 12.1051824013392 12.0486597882377 11.9921371751362 11.7603521585465 11.4701463407941 11.1799405230417 10.8897347052893 10.5995288875369 10.3093230697844 10.019117252032 9.65315488179537 9.05992285410568
