data/working_set_collections/6091692-Cassins_Sparrow-MC/2000/bio15.asc
NCOLS 265 
NROWS 230 
XLLCORNER -115.5625 
YLLCORNER 24.8333333333333 
CELLSIZE 0.0833333333333333 
NODATA_value -9999 
[rows 180 to 199 of 230, columns 92 to 137 of 265]
110.459384451972 109.8620839013 109.264783350627 108.667482799954 108.070182249281 107.012490526835 105.801335080465 104.590179634094 103.379024187724 102.167868741354 100.956713294983 99.7455578486127 98.5400214725074 97.3513423071969 96.1626631418866 94.9739839765763 93.7853048112658 92.5966256459556 91.4079464806453 90.2192673153348 89.3290122350057 88.5382318496704 87.747451464335 86.9566710789998 86.1658906936645 85.3751103083291 84.5843299229939 83.9020534939234 83.5452889336478 83.1885243733722 82.8317598130966 82.474995252821 82.1182306925454 81.7614661322698 81.4047015719942 80.9719989776609 80.5139837053085 80.0559684329561 79.5979531606036 79.1399378882512 78.6819226158988 78.2239073435463 77.5755374484592 76.3561036851672 75.136669921875 73.9172361585829
110.116738255819 109.469630304972 108.822522354126 108.17541440328 107.528306452433 106.474794578553 105.285814730327 104.096834882101 102.907855033875 101.718875185649 100.529895337423 99.3409154891971 98.1841116587324 97.1238358815513 96.0635601043703 95.0032843271894 93.9430085500082 92.8827327728273 91.8224569956463 90.7621812184652 89.9770040512085 89.2835264205933 88.590048789978 87.8965711593628 87.2030935287475 86.5096158981322 85.816138267517 85.2123794555663 84.8777770996092 84.5431747436522 84.2085723876952 83.8739700317381 83.5393676757811 83.204765319824 82.870162963867 82.4385066986082 81.9744991302489 81.5104915618895 81.0464839935301 80.5824764251708 80.1184688568114 79.654461288452 78.9824920654297 77.6866378784181 76.3907836914063 75.0949295043946
109.774092059665 109.077176708645 108.380261357626 107.683346006606 106.986430655586 105.93709863027 104.770294380188 103.603490130107 102.436685880025 101.269881629944 100.103077379863 98.9362731297813 97.8282018449574 96.8963294559056 95.964457066854 95.0325846778024 94.1007122887506 93.168839899699 92.2369675106474 91.3050951215956 90.6249958674113 90.0288209915162 89.4326461156209 88.8364712397257 88.2402963638306 87.6441214879353 87.0479466120401 86.5227054172091 86.2102652655707 85.8978251139322 85.5853849622937 85.2729448106553 84.9605046590168 84.6480645073783 84.3356243557399 83.9050144195555 83.4350145551892 82.965014690823 82.4950148264566 82.0250149620903 81.555015097724 81.0850152333576 80.3894466824003 79.017172071669 77.6448974609376 76.2726228502063
109.431445863512 108.684723112318 107.938000361125 107.191277609931 106.444554858738 105.399402681987 104.25477403005 103.110145378113 101.965516726176 100.820888074239 99.6762594223025 98.5316307703657 97.4722920311824 96.66882303026 95.8653540293377 95.0618850284154 94.258416027493 93.4549470265707 92.6514780256484 91.848009024726 91.272987683614 90.7741155624389 90.2752434412637 89.7763713200886 89.2774991989135 88.7786270777383 88.2797549565632 87.8330313788518 87.5427534315319 87.252475484212 86.9621975368921 86.6719195895723 86.3816416422524 86.0913636949325 85.8010857476126 85.3715221405027 84.8955299801295 84.4195378197562 83.943545659383 83.4675534990097 82.9915613386365 82.5155691782631 81.7964012993707 80.3477062649199 78.8990112304687 77.4503161960179
109.088799667359 108.292269515991 107.495739364624 106.699209213257 105.90267906189 104.861706733704 103.739253679912 102.616800626119 101.494347572327 100.371894518535 99.2494414647422 98.12698841095 97.1163822174074 96.4413166046144 95.7662509918214 95.0911853790285 94.4161197662354 93.7410541534425 93.0659885406495 92.3909229278564 91.9209794998168 91.5194101333618 91.1178407669066 90.7162714004516 90.3147020339965 89.9131326675414 89.5115633010863 89.1433573404946 88.8752415974933 88.607125854492 88.3390101114907 88.0708943684894 87.8027786254881 87.5346628824868 87.2665471394855 86.83802986145 86.3560454050698 85.8740609486897 85.3920764923094 84.9100920359292 84.428107579549 83.9461231231688 83.2033559163413 81.6782404581708 80.153125 78.6280095418296
108.746153471205 107.899815919664 107.053478368124 106.207140816583 105.360803265042 104.324010785421 103.223733329773 102.123455874125 101.023178418478 99.9229009628299 98.822623507182 97.7223460515343 96.7604724036324 96.2138101789687 95.6671479543051 95.1204857296415 94.5738235049778 94.0271612803142 93.4804990556506 92.9338368309868 92.5689713160197 92.2647047042846 91.9604380925496 91.6561714808145 91.3519048690795 91.0476382573444 90.7433716456094 90.4536833021374 90.2077297634547 89.961776224772 89.7158226860893 89.4698691474066 89.2239156087238 88.9779620700411 88.7320085313584 88.3045375823974 87.8165608300102 87.3285840776231 86.8406073252359 86.3526305728488 85.8646538204616 85.3766770680744 84.6103105333118 83.0087746514217 81.4072387695313 79.8057028876412
108.171064334446 107.286434851753 106.40180536906 105.517175886366 104.632546403673 103.602616373698 102.524252827963 101.445889282227 100.367525736491 99.2891621907556 98.2107986450198 97.1324350992842 96.2158658769398 95.7846796247696 95.3534933725995 94.9223071204293 94.4911208682591 94.059934616089 93.6287483639189 93.1975621117486 92.907200050354 92.6637793858846 92.4203587214152 92.1769380569458 91.9335173924764 91.690096728007 91.4466760635376 91.2041526158651 90.9643208185832 90.7244890213013 90.4846572240194 90.2448254267375 90.0049936294556 89.7651618321737 89.5253300348918 89.1025751749675 88.6188459608291 88.1351167466906 87.6513875325521 87.1676583184137 86.6839291042753 86.2001998901368 85.4308796564741 83.8047863642379 82.1786930720014 80.5525997797651
107.36353225708 106.452126312256 105.540720367432 104.629314422608 103.717908477783 102.697523498536 101.64081217448 100.584100850423 99.5273895263675 98.4706782023116 97.4139668782555 96.3572555541995 95.4825626373293 95.1539249420167 94.8252872467042 94.4966495513918 94.1680118560792 93.8393741607667 93.5107364654542 93.1820987701416 92.9356657028199 92.7166341781617 92.4976026535034 92.2785711288452 92.059539604187 91.8405080795288 91.6214765548706 91.3947652816773 91.1450147628784 90.8952642440796 90.6455137252808 90.395763206482 90.1460126876831 89.8962621688843 89.6465116500855 89.2321426391602 88.7629007975261 88.293658955892 87.8244171142579 87.3551752726238 86.8859334309897 86.4166915893555 85.665063285828 84.0662755966191 82.4674879074099 80.868700218201
106.556000179715 105.61781777276 104.679635365804 103.741452958849 102.803270551894 101.792430623373 100.757371520996 99.72231241862 98.6872533162438 97.6521942138675 96.6171351114911 95.5820760091149 94.7492593977188 94.5231702592639 94.297081120809 94.0709919823542 93.8449028438993 93.6188137054444 93.3927245669896 93.1666354285346 92.9641313552857 92.7694889704387 92.5748465855916 92.3802042007447 92.1855618158976 91.9909194310506 91.7962770462036 91.5853779474894 91.3257087071737 91.0660394668579 90.8063702265422 90.5467009862265 90.2870317459107 90.0273625055949 89.7676932652792 89.3617101033529 88.9069556342232 88.4522011650934 87.9974466959636 87.5426922268339 87.0879377577041 86.6331832885743 85.8992469151818 84.3277648290002 82.7562827428184 81.1848006566369
105.74846810235 104.783509233263 103.818550364177 102.85359149509 101.888632626004 100.88733774821 99.8739308675134 98.8605239868167 97.8471171061201 96.8337102254236 95.8203033447268 94.8068964640303 94.0159561581084 93.8924155765111 93.7688749949139 93.6453344133166 93.5217938317194 93.3982532501221 93.2747126685249 93.1511720869276 92.9925970077515 92.8223437627157 92.6520905176799 92.4818372726441 92.3115840276082 92.1413307825724 91.9710775375366 91.7759906133016 91.506402651469 91.2368146896362 90.9672267278036 90.6976387659709 90.4280508041382 90.1584628423055 89.8888748804729 89.4912775675456 89.0510104709202 88.6107433742948 88.1704762776693 87.7302091810439 87.2899420844185 86.849674987793 86.1334305445356 84.5892540613814 83.0450775782269 81.5009010950727
104.940936024984 103.949200693767 102.957465362549 101.965730031332 100.973994700114 99.9822448730472 98.9904902140303 97.9987355550133 97.0069808959964 96.0152262369795 95.0234715779625 94.0317169189456 93.2826529184979 93.2616608937583 93.2406688690187 93.219676844279 93.1986848195395 93.1776927947999 93.1567007700603 93.1357087453207 93.0210626602173 92.8751985549927 92.7293344497681 92.5834703445435 92.4376062393189 92.2917421340942 92.1458780288696 91.9666032791138 91.6870965957642 91.4075899124146 91.128083229065 90.8485765457154 90.5690698623657 90.2895631790162 90.0100564956666 89.6208450317383 89.1950653076173 88.7692855834962 88.343505859375 87.917726135254 87.4919464111329 87.0661666870117 86.3676141738895 84.8507432937626 83.3338724136355 81.8170015335086
104.133403947619 103.11489215427 102.096380360922 101.077868567573 100.059356774224 99.0771519978844 98.1070495605472 97.1369471232099 96.1668446858727 95.1967422485355 94.2266398111982 93.2565373738609 92.5493496788874 92.6309062110054 92.7124627431234 92.7940192752415 92.8755758073595 92.9571323394776 93.0386888715956 93.1202454037136 93.0495283126831 92.9280533472697 92.8065783818563 92.6851034164429 92.5636284510295 92.442153485616 92.3206785202026 92.157215944926 91.8677905400595 91.5783651351929 91.2889397303264 90.9995143254599 90.7100889205933 90.4206635157268 90.1312381108602 89.750412495931 89.3391201443143 88.9278277926976 88.5165354410808 88.105243089464 87.6939507378473 87.2826583862305 86.6017978032433 85.1122325261438 83.622667249044 82.1331019719445
103.522170130412 102.487594223023 101.453018315633 100.418442408244 99.3838665008547 98.419997596741 97.4796976937191 96.539397790697 95.5990978876752 94.6587979846533 93.7184980816313 92.7781981786094 92.1059913847182 92.2380639182197 92.3701364517212 92.5022089852227 92.6342815187243 92.7663540522258 92.8984265857273 93.0304991192288 92.9644101460775 92.8322673373753 92.700124528673 92.5679817199708 92.4358389112685 92.3036961025663 92.171553293864 91.9987075805666 91.7037531534832 91.4087987263999 91.1138442993166 90.8188898722333 90.5239354451499 90.2289810180666 89.9340265909833 89.5706277847292 89.1844141854182 88.7982005861072 88.4119869867962 88.0257733874852 87.6395597881743 87.2533461888632 86.6101989110315 85.1962505976363 83.782302284241 82.3683539708458
103.107234573365 102.067306900025 101.027379226685 99.987451553345 98.9475238800051 98.0107816696169 97.108434613546 96.2060875574749 95.303740501404 94.4013934453331 93.499046389262 92.5966993331911 91.9525780359904 92.0831340154012 92.213689994812 92.3442459742228 92.4748019536336 92.6053579330444 92.7359139124552 92.8664698918661 92.7657081604005 92.5878405253093 92.4099728902182 92.232105255127 92.0542376200359 91.8763699849447 91.6985023498536 91.4910781860353 91.1949844360353 90.8988906860353 90.6027969360353 90.3067031860353 90.0106094360353 89.7145156860353 89.4184219360353 89.0814908981325 88.7309474309287 88.380403963725 88.0298604965211 87.6793170293174 87.3287735621136 86.9782300949098 86.3928174972537 85.1027975082401 83.8127775192263 82.5227575302127
102.692299016317 101.647019577027 100.601740137736 99.5564606984459 98.5111812591554 97.6015657424929 96.7371715333729 95.8727773242528 95.0083831151328 94.1439889060129 93.2795946968928 92.4152004877728 91.7991646872626 91.9282041125827 92.0572435379028 92.1862829632229 92.315322388543 92.4443618138631 92.5734012391832 92.7024406645033 92.5670061747234 92.3434137132434 92.1198212517633 91.8962287902833 91.6726363288033 91.4490438673232 91.2254514058432 90.983448791504 90.6862157185874 90.3889826456707 90.091749572754 89.7945164998374 89.4972834269207 89.200050354004 88.9028172810874 88.5923540115358 88.2774806764392 87.9626073413426 87.647734006246 87.3328606711495 87.0179873360529 86.7031140009563 86.1754360834761 85.0093444188439 83.8432527542116 82.6771610895795
102.27736345927 101.226732254029 100.176101048788 99.1254698435469 98.0748386383059 97.1923498153689 96.3659084531998 95.5394670910307 94.7130257288617 93.8865843666927 93.0601430045235 92.2337016423545 91.6457513385349 91.7732742097643 91.9007970809937 92.028319952223 92.1558428234524 92.2833656946818 92.4108885659112 92.5384114371406 92.3683041890463 92.0989869011774 91.8296696133085 91.5603523254396 91.2910350375707 91.0217177497017 90.7524004618328 90.4758193969728 90.1774470011395 89.8790746053061 89.5807022094728 89.2823298136395 88.9839574178061 88.6855850219728 88.3872126261395 88.1032171249391 87.8240139219498 87.5448107189604 87.265607515971 86.9864043129816 86.7072011099923 86.4279979070029 85.9580546696984 84.9158913294477 83.8737279891969 82.8315646489463
101.862427902222 100.80644493103 99.7504619598391 98.6944789886478 97.6384960174562 96.7831338882448 95.9946453730268 95.2061568578086 94.4176683425905 93.6291798273724 92.8406913121543 92.0522027969362 91.4923379898071 91.6183443069458 91.7443506240845 91.8703569412232 91.9963632583618 92.1223695755005 92.2483758926392 92.3743822097778 92.1696022033692 91.8545600891114 91.5395179748536 91.2244758605958 90.909433746338 90.5943916320802 90.2793495178224 89.9681900024416 89.6686782836916 89.3691665649416 89.0696548461916 88.7701431274416 88.4706314086915 88.1711196899415 87.8716079711916 87.6140802383424 87.3705471674603 87.1270140965781 86.8834810256959 86.6399479548137 86.3964148839316 86.1528818130494 85.7406732559207 84.8224382400516 83.9042032241823 82.9859682083132
101.447492345174 100.386157608032 99.3248228708905 98.2634881337487 97.2021533966066 96.3739179611208 95.6233822928537 94.8728466245864 94.1223109563193 93.3717752880522 92.621239619785 91.8707039515179 91.3389246410794 91.4634144041273 91.5879041671753 91.7123939302233 91.8368836932712 91.9613734563192 92.0858632193671 92.2103529824151 91.9709002176922 91.6101332770455 91.2493663363987 90.8885993957521 90.5278324551054 90.1670655144587 89.806298573812 89.4605606079103 89.1599095662437 88.859258524577 88.5586074829103 88.2579564412436 87.957305399577 87.6566543579103 87.3560033162436 87.1249433517457 86.9170804129708 86.7092174741958 86.5013545354208 86.2934915966459 86.0856286578709 85.8777657190959 85.523291842143 84.7289851506553 83.9346784591676 83.14037176768
101.59432381524 100.533323584663 99.4723233540853 98.4113231235081 97.3503228929307 96.5341240564982 95.7995256847806 95.0649273130628 94.3303289413452 93.5957305696276 92.8611321979098 92.1265338261922 91.5979223251341 91.6872714360554 91.7766205469766 91.8659696578978 91.9553187688191 92.0446678797403 92.1340169906615 92.2233661015828 91.9505853652954 91.5570946799385 91.1636039945815 90.7701133092245 90.3766226238675 89.9831319385105 89.5896412531536 89.2233320660062 88.9385673734878 88.6538026809693 88.3690379884508 88.0842732959324 87.7995086034139 87.5147439108955 87.229979218377 87.0272786458333 86.8519327799479 86.6765869140625 86.501241048177 86.3258951822916 86.1505493164062 85.9752034505208 85.6681486553617 84.965967072381 84.2637854894002 83.5616039064196
102.302922312419 101.247942860921 100.192963409424 99.1379839579265 98.083004506429 97.2637521743774 96.5230755488078 95.7823989232381 95.0417222976685 94.3010456720988 93.5603690465291 92.8196924209595 92.2693310419717 92.2899154027302 92.3104997634887 92.3310841242472 92.3516684850056 92.3722528457641 92.3928372065226 92.4134215672811 92.1086576461792 91.6954442977906 91.2822309494019 90.8690176010132 90.4558042526246 90.0425909042359 89.6293775558472 89.2565043767294 89.004651705424 88.7527990341187 88.5009463628134 88.249093691508 87.9972410202026 87.7453883488973 87.493535677592 87.3210861206054 87.1751042683919 87.0291224161784 86.8831405639648 86.7371587117513 86.5911768595377 86.4451950073242 86.175243695577 85.5333840052288 84.8915243148804 84.2496646245321
