data/working_set_collections/6091692-Cassins_Sparrow-MC/2000/bio2.asc
NCOLS 265 
NROWS 230 
XLLCORNER -115.5625 
YLLCORNER 24.8333333333333 
CELLSIZE 0.0833333333333333 
NODATA_value -9999 
[rows 40 to 59 of 230, columns 184 to 229 of 265]
13.9978542804718 13.9641258716583 13.9303974628449 13.8844856023788 13.834512591362 13.7845395803452 13.7345665693283 13.6845935583115 13.6346205472946 13.5846475362778 13.5361334005992 13.4919958909353 13.4478583812714 13.4037208716075 13.3595833619436 13.3154458522797 13.2713083426158 13.2271708329519 13.1895141839981 13.1540178219477 13.1185214598974 13.083025097847 13.0475287357966 13.0120323737462 12.9765360116959 12.943066628774 12.9156781832377 12.8882897377014 12.8609012921651 12.8335128466288 12.8061244010925 12.7787359555562 12.7513475100199 12.7361053466797 12.7249119440715 12.7137185414632 12.702525138855 12.6913317362468 12.6801383336385 12.6689449310303 12.6596894582113 12.6562477747599 12.6528060913086 12.6493644078573 12.6459227244059 12.6424810409546
14.0359469890594 14.0009387069278 13.9659304247962 13.9177759091059 13.8652393155628 13.8127027220196 13.7601661284765 13.7076295349333 13.6550929413902 13.602556347847 13.5513419946035 13.5040943622589 13.4568467299144 13.4095990975698 13.3623514652252 13.3151038328807 13.2678562005361 13.2206085681915 13.1805844068527 13.1429680691825 13.1053517315123 13.0677353938421 13.0301190561719 12.9925027185016 12.9548863808314 12.9201857566834 12.8942322731018 12.8682787895203 12.8423253059387 12.8163718223572 12.7904183387756 12.7644648551941 12.7385113716126 12.7227289835612 12.7103369606866 12.697944937812 12.6855529149373 12.6731608920627 12.6607688691881 12.6483768463135 12.6385444853041 12.6363911098904 12.6342377344767 12.632084359063 12.6299309836494 12.6277776082357
14.0668283541997 14.0315012799369 13.9961742056741 13.9469240109126 13.8930327759849 13.8391415410572 13.7852503061295 13.7313590712018 13.6774678362741 13.6235766013463 13.5707396109899 13.5210653543472 13.4713910977046 13.4217168410619 13.3720425844193 13.3223683277766 13.2726940711339 13.2230198144913 13.1814417203267 13.1425623469883 13.1036829736498 13.0648036003113 13.0259242269728 12.9870448536343 12.9481654802958 12.9127967384127 12.8879598908954 12.8631230433782 12.838286195861 12.8134493483437 12.7886125008265 12.7637756533093 12.7389388057921 12.7223829905192 12.7085875193278 12.6947920481364 12.680996576945 12.6672011057536 12.6534056345622 12.6396101633708 12.6286894294951 12.6263929075665 12.6240963856379 12.6217998637093 12.6195033417808 12.6172068198522
14.0904983758926 14.0558135906855 14.0211288054784 13.9719299077988 13.9178929726283 13.8638560374578 13.8098191022873 13.7557821671168 13.7017452319463 13.6477082967758 13.5943262497584 13.5429088672002 13.491491484642 13.4400741020838 13.3886567195257 13.3372393369675 13.2858219544093 13.2344045718511 13.1920861244202 13.152800655365 13.1135151863098 13.0742297172546 13.0349442481995 12.9956587791443 12.9563733100891 12.9208995739619 12.8968610366186 12.8728224992752 12.8487839619319 12.8247454245885 12.8007068872452 12.7766683499018 12.7526298125585 12.7350673675537 12.7196636199951 12.7042598724365 12.6888561248779 12.6734523773193 12.6580486297607 12.6426448822022 12.6301242907842 12.6262531677882 12.6223820447922 12.6185109217962 12.6146397988002 12.6107686758041
14.1141683975856 14.0801259014342 14.0460834052828 13.996935804685 13.9427531692717 13.8885705338584 13.8343878984451 13.7802052630319 13.7260226276186 13.6718399922053 13.6179128885269 13.5647523800532 13.5115918715795 13.4584313631058 13.4052708546321 13.3521103461584 13.2989498376846 13.2457893292109 13.2027305285136 13.1630389637417 13.1233473989699 13.083655834198 13.0439642694261 13.0042727046543 12.9645811398824 12.9290024095111 12.9057621823417 12.8825219551722 12.8592817280028 12.8360415008333 12.8128012736638 12.7895610464944 12.7663208193249 12.7477517445882 12.7307397206624 12.7137276967367 12.6967156728109 12.6797036488851 12.6626916249593 12.6456796010335 12.6315591520733 12.6261134280099 12.6206677039464 12.615221979883 12.6097762558195 12.6043305317561
14.1378384192785 14.1044382121828 14.0710380050871 14.0219417015712 13.9676133659151 13.913285030259 13.858956694603 13.8046283589469 13.7503000232909 13.6959716876348 13.6414995272954 13.5865958929062 13.531692258517 13.4767886241277 13.4218849897385 13.3669813553492 13.31207772096 13.2571740865708 13.213374932607 13.1732772721185 13.1331796116299 13.0930819511414 13.0529842906528 13.0128866301643 12.9727889696757 12.9371052450604 12.9146633280648 12.8922214110692 12.8697794940737 12.8473375770781 12.8248956600825 12.8024537430869 12.7800118260913 12.7604361216227 12.7418158213298 12.7231955210368 12.7045752207438 12.6859549204509 12.6673346201579 12.6487143198649 12.6329940133625 12.6259736882316 12.6189533631007 12.6119330379698 12.6049127128389 12.597892387708
14.1615084409714 14.1287505229314 14.0959926048915 14.0469475984573 13.9924735625585 13.9379995266597 13.8835254907608 13.829051454862 13.7745774189631 13.7201033830643 13.665086166064 13.6084394057592 13.5517926454544 13.4951458851496 13.4384991248449 13.3818523645401 13.3252056042353 13.2685588439306 13.2240193367004 13.1835155804952 13.14301182429 13.1025080680847 13.0620043118795 13.0215005556742 12.980996799469 12.9452080806096 12.9235644737879 12.9019208669662 12.8802772601446 12.8586336533229 12.8369900465012 12.8153464396795 12.7937028328578 12.7731204986572 12.7528919219971 12.7326633453369 12.7124347686768 12.6922061920166 12.6719776153565 12.6517490386963 12.6344288746516 12.6258339484533 12.6172390222549 12.6086440960566 12.6000491698583 12.59145424366
14.1851784626643 14.15306283368 14.1209472046958 14.0719534953435 14.0173337592019 13.9627140230603 13.9080942869186 13.853474550777 13.7988548146354 13.7442350784938 13.6886728048325 13.6302829186122 13.5718930323919 13.5135031461716 13.4551132599513 13.396723373731 13.3383334875107 13.2799436012904 13.2346637407939 13.1937538888719 13.15284403695 13.1119341850281 13.0710243331062 13.0301144811842 12.9892046292623 12.9533109161589 12.9324656195111 12.9116203228633 12.8907750262154 12.8699297295676 12.8490844329198 12.828239136272 12.8073938396242 12.7858048756917 12.7639680226644 12.742131169637 12.7202943166097 12.6984574635824 12.676620610555 12.6547837575277 12.6358637359407 12.625694208675 12.6155246814092 12.6053551541434 12.5951856268777 12.5850160996119
14.1909438451131 14.1595570246379 14.1281702041626 14.0807103872299 14.0278929048114 13.975075422393 13.9222579399745 13.869440457556 13.8166229751375 13.763805492719 13.7094948371252 13.6507046620051 13.5919144868851 13.533124311765 13.474334136645 13.415543961525 13.3567537864049 13.2979636112849 13.2532812198003 13.2133014228609 13.1733216259215 13.133341828982 13.0933620320426 13.0533822351032 13.0134024381638 12.9781994978587 12.9573271274567 12.9364547570546 12.9155823866526 12.8947100162506 12.8738376458486 12.8529652754466 12.8320929050446 12.8083118200302 12.7835611634784 12.7588105069266 12.7340598503749 12.7093091938231 12.6845585372713 12.6598078807195 12.638445854187 12.6272497177124 12.6160535812378 12.6048574447632 12.5936613082886 12.582465171814
14.1788045883179 14.1482330958049 14.1176616032918 14.0732182741165 14.0241509993871 13.9750837246577 13.9260164499283 13.8769491751989 13.8278819004695 13.7788146257401 13.727552262942 13.669704635938 13.611857008934 13.55400938193 13.4961617549261 13.4383141279221 13.3804665009181 13.3226188739141 13.2798717737198 13.2421581824621 13.2044445912043 13.1667309999466 13.1290174086889 13.0913038174311 13.0535902261734 13.019873825709 12.9981489976247 12.9764241695404 12.9546993414561 12.9329745133718 12.9112496852875 12.8895248572032 12.8678000291189 12.8406413316727 12.8116713444392 12.7827013572057 12.7537313699722 12.7247613827388 12.6957913955053 12.6668214082718 12.6421752293905 12.6305004755656 12.6188257217407 12.6071509679159 12.595476214091 12.5838014602661
14.1666653315226 14.1369091669719 14.1071530024211 14.0657261610031 14.0204090939628 13.9750920269225 13.9297749598821 13.8844578928418 13.8391408258014 13.7938237587611 13.7456096887589 13.6887046098709 13.631799530983 13.574894452095 13.5179893732071 13.4610842943192 13.4041792154312 13.3472741365433 13.3064623276393 13.2710149420632 13.2355675564872 13.2001201709112 13.1646727853351 13.1292253997591 13.093778014183 13.0615481535594 13.0389708677928 13.0163935820262 12.9938162962596 12.971239010493 12.9486617247264 12.9260844389598 12.9035071531932 12.8729708433151 12.8397815254 12.8065922074848 12.7734028895696 12.7402135716544 12.7070242537393 12.6738349358241 12.6459046045939 12.6337512334188 12.6215978622437 12.6094444910685 12.5972911198934 12.5851377487183
14.1545260747274 14.1255852381388 14.0966444015503 14.0582340478897 14.0166671885385 13.9751003291872 13.9335334698359 13.8919666104847 13.8503997511334 13.8088328917821 13.7636671145757 13.7077045838038 13.6517420530319 13.59577952226 13.5398169914882 13.4838544607163 13.4278919299444 13.3719293991725 13.3330528815587 13.2998717016644 13.2666905217701 13.2335093418757 13.2003281619814 13.167146982087 13.1339658021927 13.1032224814097 13.0797927379608 13.0563629945119 13.032933251063 13.0095035076141 12.9860737641652 12.9626440207164 12.9392142772675 12.9053003549576 12.8678917063607 12.8304830577638 12.793074409167 12.7556657605701 12.7182571119732 12.6808484633764 12.6496339797974 12.637001991272 12.6243700027466 12.6117380142212 12.5991060256958 12.5864740371704
14.1423868179321 14.1142613093058 14.0861358006795 14.0507419347763 14.0129252831141 13.9751086314519 13.9372919797897 13.8994753281276 13.8616586764654 13.8238420248032 13.7817245403926 13.7267045577367 13.6716845750809 13.616664592425 13.5616446097692 13.5066246271133 13.4516046444575 13.3965846618017 13.3596434354782 13.3287284612656 13.2978134870529 13.2668985128403 13.2359835386276 13.205068564415 13.1741535902023 13.14489680926 13.1206146081289 13.0963324069977 13.0720502058665 13.0477680047353 13.0234858036041 12.9992036024729 12.9749214013418 12.9376298666 12.8960018873215 12.8543739080429 12.8127459287643 12.7711179494858 12.7294899702072 12.6878619909287 12.6533633550008 12.6402527491252 12.6271421432495 12.6140315373739 12.6009209314982 12.5878103256226
14.1302475611369 14.1029373804728 14.0756271998088 14.0432498216629 14.0091833776898 13.9751169337167 13.9410504897436 13.9069840457704 13.8729176017973 13.8388511578242 13.7997819662094 13.7457045316696 13.6916270971298 13.63754966259 13.5834722280502 13.5293947935104 13.4753173589707 13.4212399244309 13.3862339893977 13.3575852208667 13.3289364523358 13.3002876838048 13.2716389152739 13.2429901467429 13.214341378212 13.1865711371104 13.1614364782969 13.1363018194834 13.11116716067 13.0860325018565 13.060897843043 13.0357631842295 13.0106285254161 12.9699593782425 12.9241120682822 12.878264758322 12.8324174483617 12.7865701384015 12.7407228284412 12.6948755184809 12.6570927302043 12.6435035069784 12.6299142837524 12.6163250605265 12.6027358373006 12.5891466140747
14.1329837560654 14.1056311792798 14.0782786024941 14.0465051094691 14.0132579776976 13.9800108459261 13.9467637141546 13.9135165823831 13.8802694506115 13.84702231884 13.8086740838157 13.7550225390328 13.70137099425 13.6477194494671 13.5940679046843 13.5404163599014 13.4867648151186 13.4331132703357 13.3992071946462 13.3718829419878 13.3445586893294 13.3172344366709 13.2899101840125 13.2625859313541 13.2352616786957 13.20856426292 13.1837473577923 13.1589304526647 13.1341135475371 13.1092966424094 13.0844797372818 13.0596628321542 13.0348459270265 12.9908623059591 12.9404897795783 12.8901172531976 12.8397447268168 12.7893722004361 12.7389996740553 12.6886271476746 12.6473759200838 12.633488588863 12.6196012576421 12.6057139264213 12.5918265952004 12.5779392639796
14.1505954027176 14.1223427057266 14.0940900087357 14.0605077981949 14.0251490831375 13.9897903680801 13.9544316530228 13.9190729379654 13.883714222908 13.8483555078507 13.8084008932114 13.7546585798264 13.7009162664414 13.6471739530563 13.5934316396713 13.5396893262863 13.4859470129013 13.4322046995163 13.3985630512238 13.3716216246287 13.3446801980337 13.3177387714386 13.2907973448436 13.2638559182485 13.2369144916534 13.2108761866887 13.1875472466151 13.1642183065414 13.1408893664678 13.1175604263941 13.0942314863205 13.0709025462468 13.0475736061732 13.0003386497498 12.9451350212097 12.8899313926697 12.8347277641296 12.7795241355896 12.7243205070496 12.6691168785095 12.6242129246394 12.610207994779 12.5962030649185 12.5821981350581 12.5681932051977 12.5541882753372
14.1682070493698 14.1390542321735 14.1099014149772 14.0745104869207 14.0370401885774 13.9995698902342 13.962099591891 13.9246292935477 13.8871589952045 13.8496886968613 13.8081277026071 13.7542946206199 13.7004615386327 13.6466284566456 13.5927953746584 13.5389622926712 13.485129210684 13.4312961286969 13.3979189078013 13.3713603072696 13.3448017067379 13.3182431062063 13.2916845056746 13.2651259051429 13.2385673046112 13.2131881104575 13.1913471354379 13.1695061604182 13.1476651853985 13.1258242103789 13.1039832353592 13.0821422603395 13.0603012853199 13.0098149935405 12.9497802628411 12.8897455321418 12.8297108014425 12.7696760707432 12.7096413400438 12.6496066093445 12.601049929195 12.586927400695 12.5728048721949 12.5586823436949 12.5445598151949 12.5304372866948
14.185818696022 14.1557657586204 14.1257128212187 14.0885131756465 14.0489312940174 14.0093494123883 13.9697675307592 13.9301856491301 13.890603767501 13.8510218858719 13.8078545120027 13.7539306614134 13.7000068108241 13.6460829602348 13.5921591096454 13.5382352590561 13.4843114084668 13.4303875578775 13.3972747643789 13.3710989899106 13.3449232154422 13.3187474409739 13.2925716665056 13.2663958920373 13.240220117569 13.2155000342263 13.1951470242606 13.1747940142949 13.1544410043293 13.1340879943636 13.1137349843979 13.0933819744322 13.0730289644665 13.0192913373311 12.9544255044725 12.8895596716139 12.8246938387553 12.7598280058967 12.6949621730381 12.6300963401795 12.5778869337506 12.563646806611 12.5494066794713 12.5351665523317 12.5209264251921 12.5066862980525
14.2034303426743 14.1724772850672 14.1415242274602 14.1025158643723 14.0608223994573 14.0191289345423 13.9774354696274 13.9357420047124 13.8940485397975 13.8523550748825 13.8075813213984 13.7535667022069 13.6995520830155 13.645537463824 13.5915228446325 13.537508225441 13.4834936062495 13.429478987058 13.3966306209564 13.3708376725515 13.3450447241465 13.3192517757416 13.2934588273366 13.2676658789317 13.2418729305267 13.2178119579951 13.1989469130834 13.1800818681717 13.16121682326 13.1423517783483 13.1234867334366 13.1046216885249 13.0857566436132 13.0287676811218 12.9590707461039 12.889373811086 12.8196768760681 12.7499799410502 12.6802830060323 12.6105860710144 12.5547239383062 12.540366212527 12.5260084867477 12.5116507609685 12.4972930351893 12.4829353094101
14.2210419893265 14.1891888115141 14.1573356337018 14.116518553098 14.0727135048972 14.0289084566964 13.9851034084956 13.9412983602948 13.897493312094 13.8536882638931 13.8073081307941 13.7532027430005 13.6990973552068 13.6449919674132 13.5908865796195 13.5367811918259 13.4826758040322 13.4285704162386 13.395986477534 13.3705763551924 13.3451662328508 13.3197561105092 13.2943459881677 13.2689358658261 13.2435257434845 13.2201238817639 13.2027468019062 13.1853697220484 13.1679926421907 13.150615562333 13.1332384824753 13.1158614026176 13.0984843227598 13.0382440249125 12.9637159877353 12.8891879505582 12.814659913381 12.7401318762038 12.6656038390266 12.5910758018494 12.5315609428618 12.517085618443 12.5026102940242 12.4881349696053 12.4736596451865 12.4591843207677
