data/working_set_collections/6091692-Cassins_Sparrow-MC/2000/bio2.asc
NCOLS 265 
NROWS 230 
XLLCORNER -115.5625 
YLLCORNER 24.8333333333333 
CELLSIZE 0.0833333333333333 
NODATA_value -9999 
[rows 80 to 99 of 230, columns 138 to 183 of 265]
15.6820510281457 15.7132805347443 15.7445100413428 15.7757395479414 15.7681703726451 15.7476683033837 15.7271662341224 15.7066641648611 15.6861620955997 15.6656600263384 15.645157957077 15.6228364388148 15.5950565735499 15.567276708285 15.5394968430201 15.5117169777552 15.4839371124903 15.4561572472254 15.4283773819606 15.4250659306844 15.4299106174045 15.4347553041246 15.4395999908447 15.4444446775648 15.4492893642849 15.454134051005 15.4514859490924 15.4263594812817 15.401233013471 15.3761065456602 15.3509800778495 15.3258536100388 15.300727142228 15.2756006744173 15.2330481290817 15.1846868912379 15.1363256533941 15.0879644155502 15.0396031777064 14.9912419398626 14.9428807020187 14.8953410837385 14.8502663241492 14.8051915645599 14.7601168049706 14.7150420453813
15.6073981550005 15.6311908245087 15.6549834940169 15.6787761635251 15.6800988992055 15.6739316569434 15.6677644146813 15.6615971724192 15.6554299301571 15.649262687895 15.6430954456329 15.6323748509089 15.6079941987991 15.5836135466894 15.5592328945796 15.5348522424698 15.51047159036 15.4860909382502 15.4617102861404 15.458430926005 15.4621853298611 15.4659397337172 15.4696941375732 15.4734485414293 15.4772029452854 15.4809573491414 15.4776105589337 15.4529601865345 15.4283098141352 15.403659441736 15.3790090693368 15.3543586969376 15.3297083245383 15.3050579521391 15.2637241601944 15.2168292284012 15.169934296608 15.1230393648148 15.0761444330216 15.0292495012283 14.9823545694351 14.9363853719499 14.8931933773889 14.8500013828278 14.8068093882667 14.7636173937056
15.5327452818553 15.5491011142731 15.5654569466909 15.5818127791087 15.592027425766 15.6001950105031 15.6083625952403 15.6165301799774 15.6246977647146 15.6328653494517 15.6410329341888 15.641913263003 15.6209318240484 15.5999503850937 15.578968946139 15.5579875071844 15.5370060682297 15.516024629275 15.4950431903203 15.4917959213257 15.4944600423177 15.4971241633097 15.4997882843018 15.5024524052938 15.5051165262858 15.5077806472778 15.5037351687749 15.4795608917872 15.4553866147995 15.4312123378118 15.4070380608241 15.3828637838364 15.3586895068487 15.3345152298609 15.2944001913071 15.2489715655645 15.2035429398219 15.1581143140793 15.1126856883367 15.0672570625941 15.0218284368515 14.9774296601613 14.9361204306285 14.8948112010956 14.8535019715627 14.8121927420298
15.4580924087101 15.4670114040375 15.4759303993649 15.4848493946923 15.5039559523265 15.5264583640628 15.5489607757992 15.5714631875356 15.593965599272 15.6164680110084 15.6389704227447 15.6514516750972 15.6338694492976 15.616287223498 15.5987049976985 15.5811227718989 15.5635405460993 15.5459583202998 15.5283760945002 15.5251609166463 15.5267347547743 15.5283085929023 15.5298824310303 15.5314562691583 15.5330301072862 15.5346039454142 15.5298597786162 15.50616159704 15.4824634154638 15.4587652338876 15.4350670523114 15.4113688707352 15.387670689159 15.3639725075828 15.3250762224197 15.2811139027278 15.2371515830358 15.1931892633438 15.1492269436518 15.1052646239599 15.0613023042679 15.0184739483727 14.9790474838681 14.9396210193634 14.9001945548587 14.8607680903541
15.4147393465042 15.4139818429947 15.4132243394852 15.4124668359757 15.4348370631536 15.464916533894 15.4949960046344 15.5250754753749 15.5551549461153 15.5852344168557 15.6153138875961 15.6350346247355 15.6236791610718 15.612323697408 15.6009682337443 15.5896127700806 15.5782573064168 15.5669018427531 15.5555463790894 15.5525434891383 15.5523247904248 15.5521060917113 15.5518873929977 15.5516686942842 15.5514499955707 15.5512312968572 15.5455987268024 15.5237245427238 15.5018503586451 15.4799761745665 15.4581019904878 15.4362278064092 15.4143536223306 15.3924794382519 15.3526042699814 15.3067287736469 15.2608532773124 15.2149777809779 15.1691022846434 15.1232267883089 15.0773512919744 15.0326691865921 14.9915672540665 14.9504653215408 14.9093633890152 14.8682614564896
15.4026860952377 15.3900124311447 15.3773387670517 15.3646651029587 15.3846707582474 15.4155695199966 15.4464682817459 15.4773670434952 15.5082658052444 15.5391645669937 15.570063328743 15.5926621119181 15.5903609593709 15.5880598068237 15.5857586542765 15.5834575017293 15.5811563491821 15.5788551966349 15.5765540440877 15.5739436388016 15.5712301492691 15.5685166597366 15.5658031702042 15.5630896806717 15.5603761911392 15.5576627016068 15.5509520133336 15.5322497288386 15.5135474443436 15.4948451598485 15.4761428753535 15.4574405908585 15.4387383063634 15.4200360218684 15.376984333992 15.3258161783218 15.2746480226517 15.2234798669815 15.1723117113113 15.1211435556412 15.069975399971 15.0200153748194 14.9736797412237 14.9273441076279 14.8810084740321 14.8346728404363
15.3906328439713 15.3660430192947 15.3414531946182 15.3168633699417 15.3345044533412 15.3662225060993 15.3979405588574 15.4296586116155 15.4613766643736 15.4930947171317 15.5248127698898 15.5502895991008 15.5570427576701 15.5637959162394 15.5705490748088 15.5773022333781 15.5840553919474 15.5908085505168 15.5975617090861 15.5953437884649 15.5901355081134 15.584927227762 15.5797189474106 15.5745106670592 15.5693023867077 15.5640941063563 15.5563052998649 15.5407749149534 15.525244530042 15.5097141451306 15.4941837602192 15.4786533753077 15.4631229903963 15.4475926054849 15.4013643980026 15.3449035829968 15.288442767991 15.2319819529851 15.1755211379793 15.1190603229735 15.0625995079676 15.0073615630468 14.9557922283809 14.9042228937149 14.852653559049 14.8010842243831
15.3785795927048 15.3420736074448 15.3055676221848 15.2690616369248 15.284338148435 15.3168754922019 15.3494128359689 15.3819501797358 15.4144875235028 15.4470248672697 15.4795622110367 15.5079170862834 15.5237245559692 15.5395320256551 15.555339495341 15.5711469650269 15.5869544347127 15.6027619043986 15.6185693740845 15.6167439381282 15.6090408669578 15.6013377957874 15.593634724617 15.5859316534466 15.5782285822762 15.5705255111059 15.5616585863961 15.5493001010683 15.5369416157405 15.5245831304126 15.5122246450848 15.499866159757 15.4875076744292 15.4751491891013 15.4257444620133 15.3639909876718 15.3022375133303 15.2404840389888 15.1787305646473 15.1169770903058 15.0552236159643 14.9947077512741 14.937904715538 14.881101679802 14.8242986440659 14.7674956083298
15.3665263414383 15.3181041955948 15.2696820497513 15.2212599039078 15.2341718435288 15.2675284783045 15.3008851130803 15.3342417478561 15.3675983826319 15.4009550174077 15.4343116521835 15.465544573466 15.4904063542684 15.5152681350708 15.5401299158732 15.5649916966756 15.589853477478 15.6147152582804 15.6395770390828 15.6381440877914 15.6279462258021 15.6177483638128 15.6075505018234 15.5973526398341 15.5871547778447 15.5769569158554 15.5670118729273 15.5578252871831 15.5486387014389 15.5394521156947 15.5302655299505 15.5210789442062 15.511892358462 15.5027057727178 15.4501245260239 15.3830783923467 15.3160322586696 15.2489861249924 15.1819399913152 15.1148938576381 15.0478477239609 14.9820539395015 14.9200172026952 14.857980465889 14.7959437290828 14.7339069922765
15.3544730901718 15.2941347837448 15.2337964773178 15.1734581708908 15.1840055386225 15.2181814644072 15.2523573901918 15.2865333159765 15.3207092417611 15.3548851675457 15.3890610933304 15.4231720606486 15.4570881525675 15.4910042444865 15.5249203364054 15.5588364283244 15.5927525202433 15.6266686121623 15.6605847040812 15.6595442374547 15.6468515846464 15.6341589318381 15.6214662790298 15.6087736262216 15.5960809734133 15.583388320605 15.5723651594586 15.566350473298 15.5603357871373 15.5543211009767 15.5483064148161 15.5422917286555 15.5362770424949 15.5302623563343 15.4745045900345 15.4021657970217 15.3298270040088 15.257488210996 15.1851494179832 15.1128106249703 15.0404718319575 14.9694001277288 14.9021296898524 14.834859251976 14.7675888140996 14.7003183762233
15.3860565397475 15.3254523595174 15.2648481792874 15.2042439990574 15.2127330780029 15.2442532433404 15.2757734086778 15.3072935740153 15.3388137393527 15.3703339046902 15.4018540700277 15.4344741556379 15.4703940020667 15.5063138484955 15.5422336949242 15.578153541353 15.6140733877818 15.6499932342105 15.6859130806393 15.6841795523961 15.6698948992623 15.6556102461285 15.6413255929947 15.6270409398609 15.6127562867271 15.5984716335932 15.5858214404848 15.5780746274524 15.5703278144201 15.5625810013877 15.5548341883553 15.547087375323 15.5393405622906 15.5315937492583 15.4749991178513 15.4021218803194 15.3292446427875 15.2563674052556 15.1834901677238 15.1106129301919 15.03773569266 14.9654797050688 14.8950874672996 14.8246952295303 14.7543029917611 14.6839107539919
15.4612766901652 15.4120569229126 15.36283715566 15.3136173884074 15.3203544616699 15.3457438151041 15.3711331685384 15.3965225219726 15.4219118754069 15.4473012288411 15.4726905822754 15.499450858434 15.5303239027659 15.5611969470978 15.5920699914296 15.6229430357615 15.6538160800934 15.6846891244252 15.7155621687571 15.7120500326157 15.6970761696498 15.6821023066839 15.667128443718 15.6521545807521 15.6371807177862 15.6222068548203 15.607380716006 15.5929977496465 15.578614783287 15.5642318169276 15.5498488505681 15.5354658842087 15.5210829178492 15.5066999514898 15.4516081094742 15.3829466422399 15.3142851750056 15.2456237077713 15.176962240537 15.1083007733027 15.0396393060684 14.9702926715215 14.8988905350367 14.827488398552 14.7560862620672 14.6846841255824
15.536496840583 15.4986614863078 15.4608261320326 15.4229907777574 15.4279758453369 15.4472343868679 15.466492928399 15.48575146993 15.505010011461 15.5242685529921 15.5435270945231 15.5644275612301 15.5902538034651 15.6160800457001 15.641906287935 15.66773253017 15.693558772405 15.71938501464 15.7452112568749 15.7399205128352 15.7242574400372 15.7085943672392 15.6929312944412 15.6772682216432 15.6616051488453 15.6459420760473 15.6289399915271 15.6079208718406 15.586901752154 15.5658826324675 15.5448635127809 15.5238443930944 15.5028252734078 15.4818061537213 15.4282171010971 15.3637714041604 15.2993257072237 15.234880010287 15.1704343133503 15.1059886164136 15.0415429194768 14.9751056379742 14.9026936027739 14.8302815675736 14.7578695323732 14.6854574971729
15.6117169910007 15.585266049703 15.5588151084052 15.5323641671075 15.5355972290039 15.5487249586317 15.5618526882595 15.5749804178874 15.5881081475152 15.601235877143 15.6143636067708 15.6294042640262 15.6501837041643 15.6709631443024 15.6917425844404 15.7125220245785 15.7333014647166 15.7540809048547 15.7748603449927 15.7677909930547 15.7514387104246 15.7350864277946 15.7187341451645 15.7023818625344 15.6860295799043 15.6696772972743 15.6504992670483 15.6228439940347 15.595188721021 15.5675334480074 15.5398781749937 15.5122229019801 15.4845676289664 15.4569123559528 15.40482609272 15.3445961660809 15.2843662394418 15.2241363128026 15.1639063861635 15.1036764595244 15.0434465328852 14.9799186044269 14.9064966705111 14.8330747365952 14.7596528026793 14.6862308687634
15.6869371414184 15.6718706130981 15.6568040847778 15.6417375564575 15.6432186126709 15.6502155303955 15.6572124481201 15.6642093658447 15.6712062835693 15.6782032012939 15.6852001190185 15.6943809668223 15.7101136048635 15.7258462429047 15.7415788809458 15.757311518987 15.7730441570282 15.7887767950694 15.8045094331105 15.7956614732742 15.7786199808121 15.7615784883499 15.7445369958878 15.7274955034256 15.7104540109634 15.6934125185013 15.6720585425695 15.6377671162287 15.603475689888 15.5691842635473 15.5348928372065 15.5006014108658 15.4663099845251 15.4320185581843 15.381435084343 15.3254209280014 15.2694067716599 15.2133926153183 15.1573784589768 15.1013643026352 15.0453501462937 14.9847315708796 14.9102997382482 14.8358679056168 14.7614360729853 14.6870042403539
15.7621572918362 15.7584751764933 15.7547930611504 15.7511109458076 15.7508399963379 15.7517061021593 15.7525722079807 15.7534383138021 15.7543044196235 15.7551705254449 15.7560366312663 15.7593576696184 15.7700435055627 15.780729341507 15.7914151774512 15.8021010133955 15.8127868493398 15.8234726852841 15.8341585212284 15.8235319534938 15.8058012511995 15.7880705489053 15.770339846611 15.7526091443168 15.7348784420225 15.7171477397283 15.6936178180907 15.6526902384228 15.611762658755 15.5708350790872 15.5299074994193 15.4889799197515 15.4480523400837 15.4071247604158 15.3580440759659 15.3062456899219 15.254447303878 15.202648917834 15.15085053179 15.099052145746 15.0472537597021 14.9895445373323 14.9141028059854 14.8386610746384 14.7632193432914 14.6877776119444
15.8176455789142 15.8232453743617 15.8288451698091 15.8344449652566 15.834846607844 15.8335155328115 15.8321844577789 15.8308533827464 15.8295223077138 15.8281912326813 15.8268601576487 15.827588250902 15.8344938490126 15.8413994471232 15.8483050452338 15.8552106433444 15.8621162414551 15.8690218395657 15.8759274376763 15.8618873357773 15.840865333875 15.8198433319728 15.7988213300705 15.7777993281682 15.756777326266 15.7357553243637 15.7081254376306 15.6606718964047 15.6132183551788 15.565764813953 15.5183112727271 15.4708577315013 15.4234041902754 15.3759506490496 15.3272126277288 15.2780464463764 15.228880265024 15.1797140836716 15.1305479023192 15.0813817209668 15.0322155396144 14.9768977562587 14.903125166893 14.8293525775274 14.7555799881617 14.6818073987961
15.8534020026525 15.8661812067032 15.8789604107539 15.8917396148046 15.8952384471893 15.8956438223521 15.8960491975148 15.8964545726776 15.8968599478404 15.8972653230031 15.8976706981659 15.899072710673 15.9034646352132 15.9078565597534 15.9122484842936 15.9166404088338 15.921032333374 15.9254242579142 15.9298161824544 15.9107276201248 15.8838122288386 15.8568968375524 15.8299814462662 15.80306605498 15.7761506636938 15.7492352724075 15.7155814011892 15.6617120901744 15.6078427791596 15.5539734681447 15.5001041571299 15.4462348461151 15.3923655351003 15.3384962240855 15.2889407396317 15.2408231973648 15.192705655098 15.1445881128311 15.0964705705643 15.0483530282974 15.0002354860306 14.9467912276586 14.8773668209712 14.8079424142838 14.7385180075964 14.6690936009089
15.8891584263907 15.9091170390447 15.9290756516986 15.9490342643526 15.9556302865346 15.9577721118927 15.9599139372508 15.9620557626088 15.9641975879669 15.966339413325 15.9684812386831 15.9705571704441 15.9724354214138 15.9743136723836 15.9761919233534 15.9780701743232 15.979948425293 15.9818266762627 15.9837049272325 15.9595679044723 15.9267591238022 15.893950343132 15.8611415624619 15.8283327817917 15.7955240011215 15.7627152204514 15.7230373647478 15.662752283944 15.6024672031403 15.5421821223365 15.4818970415328 15.421611960729 15.3613268799252 15.3010417991215 15.2506688515345 15.2035999483533 15.156531045172 15.1094621419907 15.0623932388094 15.0153243356281 14.9682554324468 14.9166846990586 14.8516084750494 14.7865322510402 14.721456027031 14.6563798030218
15.924914850129 15.9520528713862 15.9791908926434 16.0063289139006 16.0160221258799 16.0199004014333 16.0237786769867 16.0276569525401 16.0315352280935 16.0354135036468 16.0392917792002 16.0420416302151 16.0414062076145 16.0407707850138 16.0401353624132 16.0394999398125 16.0388645172119 16.0382290946113 16.0375936720106 16.0084081888199 15.9697060187658 15.9310038487117 15.8923016786575 15.8535995086034 15.8148973385493 15.7761951684952 15.7304933283064 15.6637924777137 15.597091627121 15.5303907765283 15.4636899259356 15.3969890753428 15.3302882247501 15.2635873741574 15.2123969634374 15.1663766993417 15.120356435246 15.0743361711502 15.0283159070545 14.9822956429588 14.936275378863 14.8865781704585 14.8258501291275 14.7651220877965 14.7043940464656 14.6436660051346
