data/working_set_collections/6091692-Cassins_Sparrow-MC/2000/bio2.asc
NCOLS 265 
NROWS 230 
XLLCORNER -115.5625 
YLLCORNER 24.8333333333333 
CELLSIZE 0.0833333333333333 
NODATA_value -9999 
[rows 100 to 119 of 230, columns 184 to 229 of 265]
14.5745723485947 14.5181924899419 14.4618126312892 14.3853524208069 14.3021987597148 14.2190450986227 14.1358914375305 14.0527377764384 13.9695841153463 13.8864304542542 13.8035345077515 13.7214117050171 13.6392889022827 13.5571660995484 13.475043296814 13.3929204940796 13.3107976913452 13.2286748886109 13.1768997192383 13.135240427653 13.0935811360677 13.0519218444824 13.0102625528972 12.9686032613119 12.9269439697266 12.8865378618241 12.8498913049698 12.8132447481156 12.7765981912613 12.7399516344071 12.7033050775528 12.6666585206986 12.6300119638443 12.610785651207 12.597366086642 12.5839465220769 12.5705269575119 12.5571073929469 12.5436878283819 12.5302682638168 12.5058975537618 12.4486734072368 12.3914492607117 12.3342251141866 12.2770009676616 12.2197768211365
14.5662067333857 14.5141750574112 14.4621433814367 14.3865494728089 14.3031014866299 14.219653500451 14.1362055142721 14.0527575280931 13.9693095419142 13.8858615557353 13.8022690878974 13.7182431750828 13.6342172622681 13.5501913494534 13.4661654366388 13.3821395238241 13.2981136110094 13.2140876981947 13.1593643188477 13.1144084506565 13.0694525824653 13.0244967142741 12.9795408460829 12.9345849778917 12.8896291097005 12.8463449239731 12.8080757856369 12.7698066473007 12.7315375089646 12.6932683706284 12.6549992322922 12.616730093956 12.5784609556198 12.5637950181961 12.5569968144099 12.5501986106237 12.5434004068375 12.5366022030513 12.529803999265 12.5230057954788 12.5037618319194 12.4471805890401 12.3905993461609 12.3340181032817 12.2774368604024 12.2208556175232
14.5802234808604 14.5296711126963 14.4791187445323 14.402689798673 14.3176353269153 14.2325808551577 14.1475263834 14.0624719116423 13.9774174398846 13.8923629681269 13.8071448220147 13.7214356528388 13.6357264836629 13.5500173144871 13.4643081453112 13.3785989761353 13.2928898069594 13.2071806377835 13.1509906291962 13.1046403408051 13.058290052414 13.0119397640228 12.9655894756317 12.9192391872406 12.8728888988495 12.8281874789132 12.7884326643414 12.7486778497696 12.7089230351978 12.669168220626 12.6294134060542 12.5896585914824 12.5499037769106 12.5353852907817 12.5292789141337 12.5231725374858 12.5170661608378 12.5109597841899 12.5048534075419 12.498747030894 12.480416446262 12.4254132376777 12.3704100290934 12.3154068205092 12.2604036119249 12.2054004033407
14.6166225910187 14.5646806557973 14.512738720576 14.4337733983994 14.345800280571 14.2578271627426 14.1698540449143 14.0818809270859 13.9939078092575 13.9059346914292 13.8181617101034 13.7309891382853 13.6438165664673 13.5566439946493 13.4694714228312 13.3822988510132 13.2951262791952 13.2079537073771 13.1517786502838 13.1059360980988 13.0600935459137 13.0142509937286 12.9684084415436 12.9225658893585 12.8767233371735 12.8320655266444 12.7909619410833 12.7498583555222 12.708754769961 12.6676511843999 12.6265475988388 12.5854440132777 12.5443404277166 12.5255564689636 12.5142123858134 12.5028683026632 12.4915242195129 12.4801801363627 12.4688360532125 12.4574919700623 12.4358613967896 12.3833713531494 12.3308813095093 12.2783912658692 12.225901222229 12.1734111785889
14.653021701177 14.5996901988983 14.5463586966197 14.4648569981257 14.3739652342267 14.2830734703276 14.1921817064285 14.1012899425295 14.0103981786304 13.9195064147314 13.829178598192 13.7405426237318 13.6519066492717 13.5632706748115 13.4746347003513 13.3859987258911 13.297362751431 13.2087267769708 13.1525666713715 13.1072318553925 13.0618970394135 13.0165622234345 12.9712274074555 12.9258925914765 12.8805577754974 12.8359435743756 12.7934912178252 12.7510388612747 12.7085865047243 12.6661341481739 12.6236817916234 12.581229435073 12.5387770785226 12.5157276471456 12.4991458574931 12.4825640678406 12.4659822781881 12.4494004885356 12.4328186988831 12.4162369092306 12.3913063473172 12.3413294686212 12.2913525899251 12.2413757112291 12.1913988325331 12.1414219538371
14.6894208113353 14.6346997419993 14.5799786726634 14.4959405978521 14.4021301878823 14.3083197779126 14.2145093679428 14.1206989579731 14.0268885480033 13.9330781380336 13.8401954862807 13.7500961091784 13.659996732076 13.5698973549737 13.4797979778714 13.3896986007691 13.2995992236667 13.2094998465644 13.1533546924591 13.1085276126862 13.0637005329132 13.0188734531403 12.9740463733673 12.9292192935944 12.8843922138214 12.8398216221068 12.796020494567 12.7522193670273 12.7084182394876 12.6646171119478 12.6208159844081 12.5770148568683 12.5332137293286 12.5058988253276 12.4840793291728 12.462259833018 12.4404403368632 12.4186208407084 12.3968013445536 12.3749818483989 12.3467512978448 12.2992875840929 12.251823870341 12.2043601565891 12.1568964428372 12.1094327290853
14.7258199214935 14.6697092851003 14.6135986487071 14.5270241975784 14.430295141538 14.3335660854976 14.2368370294571 14.1401079734167 14.0433789173762 13.9466498613358 13.8512123743693 13.7596495946249 13.6680868148804 13.5765240351359 13.4849612553915 13.393398475647 13.3018356959025 13.2102729161581 13.1541427135468 13.1098233699799 13.065504026413 13.0211846828461 12.9768653392792 12.9325459957123 12.8882266521454 12.843699669838 12.7985497713089 12.7533998727799 12.7082499742508 12.6631000757218 12.6179501771927 12.5728002786636 12.5276503801346 12.4960700035095 12.4690128008525 12.4419555981954 12.4148983955383 12.3878411928813 12.3607839902242 12.3337267875671 12.3021962483724 12.2572456995646 12.2122951507569 12.1673446019491 12.1223940531413 12.0774435043335
14.7622190316518 14.7047188282013 14.6472186247508 14.5581077973048 14.4584600951937 14.3588123930825 14.2591646909714 14.1595169888603 14.0598692867491 13.960221584638 13.862229262458 13.7692030800714 13.6761768976847 13.5831507152981 13.4901245329115 13.3970983505249 13.3040721681383 13.2110459857517 13.1549307346344 13.1111191272736 13.0673075199127 13.0234959125519 12.979684305191 12.9358726978302 12.8920610904694 12.8475777175692 12.8010790480508 12.7545803785324 12.7080817090141 12.6615830394957 12.6150843699773 12.568585700459 12.5220870309406 12.4862411816915 12.4539462725322 12.4216513633728 12.3893564542135 12.3570615450541 12.3247666358948 12.2924717267354 12.2576411989 12.2152038150364 12.1727664311727 12.130329047309 12.0878916634454 12.0454542795817
14.7817159175873 14.7235048876869 14.6652938577864 14.5752848943075 14.4746766196357 14.374068344964 14.2734600702922 14.1728517956204 14.0722435209486 13.9716352462769 13.8729390939077 13.7799793084463 13.6870195229848 13.5940597375234 13.501099952062 13.4081401666006 13.3151803811391 13.2222205956777 13.1660234451294 13.1220805062188 13.0781375673082 13.0341946283976 12.990251689487 12.9463087505765 12.9023658116659 12.8577655792236 12.8111934661865 12.7646213531494 12.7180492401123 12.6714771270752 12.6249050140381 12.578332901001 12.5317607879639 12.4904683113098 12.4509357134501 12.4114031155904 12.3718705177307 12.332337919871 12.2928053220113 12.2532727241516 12.2141933414671 12.1764736043082 12.1387538671494 12.1010341299905 12.0633143928316 12.0255946556727
14.7843105792999 14.7260674635569 14.6678243478139 14.5785554885864 14.4789447148641 14.3793339411418 14.2797231674195 14.1801123936971 14.0805016199748 13.9808908462525 13.8833418687185 13.7919782797496 13.7006146907807 13.6092511018117 13.5178875128428 13.4265239238739 13.335160334905 13.2437967459361 13.1874208450317 13.1427075068156 13.0979941685995 13.0532808303833 13.0085674921672 12.963854153951 12.9191408157349 12.8742632548014 12.8288930257162 12.7835227966309 12.7381525675456 12.6927823384603 12.647412109375 12.6020418802897 12.5566716512044 12.5087513923645 12.4599811236064 12.4112108548482 12.3624405860901 12.313670317332 12.2649000485738 12.2161297798157 12.1718526760737 12.1410550673803 12.1102574586868 12.0794598499934 12.0486622413 12.0178646326065
14.7869052410126 14.728630039427 14.6703548378415 14.5818260828654 14.4832128100925 14.3845995373196 14.2859862645467 14.1873729917738 14.088759719001 13.990146446228 13.8937446435293 13.8039772510529 13.7142098585765 13.6244424661001 13.5346750736237 13.4449076811473 13.3551402886709 13.2653728961945 13.2088182449341 13.1633345074124 13.1178507698907 13.072367032369 13.0268832948473 12.9813995573256 12.9359158198039 12.8907609303792 12.8465925852458 12.8024242401123 12.7582558949788 12.7140875498454 12.6699192047119 12.6257508595785 12.581582514445 12.5270344734192 12.4690265337626 12.4110185941061 12.3530106544495 12.2950027147929 12.2369947751363 12.1789868354798 12.1295120106803 12.1056365304523 12.0817610502243 12.0578855699963 12.0340100897683 12.0101346095403
14.7894999027252 14.7311926152971 14.672885327869 14.5850966771444 14.4874809053209 14.3898651334975 14.292249361674 14.1946335898506 14.0970178180271 13.9994020462036 13.9041474183401 13.8159762223562 13.7278050263723 13.6396338303884 13.5514626344045 13.4632914384206 13.3751202424367 13.2869490464529 13.2302156448364 13.1839615080092 13.1377073711819 13.0914532343547 13.0451990975274 12.9989449607002 12.9526908238729 12.907258605957 12.8642921447754 12.8213256835938 12.7783592224121 12.7353927612305 12.6924263000488 12.6494598388672 12.6064933776856 12.5453175544739 12.4780719439189 12.4108263333639 12.3435807228089 12.2763351122538 12.2090895016988 12.1418438911438 12.0871713452869 12.0702179935243 12.0532646417618 12.0363112899992 12.0193579382367 12.0024045864741
14.7920945644379 14.7337551911672 14.6754158178965 14.5883672714234 14.4917490005493 14.3951307296753 14.2985124588013 14.2018941879273 14.1052759170533 14.0086576461792 13.9145501931509 13.8279751936595 13.7414001941681 13.6548251946767 13.5682501951854 13.481675195694 13.3951001962026 13.3085251967112 13.2516130447388 13.204588508606 13.1575639724732 13.1105394363403 13.0635149002075 13.0164903640747 12.9694658279419 12.9237562815348 12.881991704305 12.8402271270752 12.7984625498454 12.7566979726156 12.7149333953857 12.6731688181559 12.6314042409261 12.5636006355286 12.4871173540751 12.4106340726217 12.3341507911682 12.2576675097148 12.1811842282613 12.1047009468079 12.0448306798935 12.0347994565964 12.0247682332993 12.0147370100021 12.004705786705 11.9946745634079
14.7946892261505 14.7363177670373 14.6779463079241 14.5916378657023 14.4960170957777 14.4003963258532 14.3047755559286 14.209154786004 14.1135340160794 14.0179132461548 13.9249529679616 13.8399741649628 13.7549953619639 13.6700165589651 13.5850377559662 13.5000589529673 13.4150801499685 13.3301013469696 13.2730104446411 13.2252155092028 13.1774205737644 13.129625638326 13.0818307028876 13.0340357674493 12.9862408320109 12.9402539571126 12.8996912638346 12.8591285705566 12.8185658772787 12.7780031840007 12.7374404907227 12.6968777974447 12.6563151041667 12.5818837165833 12.4961627642314 12.4104418118795 12.3247208595276 12.2389999071757 12.1532789548238 12.0675580024719 12.0024900145001 11.9993809196684 11.9962718248367 11.9931627300051 11.9900536351734 11.9869445403417
14.7802295128505 14.7243161069022 14.668402700954 14.5840432723363 14.4902018361622 14.396360399988 14.3025189638138 14.2086775276396 14.1148360914654 14.0209946552913 13.9297310007943 13.8462006913291 13.7626703818639 13.6791400723987 13.5956097629335 13.5120794534683 13.4285491440031 13.345018834538 13.2882902622223 13.2404956022898 13.1927009423574 13.1449062824249 13.0971116224925 13.04931696256 13.0015223026276 12.9557044082218 12.915816810396 12.8759292125702 12.8360416147444 12.7961540169186 12.7562664190928 12.716378821267 12.6764912234412 12.5968920548757 12.5040556960636 12.4112193372515 12.3183829784393 12.2255466196272 12.1327102608151 12.039873902003 11.970005191697 11.9690394269096 11.9680736621221 11.9671078973346 11.9661421325472 11.9651763677597
14.7487154245377 14.697750210762 14.6467849969864 14.5655834913254 14.4743032217026 14.3830229520798 14.291742682457 14.2004624128342 14.1091821432114 14.0179018735886 13.9288842916489 13.8466547727585 13.7644252538681 13.6821957349777 13.5999662160874 13.517736697197 13.4355071783066 13.3532776594162 13.2974524974823 13.2504287878672 13.2034050782522 13.1563813686371 13.109357659022 13.062333949407 13.0153102397919 12.9701076348623 12.9303683439891 12.8906290531159 12.8508897622426 12.8111504713694 12.7714111804962 12.731671889623 12.6919325987498 12.6086256504059 12.5107961495718 12.4129666487376 12.3151371479035 12.2173076470693 12.1194781462352 12.021648645401 11.9473762114843 11.9437749783198 11.9401737451553 11.9365725119909 11.9329712788264 11.9293700456619
14.7172013362249 14.6711843146218 14.6251672930188 14.5471237103144 14.458404607243 14.3696855041716 14.2809664011002 14.1922472980288 14.1035281949573 14.0148090918859 13.9280375825034 13.8471088541879 13.7661801258723 13.6852513975567 13.6043226692412 13.5233939409256 13.44246521261 13.3615364842945 13.3066147327423 13.2603619734446 13.2141092141469 13.1678564548492 13.1216036955516 13.0753509362539 13.0290981769562 12.9845108615028 12.9449198775821 12.9053288936615 12.8657379097409 12.8261469258203 12.7865559418996 12.746964957979 12.7073739740584 12.6203592459361 12.5175366030799 12.4147139602238 12.3118913173676 12.2090686745114 12.1062460316552 12.0034233887991 11.9247472312715 11.9185105297301 11.9122738281886 11.9060371266471 11.8998004251056 11.8935637235642
14.6856872479121 14.6446184184816 14.6035495890512 14.5286639293035 14.4425059927835 14.3563480562634 14.2701901197434 14.1840321832233 14.0978742467033 14.0117163101832 13.927190873358 13.8475629356173 13.7679349978765 13.6883070601358 13.608679122395 13.5290511846542 13.4494232469135 13.3697953091728 13.3157769680023 13.270295159022 13.2248133500417 13.1793315410614 13.1338497320811 13.0883679231008 13.0428861141205 12.9989140881433 12.9594714111752 12.9200287342072 12.8805860572391 12.8411433802711 12.801700703303 12.762258026335 12.7228153493669 12.6320928414663 12.5242770565881 12.4164612717099 12.3086454868317 12.2008297019535 12.0930139170753 11.9851981321971 11.9021182510588 11.8932460811403 11.8843739112218 11.8755017413033 11.8666295713849 11.8577574014664
14.6541731595993 14.6180525223414 14.5819318850835 14.5102041482926 14.4266073783239 14.3430106083552 14.2594138383866 14.1758170684179 14.0922202984492 14.0086235284805 13.9263441642126 13.8480170170466 13.7696898698807 13.6913627227148 13.6130355755488 13.5347084283829 13.456381281217 13.378054134051 13.3249392032623 13.2802283445994 13.2355174859365 13.1908066272736 13.1460957686106 13.1013849099477 13.0566740512848 13.0133173147837 12.9740229447683 12.9347285747528 12.8954342047374 12.8561398347219 12.8168454647064 12.777551094691 12.7382567246755 12.6438264369965 12.5310175100963 12.418208583196 12.3053996562958 12.1925907293956 12.0797818024954 11.9669728755951 11.8794892708461 11.8679816325506 11.8564739942551 11.8449663559596 11.8334587176641 11.8219510793686
14.6226590712865 14.5914866262012 14.5603141811159 14.4917443672816 14.4107087638643 14.329673160447 14.2486375570297 14.1676019536125 14.0865663501952 14.0055307467779 13.9254974550671 13.848471098476 13.7714447418849 13.6944183852938 13.6173920287027 13.5403656721115 13.4633393155204 13.3863129589293 13.3341014385223 13.2901615301768 13.2462216218313 13.2022817134857 13.1583418051402 13.1144018967946 13.0704619884491 13.0277205414242 12.9885744783614 12.9494284152985 12.9102823522356 12.8711362891727 12.8319902261098 12.7928441630469 12.7536980999841 12.6555600325267 12.5377579636044 12.4199558946822 12.3021538257599 12.1843517568377 12.0665496879154 11.9487476189931 11.8568602906333 11.8427171839608 11.8285740772883 11.8144309706158 11.8002878639433 11.7861447572708
