data/working_set_collections/6091692-Cassins_Sparrow-MC/2000/bio2.asc
NCOLS 265 
NROWS 230 
XLLCORNER -115.5625 
YLLCORNER 24.8333333333333 
CELLSIZE 0.0833333333333333 
NODATA_value -9999 
[rows 60 to 79 of 230, columns 46 to 91 of 265]
13.6310598691304 13.6195940123664 13.6081281556023 13.5966622988383 13.5851964420742 13.5737305853102 13.6521876811981 13.7606190946367 13.8690505080753 13.9774819215139 14.0859133349524 14.194344748391 14.3027761618296 14.3823709646861 14.3754559357961 14.3685409069061 14.3616258780162 14.3547108491262 14.3477958202362 14.3408807913462 14.3339657624563 14.3235991954803 14.3120821158091 14.3005650361379 14.2890479564667 14.2775308767955 14.2660137971242 14.254496717453 14.2539247115453 14.2861879269282 14.3184511423111 14.350714357694 14.3829775730769 14.4152407884598 14.4475040038427 14.4797672192256 14.4943148930868 14.5029573864407 14.5115998797947 14.5202423731486 14.5288848665026 14.5375273598565 14.5461698532104 14.5507986678018 14.5433864461051 14.5359742244085
13.7191714286804 13.7127767880758 13.7063821474711 13.6999875068664 13.6935928662618 13.6871982256571 13.7531893253326 13.8433090051015 13.9334286848704 14.0235483646393 14.1136680444081 14.203787724177 14.2939074039459 14.361158100764 14.3598018487295 14.358445596695 14.3570893446604 14.3557330926259 14.3543768405914 14.3530205885569 14.3516643365224 14.3364546298981 14.3166271050771 14.2967995802561 14.2769720554352 14.2571445306142 14.2373170057933 14.2174894809723 14.2092004855474 14.2355270783107 14.2618536710739 14.2881802638372 14.3145068566005 14.3408334493637 14.367160042127 14.3934866348903 14.4166711807251 14.4388083775838 14.4609455744426 14.4830827713013 14.50521996816 14.5273571650187 14.5494943618774 14.5641073147456 14.556147535642 14.5481877565384
13.8072829882304 13.8059595637851 13.8046361393399 13.8033127148946 13.8019892904493 13.8006658660041 13.8541909694671 13.9259989155663 13.9978068616655 14.0696148077647 14.1414227538638 14.213230699963 14.2850386460622 14.3399452368418 14.3441477616628 14.3483502864838 14.3525528113047 14.3567553361257 14.3609578609467 14.3651603857676 14.3693629105886 14.3493100643158 14.3211720943451 14.2930341243744 14.2648961544037 14.236758184433 14.2086202144623 14.1804822444916 14.1644762595495 14.1848662296931 14.2052561998367 14.2256461699804 14.246036140124 14.2664261102676 14.2868160804113 14.3072060505549 14.3390274683634 14.3746593687269 14.4102912690904 14.4459231694539 14.4815550698174 14.5171869701809 14.5528188705444 14.5774159616894 14.5689086251789 14.5604012886683
13.8953945477803 13.8991423394945 13.9028901312086 13.9066379229228 13.9103857146369 13.914133506351 13.9551926136017 14.0086888260311 14.0621850384606 14.1156812508901 14.1691774633196 14.222673675749 14.2761698881785 14.3187323729197 14.3284936745961 14.3382549762726 14.348016277949 14.3577775796254 14.3675388813019 14.3773001829783 14.3870614846547 14.3621654987335 14.3257170836131 14.2892686684926 14.2528202533722 14.2163718382518 14.1799234231313 14.1434750080109 14.1197520335515 14.1342053810755 14.1486587285996 14.1631120761236 14.1775654236476 14.1920187711716 14.2064721186956 14.2209254662196 14.2613837560018 14.3105103598701 14.3596369637383 14.4087635676066 14.4578901714749 14.5070167753431 14.5561433792114 14.5907246086333 14.5816697147157 14.5726148207982
13.9835061073303 13.9923251152038 14.0011441230774 14.0099631309509 14.0187821388244 14.027601146698 14.0561942577362 14.091378736496 14.1265632152557 14.1617476940155 14.1969321727753 14.232116651535 14.2673011302948 14.2975195089976 14.3128395875295 14.3281596660614 14.3434797445933 14.3587998231252 14.3741199016571 14.389439980189 14.4047600587209 14.3750209331513 14.3302620728811 14.2855032126109 14.2407443523407 14.1959854920705 14.1512266318003 14.1064677715302 14.0750278075536 14.083544532458 14.0920612573624 14.1005779822668 14.1090947071711 14.1176114320755 14.1261281569799 14.1346448818843 14.1837400436401 14.2463613510132 14.3089826583862 14.3716039657593 14.4342252731323 14.4968465805054 14.5594678878784 14.6040332555771 14.5944308042526 14.5848283529282
14.0716176668803 14.0855078909132 14.0993981149461 14.1132883389791 14.127178563012 14.1410687870449 14.1571959018707 14.1740686469608 14.1909413920508 14.2078141371409 14.224686882231 14.241559627321 14.2584323724111 14.2763066450755 14.2971855004628 14.3180643558502 14.3389432112376 14.359822066625 14.3807009220123 14.4015797773997 14.4224586327871 14.387876367569 14.3348070621491 14.2817377567291 14.2286684513092 14.1755991458893 14.1225298404694 14.0694605350495 14.0303035815557 14.0328836838404 14.0354637861252 14.0380438884099 14.0406239906947 14.0432040929794 14.0457841952642 14.0483642975489 14.1060963312785 14.1822123421563 14.2583283530341 14.3344443639119 14.4105603747898 14.4866763856676 14.5627923965454 14.6173419025209 14.6071918937895 14.5970418850581
14.099915822347 14.1193748050266 14.1388337877062 14.1582927703857 14.1777517530653 14.1972107357449 14.2085116545359 14.2170932186974 14.225674782859 14.2342563470205 14.242837911182 14.2514194753435 14.260001039505 14.2715753290388 14.2921277946896 14.3126802603404 14.3332327259911 14.3537851916419 14.3743376572927 14.3948901229435 14.4154425885942 14.3797420342763 14.3252904733022 14.2708389123281 14.216387351354 14.1619357903799 14.1074842294057 14.0530326684316 14.0119985474481 14.0112167464362 14.0104349454244 14.0096531444126 14.0088713434007 14.0080895423889 14.0073077413771 14.0065259403653 14.0556876738866 14.1214972522524 14.1873068306181 14.2531164089839 14.3189259873496 14.3847355657154 14.4505451440811 14.4987551424239 14.4941664006975 14.4895776589712
14.0684005737305 14.0939258575439 14.1194511413574 14.1449764251709 14.1705017089844 14.1960269927978 14.2101415157318 14.2204524517059 14.2307633876801 14.2410743236542 14.2513852596283 14.2616961956024 14.2720071315765 14.2833255608876 14.2976664702098 14.3120073795319 14.326348288854 14.3406891981761 14.3550301074982 14.3693710168203 14.3837119261424 14.3506179332733 14.3017123063406 14.2528066794078 14.203901052475 14.1549954255422 14.1060897986094 14.0571841716766 14.0201127052307 14.0185437202454 14.01697473526 14.0154057502747 14.0138367652893 14.012267780304 14.0106987953186 14.0091298103333 14.0325140714645 14.0642160813014 14.0959180911382 14.127620100975 14.1593221108119 14.1910241206487 14.2227261304856 14.2482729752859 14.2553543249766 14.2624356746674
14.0368853251139 14.0684769100613 14.1000684950087 14.131660079956 14.1632516649034 14.1948432498508 14.2117713769277 14.2238116847144 14.2358519925011 14.2478923002879 14.2599326080746 14.2719729158613 14.2840132236481 14.2950757927365 14.3032051457299 14.3113344987233 14.3194638517168 14.3275932047102 14.3357225577037 14.3438519106971 14.3519812636905 14.3214938322703 14.2781341393789 14.2347744464874 14.191414753596 14.1480550607046 14.1046953678131 14.0613356749217 14.0282268630134 14.0258706940545 14.0235145250956 14.0211583561367 14.0188021871779 14.016446018219 14.0140898492601 14.0117336803012 14.0093404690425 14.0069349103504 14.0045293516583 14.0021237929662 13.9997182342741 13.9973126755821 13.99490711689 13.9977908081479 14.0165422492557 14.0352936903636
14.0053700764974 14.0430279625787 14.0806858486599 14.1183437347412 14.1560016208225 14.1936595069038 14.2134012381236 14.2271709177229 14.2409405973223 14.2547102769216 14.2684799565209 14.2822496361203 14.2960193157196 14.3068260245853 14.3087438212501 14.3106616179148 14.3125794145796 14.3144972112444 14.3164150079091 14.3183328045739 14.3202506012387 14.2923697312673 14.2545559724172 14.2167422135671 14.178928454717 14.1411146958669 14.1033009370168 14.0654871781667 14.036341020796 14.0331976678636 14.0300543149312 14.0269109619988 14.0237676090664 14.020624256134 14.0174809032016 14.0143375502692 13.9861668666204 13.9496537393994 13.9131406121784 13.8766274849574 13.8401143577364 13.8036012305154 13.7670881032944 13.7473086410099 13.7777301735348 13.8081517060598
13.9738548278809 14.017579015096 14.0613032023112 14.1050273895264 14.1487515767415 14.1924757639567 14.2150310993195 14.2305301507314 14.2460292021433 14.2615282535553 14.2770273049672 14.2925263563792 14.3080254077911 14.3185762564341 14.3142824967702 14.3099887371063 14.3056949774424 14.3014012177785 14.2971074581146 14.2928136984507 14.2885199387868 14.2632456302643 14.2309778054555 14.1987099806468 14.166442155838 14.1341743310293 14.1019065062205 14.0696386814117 14.0444551785787 14.0405246416728 14.0365941047668 14.0326635678609 14.028733030955 14.0248024940491 14.0208719571432 14.0169414202372 13.9629932641983 13.8923725684484 13.8217518726985 13.7511311769486 13.6805104811987 13.6098897854488 13.5392690896988 13.4968264738719 13.538918097814 13.581009721756
13.9423395792643 13.9921300676134 14.0419205559625 14.0917110443115 14.1415015326606 14.1912920210097 14.2166609605153 14.2338893837399 14.2511178069644 14.268346230189 14.2855746534136 14.3028030766381 14.3200314998627 14.3303264882829 14.3198211722904 14.3093158562978 14.2988105403052 14.2883052243127 14.2777999083201 14.2672945923276 14.256789276335 14.2341215292613 14.2073996384939 14.1806777477264 14.153955856959 14.1272339661916 14.1005120754242 14.0737901846568 14.0525693363614 14.0478516154819 14.0431338946025 14.038416173723 14.0336984528436 14.0289807319641 14.0242630110847 14.0195452902052 13.9398196617762 13.8350913974974 13.7303631332186 13.6256348689398 13.5209066046609 13.4161783403821 13.3114500761033 13.2463443067339 13.3001060220931 13.3538677374522
13.9705123106638 14.0214971171485 14.0724819236331 14.1234667301178 14.1744515366024 14.2254363430871 14.2516688664754 14.2696506288316 14.2876323911879 14.3056141535441 14.3235959159003 14.3415776782566 14.3595594406128 14.3698510434892 14.3570721679264 14.3442932923635 14.3315144168006 14.3187355412377 14.3059566656748 14.293177790112 14.2803989145491 14.2621320724487 14.2420359081692 14.2219397438897 14.2018435796102 14.1817474153307 14.1616512510511 14.1415550867716 14.1241136789322 14.1146365404129 14.1051594018936 14.0956822633743 14.086205124855 14.0767279863357 14.0672508478165 14.0577737092972 13.9615698099136 13.836456990242 13.7113441705704 13.5862313508988 13.4611185312271 13.3360057115555 13.2108928918839 13.1332579347822 13.1980565653907 13.2628551959991
14.0583730220794 14.1056801637014 14.1529873053233 14.2002944469452 14.2476015885671 14.294908730189 14.3200548171997 14.3378138860067 14.3555729548136 14.3733320236206 14.3910910924276 14.4088501612345 14.4266092300415 14.437149922053 14.4260354836782 14.4149210453033 14.4038066069285 14.3926921685537 14.3815777301788 14.370463291804 14.3593488534291 14.3472772598266 14.3348866144816 14.3224959691365 14.3101053237915 14.2977146784464 14.2853240331014 14.2729333877563 14.2590882062912 14.2408794164657 14.2226706266403 14.2044618368149 14.1862530469894 14.168044257164 14.1498354673386 14.1316266775131 14.0282437086105 13.8964693466822 13.7646949847539 13.6329206228256 13.5011462608973 13.369371898969 13.2375975370407 13.1575673580169 13.2327697277069 13.3079720973968
14.1462337334951 14.1898632102542 14.2334926870134 14.2771221637726 14.3207516405317 14.3643811172909 14.388440767924 14.4059771431817 14.4235135184394 14.4410498936971 14.4585862689548 14.4761226442125 14.4936590194702 14.5044488006168 14.49499879943 14.4855487982432 14.4760987970564 14.4666487958696 14.4571987946828 14.447748793496 14.4382987923092 14.4324224472046 14.427737320794 14.4230521943834 14.4183670679728 14.4136819415622 14.4089968151516 14.404311688741 14.3940627336502 14.3671222925186 14.340181851387 14.3132414102554 14.2863009691238 14.2593605279922 14.2324200868607 14.2054796457291 14.0949176073074 13.9564817031225 13.8180457989375 13.6796098947525 13.5411739905676 13.4027380863826 13.2643021821976 13.1818767812517 13.2674828900231 13.3530889987945
14.2340944449107 14.2740462568071 14.3139980687035 14.3539498806 14.3939016924964 14.4338535043928 14.4568267186483 14.4741404003567 14.4914540820651 14.5087677637736 14.526081445482 14.5433951271905 14.5607088088989 14.5717476791806 14.5639621151818 14.5561765511831 14.5483909871843 14.5406054231856 14.5328198591868 14.525034295188 14.5172487311893 14.5175676345825 14.5205880271064 14.5236084196302 14.5266288121541 14.529649204678 14.5326695972019 14.5356899897257 14.5290372610092 14.4933651685715 14.4576930761337 14.422020983696 14.3863488912582 14.3506767988205 14.3150047063827 14.279332613945 14.1615915060043 14.0164940595627 13.871396613121 13.7262991666794 13.5812017202378 13.4361042737961 13.2910068273545 13.2061862044864 13.3021960523393 13.3982059001922
14.3219551563263 14.35822930336 14.3945034503937 14.4307775974274 14.467051744461 14.5033258914947 14.5252126693725 14.5423036575317 14.5593946456909 14.5764856338501 14.5935766220093 14.6106676101684 14.6277585983276 14.6390465577443 14.6329254309336 14.6268043041229 14.6206831773122 14.6145620505015 14.6084409236908 14.6023197968801 14.5961986700694 14.6027128219604 14.6134387334188 14.6241646448771 14.6348905563354 14.6456164677938 14.6563423792521 14.6670682907104 14.6640117883682 14.6196080446243 14.5752043008804 14.5308005571365 14.4863968133926 14.4419930696487 14.3975893259048 14.3531855821609 14.2282654047012 14.0765064160029 13.9247474273046 13.7729884386063 13.621229449908 13.4694704612096 13.3177114725113 13.2304956277211 13.3369092146555 13.4433228015899
14.4098158677419 14.4424123499128 14.4750088320838 14.5076053142547 14.5402017964257 14.5727982785967 14.5935986200968 14.6104669147067 14.6273352093167 14.6442035039266 14.6610717985365 14.6779400931464 14.6948083877563 14.7063454363081 14.7018887466854 14.6974320570628 14.6929753674401 14.6885186778174 14.6840619881948 14.6796052985721 14.6751486089494 14.6878580093384 14.7062894397312 14.724720870124 14.7431523005167 14.7615837309095 14.7800151613023 14.7984465916951 14.7989863157272 14.7458509206772 14.6927155256271 14.6395801305771 14.586444735527 14.533309340477 14.4801739454269 14.4270385503769 14.2949393033982 14.1365187724432 13.9780982414881 13.8196777105332 13.6612571795782 13.5028366486232 13.3444161176682 13.2548050509558 13.3716223769718 13.4884397029876
14.4913022359212 14.520342848036 14.5493834601508 14.5784240722656 14.6074646843804 14.6365052964952 14.6510406653086 14.6607409530216 14.6704412407345 14.6801415284475 14.6898418161604 14.6995421038734 14.7092423915863 14.7169357485241 14.7186083131366 14.7202808777491 14.7219534423616 14.7236260069741 14.7252985715866 14.7269711361991 14.7286437008116 14.7462684392929 14.7692105690638 14.7921526988347 14.8150948286056 14.8380369583766 14.8609790881475 14.8839212179184 14.8867695861393 14.82933666971 14.7719037532806 14.7144708368513 14.657037920422 14.5996050039927 14.5421720875634 14.4847391711341 14.3595367511114 14.2117444965575 14.0639522420036 13.9161599874497 13.7683677328958 13.6205754783418 13.4727832237879 13.3915424956215 13.5099563466178 13.628370197614
14.5664142608642 14.5920207977295 14.6176273345947 14.6432338714599 14.6688404083252 14.6944469451904 14.6975388050079 14.6931257724762 14.6887127399445 14.6842997074127 14.679886674881 14.6754736423492 14.6710606098175 14.6708174943924 14.6830841302872 14.695350766182 14.7076174020767 14.7198840379715 14.7321506738663 14.744417309761 14.7566839456558 14.777944111824 14.8022021214167 14.8264601310094 14.8507181406021 14.8749761501948 14.8992341597875 14.9234921693802 14.9273615996043 14.8700652917226 14.8127689838409 14.7554726759593 14.6981763680776 14.6408800601959 14.5835837523143 14.5262874444326 14.4220577478409 14.3021835883459 14.1823094288508 14.0624352693558 13.9425611098607 13.8226869503657 13.7028127908706 13.6407079617182 13.7519111235936 13.863114285469
