data/working_set_collections/6091692-Cassins_Sparrow-MC/2000/bio3.asc
NCOLS 265 
NROWS 230 
XLLCORNER -115.5625 
YLLCORNER 24.8333333333333 
CELLSIZE 0.0833333333333333 
NODATA_value -9999 
[rows 120 to 139 of 230, columns 138 to 183 of 265]
42.5348069085015 42.4338706970215 42.3329344855415 42.2319982740614 42.1912714322408 42.1706143803067 42.1499573283725 42.1293002764384 42.1086432245043 42.0879861725701 42.067329120636 42.0444733089871 42.0150212181939 41.9855691274007 41.9561170366075 41.9266649458144 41.8972128550212 41.867760764228 41.8383086734348 41.764093875885 41.674958176083 41.5858224762811 41.4966867764791 41.4075510766771 41.3184153768752 41.2292796770732 41.1363509284126 41.032043033176 40.9277351379395 40.8234272427029 40.7191193474664 40.6148114522298 40.5105035569933 40.4061956617568 40.3007009506226 40.1948106341892 40.0889203177558 39.9830300013224 39.8771396848891 39.7712493684557 39.6653590520223 39.5478577931722 39.395523707072 39.2431896209717 39.0908555348715 38.9385214487712
42.5819119771322 42.4775550842285 42.3731981913249 42.2688412984213 42.2274291038513 42.2069984753927 42.186567846934 42.1661372184753 42.1457065900167 42.125275961558 42.1048453330994 42.0819637298584 42.0517292022705 42.0214946746826 41.9912601470947 41.9610256195068 41.930791091919 41.9005565643311 41.8703220367432 41.7969790458679 41.7092665672302 41.6215540885926 41.5338416099548 41.4461291313172 41.3584166526795 41.2707041740418 41.1791837056478 41.076239267985 40.9732948303223 40.8703503926595 40.7674059549968 40.664461517334 40.5615170796712 40.4585726420085 40.353618812561 40.2479951858521 40.1423715591431 40.0367479324341 39.9311243057251 39.8255006790161 39.7198770523071 39.6029387156169 39.4520562489828 39.3011737823486 39.1502913157145 38.9994088490804
42.6290170457628 42.5212394714356 42.4134618971083 42.3056843227811 42.2635867754618 42.2433825704787 42.2231783654955 42.2029741605123 42.1827699555291 42.1625657505459 42.1423615455627 42.1194541507297 42.0884371863471 42.0574202219645 42.0264032575819 41.9953862931993 41.9643693288167 41.9333523644341 41.9023354000515 41.8298642158508 41.7435749583774 41.657285700904 41.5709964434306 41.4847071859572 41.3984179284838 41.3121286710103 41.222016482883 41.1204355027941 41.0188545227051 40.9172735426161 40.8156925625271 40.7141115824382 40.6125306023492 40.5109496222602 40.4065366744995 40.3011797375149 40.1958228005304 40.0904658635458 39.9851089265612 39.8797519895766 39.774395052592 39.6580196380615 39.5085887908936 39.3591579437256 39.2097270965576 39.0602962493897
42.6761221143935 42.5649238586426 42.4537256028917 42.3425273471409 42.2997444470723 42.2797666655646 42.2597888840569 42.2398111025492 42.2198333210415 42.1998555395338 42.1798777580261 42.156944571601 42.1251451704237 42.0933457692464 42.0615463680691 42.0297469668918 41.9979475657145 41.9661481645372 41.9343487633599 41.8627493858338 41.7778833495246 41.6930173132155 41.6081512769063 41.5232852405972 41.4384192042881 41.3535531679789 41.2648492601183 41.1646317376031 41.0644142150879 40.9641966925727 40.8639791700575 40.7637616475423 40.6635441250271 40.563326602512 40.459454536438 40.3543642891778 40.2492740419176 40.1441837946574 40.0390935473972 39.934003300137 39.8289130528768 39.7131005605062 39.5651213328044 39.4171421051026 39.2691628774007 39.1211836496989
42.7232271830241 42.6086082458496 42.4939893086752 42.3793703715007 42.3359021186829 42.3161507606506 42.2963994026184 42.2766480445862 42.256896686554 42.2371453285217 42.2173939704895 42.1944349924723 42.1618531545003 42.1292713165283 42.0966894785563 42.0641076405843 42.0315258026123 41.9989439646403 41.9663621266683 41.8956345558167 41.8121917406718 41.728748925527 41.6453061103821 41.5618632952372 41.4784204800924 41.3949776649475 41.3076820373535 41.2088279724121 41.1099739074707 41.0111198425293 40.9122657775879 40.8134117126465 40.7145576477051 40.6157035827637 40.5123723983765 40.4075488408407 40.3027252833049 40.1979017257691 40.0930781682332 39.9882546106974 39.8834310531616 39.7681814829509 39.6216538747152 39.4751262664795 39.3285986582438 39.1820710500082
42.7703322516548 42.6522926330567 42.5342530144586 42.4162133958605 42.3720597902934 42.3525348557366 42.3330099211799 42.3134849866231 42.2939600520664 42.2744351175096 42.2549101829529 42.2319254133437 42.1985611385769 42.1651968638102 42.1318325890435 42.0984683142768 42.0651040395101 42.0317397647434 41.9983754899767 41.9285197257996 41.846500131819 41.7644805378384 41.6824609438578 41.6004413498773 41.5184217558967 41.4364021619161 41.3505148145888 41.2530242072212 41.1555335998535 41.0580429924859 40.9605523851183 40.8630617777507 40.765571170383 40.6680805630154 40.565290260315 40.4607333925035 40.3561765246921 40.2516196568807 40.1470627890693 40.0425059212579 39.9379490534465 39.8232624053955 39.678186416626 39.5331104278565 39.3880344390869 39.2429584503174
42.8305649439494 42.7129758834839 42.5953868230184 42.4777977625529 42.4319567680359 42.4100317955017 42.3881068229675 42.3661818504333 42.3442568778992 42.322331905365 42.3004069328308 42.2751030286153 42.2396623293559 42.2042216300964 42.168780930837 42.1333402315776 42.0978995323181 42.0624588330587 42.0270181337992 41.956743367513 41.8748572455512 41.7929711235894 41.7110850016276 41.6291988796658 41.547312757704 41.4654266357422 41.3798809793261 41.2833567195469 41.1868324597677 41.0903081999885 40.9937839402093 40.8972596804301 40.8007354206509 40.7042111608717 40.6013429641724 40.496360121833 40.3913772794936 40.2863944371541 40.1814115948147 40.0764287524753 39.9714459101359 39.8573416815864 39.7158732944065 39.5744049072266 39.4329365200467 39.2914681328668
42.9039252599081 42.7906579971313 42.6773907343547 42.564123471578 42.5155930519104 42.4886415799459 42.4616901079814 42.4347386360168 42.4077871640523 42.3808356920878 42.3538842201233 42.3239678382874 42.2851567268372 42.246345615387 42.2075345039368 42.1687233924866 42.1299122810364 42.0911011695862 42.052290058136 41.980305480957 41.8972630818685 41.81422068278 41.7311782836914 41.6481358846029 41.5650934855143 41.4820510864258 41.3957805315654 41.2998255093893 41.2038704872132 41.107915465037 41.0119604428609 40.9160054206848 40.8200503985087 40.7240953763326 40.6205305099487 40.514429028829 40.4083275477092 40.3022260665894 40.1961245854696 40.0900231043498 39.98392162323 39.8704193115235 39.7347145080567 39.5990097045899 39.4633049011231 39.3276000976563
42.9772855758667 42.8683401107788 42.7593946456909 42.650449180603 42.5992293357849 42.56725136439 42.5352733929952 42.5032954216003 42.4713174502055 42.4393394788106 42.4073615074158 42.3728326479594 42.3306511243185 42.2884696006775 42.2462880770365 42.2041065533956 42.1619250297546 42.1197435061137 42.0775619824727 42.003867594401 41.9196689181858 41.8354702419705 41.7512715657552 41.6670728895399 41.5828742133247 41.4986755371094 41.4116800838047 41.3162942992317 41.2209085146586 41.1255227300856 41.0301369455126 40.9347511609395 40.8393653763665 40.7439795917935 40.6397180557251 40.532497935825 40.4252778159248 40.3180576960246 40.2108375761244 40.1036174562243 39.9963973363241 39.8834969414605 39.7535557217068 39.6236145019531 39.4936732821995 39.3637320624458
43.0506458918254 42.9460222244263 42.8413985570272 42.7367748896281 42.6828656196594 42.6458611488342 42.608856678009 42.5718522071838 42.5348477363586 42.4978432655334 42.4608387947083 42.4216974576314 42.3761455217997 42.330593585968 42.2850416501363 42.2394897143046 42.1939377784729 42.1483858426412 42.1028339068095 42.0274297078451 41.9420747545031 41.856719801161 41.771364847819 41.686009894477 41.600654941135 41.515299987793 41.427579636044 41.3327630890741 41.2379465421041 41.1431299951342 41.0483134481642 40.9534969011943 40.8586803542243 40.7638638072544 40.6589056015015 40.5505668428209 40.4422280841404 40.3338893254598 40.2255505667793 40.1172118080987 40.0088730494181 39.8965745713976 39.772396935357 39.6482192993164 39.5240416632759 39.3998640272353
43.124006207784 43.0237043380737 42.9234024683634 42.8231005986532 42.7665019035339 42.7244709332784 42.6824399630229 42.6404089927673 42.5983780225118 42.5563470522563 42.5143160820007 42.4705622673035 42.421639919281 42.3727175712585 42.3237952232361 42.2748728752136 42.2259505271912 42.1770281791687 42.1281058311463 42.0509918212891 41.9644805908203 41.8779693603516 41.7914581298828 41.7049468994141 41.6184356689453 41.5319244384766 41.4434791882833 41.3492318789164 41.2549845695496 41.1607372601827 41.0664899508159 40.972242641449 40.8779953320821 40.7837480227153 40.6780931472778 40.5686357498169 40.459178352356 40.349720954895 40.2402635574341 40.1308061599732 40.0213487625122 39.9096522013347 39.7912381490072 39.6728240966797 39.5544100443522 39.4359959920248
43.1973665237427 43.1013864517212 43.0054063796997 42.9094263076782 42.8501381874084 42.8030807177226 42.7560232480367 42.7089657783508 42.661908308665 42.6148508389791 42.5677933692932 42.5194270769755 42.4671343167623 42.4148415565491 42.3625487963359 42.3102560361226 42.2579632759094 42.2056705156962 42.153377755483 42.0745539347331 41.9868864271376 41.8992189195421 41.8115514119466 41.7238839043511 41.6362163967557 41.5485488891602 41.4593787405226 41.3657006687588 41.272022596995 41.1783445252313 41.0846664534675 40.9909883817037 40.8973103099399 40.8036322381762 40.6972806930542 40.5867046568129 40.4761286205716 40.3655525843303 40.254976548089 40.1444005118476 40.0338244756063 39.9227298312717 39.8100793626574 39.697428894043 39.5847784254286 39.4721279568143
43.2460320684645 43.1555528322856 43.0650735961067 42.9745943599277 42.9141789118449 42.8637847264608 42.8133905410767 42.7629963556926 42.7126021703084 42.6622079849243 42.6118137995402 42.5605807410346 42.5068310631646 42.4530813852946 42.3993317074246 42.3455820295546 42.2918323516846 42.2380826738146 42.1843329959446 42.1021343866984 42.0104528003269 41.9187712139554 41.8270896275838 41.7354080412123 41.6437264548408 41.5520448684693 41.4601739883423 41.3677352269491 41.2752964655558 41.1828577041626 41.0904189427694 40.9979801813762 40.9055414199829 40.8131026585897 40.7084620793661 40.5997542275323 40.4910463756985 40.3823385238648 40.273630672031 40.1649228201972 40.0562149683635 39.9476112789578 39.8393200768365 39.7310288747152 39.6227376725939 39.5144464704726
43.2700028419495 43.1862034797669 43.1024041175842 43.0186047554016 42.9586240768433 42.906582959493 42.8545418421428 42.8025007247925 42.7504596074422 42.698418490092 42.6463773727417 42.5940232594808 42.540730158488 42.4874370574951 42.4341439565023 42.3808508555095 42.3275577545166 42.2742646535238 42.2209715525309 42.1337331771851 42.0351797103882 41.9366262435913 41.8380727767944 41.7395193099976 41.6409658432007 41.5424123764038 41.4458649317424 41.3553355534872 41.264806175232 41.1742767969767 41.0837474187215 40.9932180404663 40.9026886622111 40.8121592839559 40.7116373062134 40.6077844619751 40.5039316177368 40.4000787734985 40.2962259292603 40.192373085022 40.0885202407837 39.9842965443929 39.8789602915446 39.7736240386963 39.668287785848 39.5629515329997
43.2939736154345 43.2168541272481 43.1397346390618 43.0626151508755 43.0030692418416 42.9493811925252 42.8956931432088 42.8420050938924 42.788317044576 42.7346289952596 42.6809409459432 42.627465777927 42.5746292538113 42.5217927296956 42.46895620558 42.4161196814643 42.3632831573486 42.310446633233 42.2576101091173 42.1653319676717 42.0599066204495 41.9544812732273 41.8490559260051 41.7436305787828 41.6382052315606 41.5327798843384 41.4315558751424 41.3429358800253 41.2543158849081 41.1656958897909 41.0770758946737 40.9884558995565 40.8998359044393 40.8112159093221 40.7148125330607 40.6158146964179 40.5168168597751 40.4178190231323 40.3188211864896 40.2198233498468 40.120825513204 40.020981809828 39.9186005062527 39.8162192026774 39.7138378991021 39.6114565955268
43.3179443889194 43.2475047747294 43.1770651605394 43.1066255463494 43.04751440684 42.9921794255575 42.9368444442749 42.8815094629924 42.8261744817098 42.7708395004273 42.7155045191447 42.6609082963732 42.6085283491347 42.5561484018962 42.5037684546577 42.4513885074192 42.3990085601807 42.3466286129422 42.2942486657037 42.1969307581584 42.0846335305108 41.9723363028633 41.8600390752157 41.7477418475681 41.6354446199205 41.523147392273 41.4172468185425 41.3305362065633 41.2438255945842 41.157114982605 41.0704043706258 40.9836937586467 40.8969831466675 40.8102725346883 40.7179877599081 40.6238449308607 40.5297021018134 40.4355592727661 40.3414164437188 40.2472736146715 40.1531307856242 40.0576670752631 39.9582407209609 39.8588143666585 39.7593880123562 39.659961658054
43.3419151624044 43.2781554222107 43.214395682017 43.1506359418233 43.0919595718384 43.0349776585897 42.977995745341 42.9210138320923 42.8640319188436 42.8070500055949 42.7500680923462 42.6943508148193 42.642427444458 42.5905040740967 42.5385807037354 42.486657333374 42.4347339630127 42.3828105926514 42.33088722229 42.228529548645 42.1093604405721 41.9901913324992 41.8710222244263 41.7518531163534 41.6326840082805 41.5135149002075 41.4029377619426 41.3181365331014 41.2333353042603 41.1485340754191 41.063732846578 40.9789316177368 40.8941303888957 40.8093291600545 40.7211629867554 40.6318751653036 40.5425873438517 40.4532995223999 40.3640117009481 40.2747238794963 40.1854360580444 40.0943523406983 39.997880935669 39.9014095306397 39.8049381256104 39.7084667205811
43.3658859358894 43.308806069692 43.2517262034946 43.1946463372972 43.1364047368368 43.0777758916219 43.0191470464071 42.9605182011922 42.9018893559774 42.8432605107625 42.7846316655477 42.7277933332655 42.6763265397814 42.6248597462972 42.573392952813 42.5219261593289 42.4704593658447 42.4189925723606 42.3675257788764 42.2601283391317 42.1340873506334 42.0080463621352 41.8820053736369 41.7559643851386 41.6299233966404 41.5038824081421 41.3886287053426 41.3057368596395 41.2228450139364 41.1399531682332 41.0570613225301 40.974169476827 40.8912776311239 40.8083857854208 40.7243382136027 40.6399053997464 40.55547258589 40.4710397720337 40.3866069581774 40.302174144321 40.2177413304647 40.1310376061334 40.0375211503771 39.9440046946208 39.8504882388645 39.7569717831082
43.3589731852214 43.3096669514974 43.2603607177735 43.2110544840495 43.1568508148194 43.1010146670871 43.0451785193549 42.9893423716227 42.9335062238905 42.8776700761583 42.8218339284261 42.7667703946432 42.7140247027079 42.6612790107727 42.6085333188375 42.5557876269023 42.503041934967 42.4502962430318 42.3975505510966 42.2854759216309 42.153624979655 42.0217740376791 41.8899230957031 41.7580721537272 41.6262212117513 41.4943702697754 41.3756529596117 41.2963365448846 41.2170201301575 41.1377037154304 41.0583873007033 40.9790708859762 40.8997544712491 40.820438056522 40.742447312673 40.6648984591166 40.5873496055603 40.509800752004 40.4322518984477 40.3547030448914 40.277154191335 40.1962404463026 40.1052320268419 40.0142236073812 39.9232151879205 39.8322067684598
43.3211769104004 43.280738067627 43.2402992248535 43.1998603820801 43.1532978057861 43.1046939849854 43.0560901641846 43.0074863433838 42.958882522583 42.9102787017822 42.8616748809814 42.8112819989522 42.7555219332377 42.6997618675232 42.6440018018087 42.5882417360942 42.5324816703796 42.4767216046651 42.4209615389506 42.3045722961426 42.1679733276367 42.0313743591309 41.894775390625 41.7581764221192 41.6215774536133 41.4849784851074 41.3640105247498 41.2899355888367 41.2158606529236 41.1417857170105 41.0677107810974 40.9936358451843 40.9195609092713 40.8454859733582 40.7754902839661 40.7068543434143 40.6382184028626 40.5695824623108 40.500946521759 40.4323105812073 40.3636746406555 40.2899608612061 40.2010135650635 40.1120662689209 40.0231189727783 39.9341716766358
