data/working_set_collections/6091692-Cassins_Sparrow-MC/2000/bio3.asc
NCOLS 265 
NROWS 230 
XLLCORNER -115.5625 
YLLCORNER 24.8333333333333 
CELLSIZE 0.0833333333333333 
NODATA_value -9999 
[rows 60 to 79 of 230, columns 138 to 183 of 265]
39.5505454063416 39.4468165397644 39.3430876731873 39.2393588066101 39.1907709121704 39.1605633417765 39.1303557713826 39.1001482009888 39.0699406305949 39.039733060201 39.0095254898071 38.9750984721714 38.9280131128099 38.8809277534485 38.833842394087 38.7867570347256 38.7396716753642 38.6925863160027 38.6455009566413 38.5678820927938 38.4800853941176 38.3922886954414 38.3044919967651 38.2166952980889 38.1288985994127 38.0411019007365 37.9422925949097 37.8104454676311 37.6785983403524 37.5467512130738 37.4149040857951 37.2830569585165 37.1512098312378 37.0193627039592 36.8923612276713 36.7669749683804 36.6415887090895 36.5162024497986 36.3908161905077 36.2654299312168 36.1400436719259 36.0193113644918 35.9125409126282 35.8057704607646 35.699000008901 35.5922295570374
39.6869773546855 39.5866784095764 39.4863794644674 39.3860805193583 39.3371503829956 39.3053431828817 39.2735359827677 39.2417287826538 39.2099215825399 39.1781143824259 39.146307182312 39.110200659434 39.0611961682637 39.0121916770935 38.9631871859232 38.914182694753 38.8651782035828 38.8161737124125 38.7671692212423 38.6840494155884 38.5895578384399 38.4950662612915 38.4005746841431 38.3060831069946 38.2115915298462 38.1170999526978 38.0130281448364 37.8802156448364 37.7474031448364 37.6145906448364 37.4817781448365 37.3489656448364 37.2161531448364 37.0833406448365 36.9547638893128 36.8275990486145 36.7004342079163 36.573269367218 36.4461045265198 36.3189396858216 36.1917748451233 36.0687561353048 35.9581758181254 35.8475955009461 35.7370151837667 35.6264348665873
39.8234093030294 39.7265402793884 39.6296712557475 39.5328022321065 39.4835298538208 39.4501230239868 39.4167161941528 39.3833093643188 39.3499025344849 39.3164957046509 39.2830888748169 39.2453028466966 39.1943792237176 39.1434556007385 39.0925319777595 39.0416083547804 38.9906847318013 38.9397611088223 38.8888374858432 38.800216738383 38.6990302827623 38.5978438271417 38.496657371521 38.3954709159003 38.2942844602797 38.193098004659 38.0837636947632 37.9499858220419 37.8162079493205 37.6824300765991 37.5486522038778 37.4148743311564 37.2810964584351 37.1473185857137 37.0171665509542 36.8882231288486 36.7592797067431 36.6303362846375 36.5013928625319 36.3724494404263 36.2435060183207 36.1182009061178 36.0038107236227 35.8894205411275 35.7750303586324 35.6606401761373
39.9598412513733 39.8664021492004 39.7729630470276 39.6795239448547 39.629909324646 39.594902865092 39.5598964055379 39.5248899459839 39.4898834864298 39.4548770268758 39.4198705673218 39.3804050339593 39.3275622791714 39.2747195243835 39.2218767695957 39.1690340148078 39.1161912600199 39.0633485052321 39.0105057504442 38.9163840611776 38.8085027270847 38.7006213929918 38.5927400588989 38.4848587248061 38.3769773907132 38.2690960566203 38.15449924469 38.0197559992473 37.8850127538045 37.7502695083618 37.6155262629191 37.4807830174764 37.3460397720337 37.211296526591 37.0795692125956 36.9488472090827 36.8181252055698 36.6874032020569 36.556681198544 36.4259591950311 36.2952371915182 36.1676456769308 36.0494456291199 35.931245581309 35.8130455334982 35.6948454856873
40.0962731997172 40.0062640190124 39.9162548383077 39.8262456576029 39.7762887954712 39.7396827061971 39.703076616923 39.6664705276489 39.6298644383748 39.5932583491007 39.5566522598266 39.5155072212219 39.4607453346252 39.4059834480286 39.3512215614319 39.2964596748352 39.2416977882385 39.1869359016418 39.1321740150452 39.0325513839722 38.9179751714071 38.803398958842 38.6888227462769 38.5742465337118 38.4596703211467 38.3450941085815 38.2252347946167 38.0895261764527 37.9538175582886 37.8181089401245 37.6824003219605 37.5466917037964 37.4109830856323 37.2752744674683 37.1419718742371 37.0094712893168 36.8769707043966 36.7444701194763 36.6119695345561 36.4794689496359 36.3469683647156 36.2170904477438 36.0950805346171 35.9730706214905 35.8510607083639 35.7290507952373
40.2327051480611 40.1461258888245 40.0595466295878 39.9729673703511 39.9226682662964 39.8844625473022 39.8462568283081 39.808051109314 39.7698453903198 39.7316396713257 39.6934339523315 39.6506094084846 39.5939283900791 39.5372473716736 39.4805663532681 39.4238853348626 39.3672043164571 39.3105232980516 39.2538422796461 39.1487187067668 39.0274476157295 38.9061765246921 38.7849054336548 38.6636343426175 38.5423632515802 38.4210921605428 38.2959703445435 38.1592963536581 38.0226223627726 37.8859483718872 37.7492743810018 37.6126003901164 37.475926399231 37.3392524083456 37.2043745358785 37.0700953695509 36.9358162032234 36.8015370368958 36.6672578705682 36.5329787042406 36.398699537913 36.2665352185567 36.1407154401144 36.014895661672 35.8890758832296 35.7632561047872
40.3921829541524 40.3117089907328 40.2312350273132 40.1507610638936 40.0969283739726 40.051976108551 40.0070238431295 39.9620715777079 39.9171193122864 39.8721670468648 39.8272147814433 39.7779067463345 39.715531402164 39.6531560579936 39.5907807138231 39.5284053696527 39.4660300254822 39.4036546813117 39.3412793371413 39.2342659950257 39.1123733202617 38.9904806454977 38.8685879707337 38.7466952959697 38.6248026212057 38.5029099464417 38.3765272564358 38.2366745207045 38.0968217849732 37.9569690492418 37.8171163135105 37.6772635777792 37.5374108420478 37.3975581063165 37.259794775645 37.1227279133267 36.9856610510085 36.8485941886902 36.711527326372 36.5744604640537 36.4373936017355 36.3024483574762 36.1738679673937 36.0452875773112 35.9167071872288 35.7881267971463
40.5747066179911 40.5030133247375 40.431320031484 40.3596267382304 40.2990691184997 40.2422233899434 40.1853776613871 40.1285319328308 40.0716862042745 40.0148404757182 39.9579947471619 39.8973992347717 39.8255543708801 39.7537095069885 39.6818646430969 39.6100197792053 39.5381749153137 39.4663300514221 39.3944851875305 39.2891932487488 39.1727522850037 39.0563113212586 38.9398703575134 38.8234293937683 38.7069884300232 38.5905474662781 38.4669055302938 38.321660677592 38.1764158248901 38.0311709721883 37.8859261194865 37.7406812667847 37.5954364140829 37.4501915613811 37.3082325935364 37.1673689206442 37.0265052477519 36.8856415748596 36.7447779019674 36.6039142290752 36.4630505561829 36.324829864502 36.1945381164551 36.0642463684082 35.9339546203614 35.8036628723145
40.7572302818298 40.6943176587423 40.6314050356547 40.5684924125671 40.5012098630269 40.4324706713358 40.3637314796448 40.2949922879537 40.2262530962626 40.1575139045715 40.0887747128804 40.016891723209 39.9355773395962 39.8542629559835 39.7729485723707 39.691634188758 39.6103198051453 39.5290054215325 39.4476910379198 39.3441205024719 39.2331312497457 39.1221419970195 39.0111527442932 38.900163491567 38.7891742388408 38.6781849861145 38.5572838041518 38.4066468344795 38.2560098648071 38.1053728951348 37.9547359254625 37.8040989557902 37.6534619861179 37.5028250164456 37.3566704114278 37.2120099279616 37.0673494444953 36.9226889610291 36.7780284775628 36.6333679940966 36.4887075106303 36.3472113715278 36.2152082655165 36.0832051595052 35.951202053494 35.8191989474827
40.9397539456685 40.885621992747 40.8314900398254 40.7773580869039 40.7033506075541 40.6227179527283 40.5420852979024 40.4614526430766 40.3808199882507 40.3001873334249 40.219554678599 40.1363842116462 40.0456003083123 39.9548164049784 39.8640325016446 39.7732485983107 39.6824646949768 39.5916807916429 39.5008968883091 39.3990477561951 39.2935102144877 39.1879726727804 39.082435131073 38.9768975893657 38.8713600476583 38.7658225059509 38.6476620780097 38.491632991367 38.3356039047241 38.1795748180813 38.0235457314386 37.8675166447958 37.711487558153 37.5554584715102 37.4051082293193 37.256650935279 37.1081936412388 36.9597363471985 36.8112790531583 36.662821759118 36.5143644650777 36.3695928785536 36.2358784145779 36.1021639506022 35.9684494866265 35.8347350226509
41.1222776095072 41.0769263267517 41.0315750439961 40.9862237612406 40.9054913520813 40.8129652341207 40.7204391161601 40.6279129981995 40.5353868802388 40.4428607622782 40.3503346443176 40.2558767000834 40.1556232770284 40.0553698539734 39.9551164309184 39.8548630078634 39.7546095848084 39.6543561617533 39.5541027386983 39.4539750099182 39.3538891792297 39.2538033485413 39.1537175178528 39.0536316871643 38.9535458564758 38.8534600257874 38.7380403518677 38.5766191482544 38.4151979446411 38.2537767410279 38.0923555374146 37.9309343338013 37.769513130188 37.6080919265747 37.4535460472107 37.3012919425965 37.1490378379822 36.9967837333679 36.8445296287537 36.6922755241394 36.5400214195252 36.3919743855795 36.2565485636393 36.1211227416992 35.9856969197591 35.850271097819
41.3048012733459 41.2682306607564 41.2316600481669 41.1950894355774 41.1076320966085 41.0032125155131 40.8987929344177 40.7943733533223 40.689953772227 40.5855341911316 40.4811146100362 40.3753691885206 40.2656462457445 40.1559233029683 40.0462003601922 39.9364774174161 39.8267544746399 39.7170315318638 39.6073085890876 39.5089022636414 39.4142681439718 39.3196340243022 39.2249999046326 39.130365784963 39.0357316652934 38.9410975456238 38.8284186257257 38.6616053051419 38.4947919845581 38.3279786639744 38.1611653433906 37.9943520228068 37.8275387022231 37.6607253816393 37.5019838651021 37.3459329499139 37.1898820347256 37.0338311195374 36.8777802043491 36.7217292891609 36.5656783739726 36.4143558926053 36.2772187127008 36.1400815327962 36.0029443528917 35.8658071729872
41.4415629810757 41.4096578280131 41.3777526749505 41.3458475218879 41.2540963808696 41.1423965771993 41.0306967735291 40.9189969698588 40.8072971661886 40.6955973625183 40.5838975588481 40.4712652630276 40.3558354907566 40.2404057184855 40.1249759462145 40.0095461739434 39.8941164016724 39.7786866294013 39.6632568571303 39.5662345568339 39.4753480805291 39.3844616042243 39.2935751279195 39.2026886516147 39.1118021753099 39.0209156990051 38.9104614257813 38.7413037618002 38.572146097819 38.4029884338379 38.2338307698568 38.0646731058757 37.8955154418946 37.7263577779134 37.5658389727275 37.4081997871399 37.2505606015524 37.0929214159648 36.9352822303772 36.7776430447897 36.6200038592021 36.4672619925605 36.3292120827569 36.1911621729533 36.0531122631497 35.9150623533461
41.5325627326965 41.5012078285217 41.4698529243469 41.4384980201721 41.3448842048645 41.2305174191793 41.1161506334941 41.0017838478088 40.8874170621236 40.7730502764384 40.6586834907532 40.5435649236043 40.4261910120646 40.3088171005249 40.1914431889852 40.0740692774455 39.9566953659058 39.8393214543661 39.7219475428264 39.6259718894959 39.5371289889018 39.4482860883077 39.3594431877136 39.2706002871195 39.1817573865255 39.0929144859314 38.9841687520345 38.8157145182292 38.6472602844238 38.4788060506185 38.3103518168132 38.1418975830078 37.9734433492025 37.8049891153972 37.6451113700867 37.4880924542745 37.3310735384623 37.1740546226502 37.017035706838 36.8600167910258 36.7029978752136 36.5506926854452 36.4125286738078 36.2743646621704 36.1362006505331 35.9980366388957
41.6235624843174 41.5927578290303 41.5619531737433 41.5311485184563 41.4356720288595 41.3186382611593 41.2016044934591 41.0845707257589 40.9675369580587 40.8505031903585 40.7334694226583 40.6158645841811 40.4965465333727 40.3772284825643 40.2579104317559 40.1385923809476 40.0192743301392 39.8999562793308 39.7806382285224 39.6857092221578 39.5989098972745 39.5121105723911 39.4253112475077 39.3385119226244 39.251712597741 39.1649132728577 39.0578760782878 38.8901252746582 38.7223744710287 38.5546236673991 38.3868728637696 38.21912206014 38.0513712565104 37.8836204528809 37.7243837674459 37.5679851214091 37.4115864753723 37.2551878293355 37.0987891832988 36.942390537262 36.7859918912252 36.6341233783298 36.4958452648587 36.3575671513875 36.2192890379164 36.0810109244453
41.7145622359382 41.684307829539 41.6540534231398 41.6237990167406 41.5264598528544 41.4067591031393 41.2870583534241 41.1673576037089 41.0476568539938 40.9279561042786 40.8082553545634 40.6881642447578 40.5669020546807 40.4456398646037 40.3243776745267 40.2031154844496 40.0818532943726 39.9605911042955 39.8393289142185 39.7454465548198 39.6606908056471 39.5759350564745 39.4911793073018 39.4064235581292 39.3216678089566 39.2369120597839 39.131583404541 38.9645360310873 38.7974886576335 38.6304412841797 38.463393910726 38.2963465372722 38.1292991638184 37.9622517903646 37.8036561648051 37.6478777885437 37.4920994122823 37.3363210360209 37.1805426597595 37.0247642834982 36.8689859072367 36.7175540712145 36.5791618559096 36.4407696406047 36.3023774252998 36.1639852099949
41.805561987559 41.7758578300476 41.7461536725362 41.7164495150248 41.6172476768494 41.4948799451192 41.3725122133891 41.250144481659 41.1277767499288 41.0054090181987 40.8830412864685 40.7604639053345 40.6372575759888 40.5140512466431 40.3908449172974 40.2676385879517 40.144432258606 40.0212259292603 39.8980195999146 39.8051838874817 39.7224717140198 39.6397595405579 39.557047367096 39.474335193634 39.3916230201721 39.3089108467102 39.2052907307943 39.0389467875163 38.8726028442383 38.7062589009603 38.5399149576823 38.3735710144043 38.2072270711263 38.0408831278483 37.8829285621643 37.7277704556783 37.5726123491923 37.4174542427063 37.2622961362203 37.1071380297343 36.9519799232483 36.8009847640991 36.6624784469605 36.5239721298218 36.3854658126831 36.2469594955445
41.8965617391798 41.8674078305562 41.8382539219326 41.8091000133091 41.7080355008443 41.5830007870992 41.4579660733541 41.332931359609 41.2078966458639 41.0828619321188 40.9578272183736 40.8327635659112 40.7076130972968 40.5824626286825 40.4573121600681 40.3321616914538 40.2070112228394 40.081860754225 39.9567102856107 39.8649212201436 39.7842526223925 39.7035840246413 39.6229154268901 39.5422468291389 39.4615782313877 39.3809096336365 39.2789980570475 39.1133575439453 38.9477170308431 38.7820765177409 38.6164360046387 38.4507954915365 38.2851549784343 38.1195144653321 37.9622009595235 37.8076631228129 37.6531252861023 37.4985874493917 37.3440496126811 37.1895117759705 37.0349739392598 36.8844154569838 36.7457950380114 36.6071746190389 36.4685542000665 36.329933781094
41.9772501839532 41.9439925511678 41.9107349183824 41.8774772855971 41.7808389345805 41.6630736774869 41.5453084203932 41.4275431632996 41.3097779062059 41.1920126491123 41.0742473920186 40.9535193867154 40.8239031367832 40.694286886851 40.5646706369188 40.4350543869866 40.3054381370545 40.1758218871223 40.0462056371901 39.9525166193644 39.8708033455743 39.7890900717841 39.707376797994 39.6256635242038 39.5439502504137 39.4622369766235 39.3592649989658 39.1925169097053 39.0257688204448 38.8590207311842 38.6922726419237 38.5255245526632 38.3587764634027 38.1920283741422 38.035800075531 37.883078373803 37.7303566720751 37.5776349703471 37.4249132686191 37.2721915668912 37.1194698651632 36.9702961921692 36.8317666053772 36.6932370185852 36.5547074317932 36.4161778450013
42.0476273218791 42.0056119918823 41.9635966618856 41.9215813318888 41.8356579780579 41.7350986162822 41.6345392545064 41.5339798927307 41.433420530955 41.3328611691793 41.2323018074036 41.122731367747 40.9861276944479 40.8495240211487 40.7129203478495 40.5763166745504 40.4397130012512 40.3031093279521 40.1665056546529 40.067970085144 39.9821238835653 39.8962776819865 39.8104314804077 39.7245852788289 39.6387390772502 39.5528928756714 39.4460915565491 39.2764248847962 39.1067582130432 38.9370915412903 38.7674248695374 38.5977581977844 38.4280915260315 38.2584248542786 38.1037259101868 37.9540162086487 37.8043065071106 37.6545968055725 37.5048871040344 37.3551774024964 37.2054677009583 37.0586269696554 36.920393149058 36.7821593284607 36.6439255078634 36.505691687266
