data/working_set_collections/6091692-Cassins_Sparrow-MC/2000/bio3.asc
NCOLS 265 
NROWS 230 
XLLCORNER -115.5625 
YLLCORNER 24.8333333333333 
CELLSIZE 0.0833333333333333 
NODATA_value -9999 
[rows 160 to 179 of 230, columns 46 to 91 of 265]
48.6624844551086 48.6636607805888 48.6648371060689 48.666013431549 48.6671897570292 48.6683660825093 48.584379863739 48.4720061302185 48.359632396698 48.2472586631775 48.134884929657 48.0225111961365 47.910137462616 47.8040343602498 47.7167431513468 47.6294519424438 47.5421607335408 47.4548695246378 47.3675783157348 47.2802871068319 47.1929958979289 47.1614618301391 47.1485134760538 47.1355651219686 47.1226167678833 47.109668413798 47.0967200597127 47.0837717056274 47.0891909917195 47.1497131983439 47.2102354049682 47.2707576115926 47.3312798182169 47.3918020248412 47.4523242314656 47.5128464380899 47.4605174064636 47.3705712954203 47.280625184377 47.1906790733337 47.1007329622904 47.0107868512471 46.9208407402038 46.833101495107 46.7519828478495 46.670864200592
48.7482184410095 48.7590512911479 48.7698841412862 48.7807169914245 48.7915498415629 48.8023826917012 48.7249049822489 48.6179904195997 48.5110758569505 48.4041612943013 48.2972467316522 48.1903321690029 48.0834176063537 47.9815209070841 47.8946777979533 47.8078346888224 47.7209915796916 47.6341484705607 47.5473053614298 47.460462252299 47.3736191431681 47.3396169662475 47.3232284333971 47.3068399005466 47.2904513676961 47.2740628348456 47.2576743019952 47.2412857691447 47.2509381824069 47.3387134340074 47.4264886856079 47.5142639372083 47.6020391888088 47.6898144404093 47.7775896920097 47.8653649436102 47.824775536855 47.7413979106479 47.6580202844407 47.5746426582336 47.4912650320265 47.4078874058193 47.3245097796122 47.23834672504 47.1438273853725 47.0493080457051
48.8593781153361 48.8751945283678 48.8910109413994 48.9068273544311 48.9226437674628 48.9384601804945 48.8674045562744 48.7673915863037 48.667378616333 48.5673656463623 48.4673526763916 48.3673397064209 48.2673267364502 48.1700538741218 48.0810013347202 47.9919487953186 47.902896255917 47.8138437165154 47.7247911771138 47.6357386377123 47.5466860983107 47.51537027359 47.5033000204298 47.4912297672695 47.4791595141093 47.467089260949 47.4550190077887 47.4429487546285 47.4619828224181 47.5743298530578 47.6866768836974 47.7990239143371 47.9113709449767 48.0237179756164 48.136065006256 48.2484120368957 48.2161260922749 48.1356291559007 48.0551322195264 47.9746352831522 47.894138346778 47.8136414104037 47.7331444740295 47.6479047775268 47.5484368006388 47.4489688237507
48.9959634780884 49.0120904922485 49.0282175064087 49.0443445205688 49.060471534729 49.0765985488891 49.0118785858154 48.9202096303304 48.8285406748454 48.7368717193603 48.6452027638753 48.5535338083903 48.4618648529053 48.3696332613627 48.2757137616475 48.1817942619324 48.0878747622172 47.993955262502 47.9000357627869 47.8061162630717 47.7121967633565 47.6887217521667 47.6887282371521 47.6887347221374 47.6887412071228 47.6887476921081 47.6887541770935 47.6887606620788 47.7223249117533 47.8565624554951 47.990799999237 48.1250375429788 48.2592750867207 48.3935126304626 48.5277501742044 48.6619877179463 48.6345690727233 48.5532650311787 48.4719609896341 48.3906569480895 48.3093529065449 48.2280488650003 48.1467448234557 48.0617756525675 47.9658110936482 47.869846534729
49.1325488408406 49.1489864561293 49.1654240714179 49.1818616867065 49.1982993019951 49.2147369172838 49.1563526153564 49.0730276743571 48.9897027333577 48.9063777923584 48.823052851359 48.7397279103597 48.6564029693603 48.5692126486036 48.4704261885749 48.3716397285461 48.2728532685174 48.1740668084886 48.0752803484599 47.9764938884311 47.8777074284024 47.8620732307434 47.8741564538743 47.8862396770053 47.8983229001363 47.9104061232672 47.9224893463982 47.9345725695292 47.9826670010884 48.1387950579325 48.2949231147765 48.4510511716206 48.6071792284647 48.7633072853088 48.9194353421528 49.0755633989969 49.0530120531717 48.9709009064568 48.8887897597418 48.8066786130269 48.7245674663119 48.642456319597 48.560345172882 48.4756465276082 48.3831853866577 48.2907242457072
49.2691342035929 49.28588242001 49.3026306364271 49.3193788528442 49.3361270692613 49.3528752856784 49.3008266448974 49.2258457183838 49.1508647918701 49.0758838653564 49.0009029388428 48.9259220123291 48.8509410858154 48.7687920358446 48.6651386155022 48.5614851951599 48.4578317748176 48.3541783544752 48.2505249341329 48.1468715137905 48.0432180934482 48.03542470932 48.0595846705966 48.0837446318732 48.1079045931498 48.1320645544264 48.1562245157029 48.1803844769795 48.2430090904235 48.4210276603698 48.5990462303161 48.7770648002623 48.9550833702087 49.1331019401549 49.3111205101012 49.4891390800475 49.4714550336201 49.3885367817348 49.3056185298495 49.2227002779642 49.1397820260789 49.0568637741936 48.9739455223083 48.8895174026489 48.8005596796671 48.7116019566853
49.4057195663452 49.4227783838908 49.4398372014363 49.4568960189819 49.4739548365275 49.491013654073 49.4453006744385 49.3786637624105 49.3120268503825 49.2453899383545 49.1787530263265 49.1121161142985 49.0454792022705 48.9683714230855 48.8598510424296 48.7513306617737 48.6428102811178 48.5342899004618 48.4257695198059 48.31724913915 48.208728758494 48.2087761878967 48.2450128873189 48.2812495867411 48.3174862861633 48.3537229855855 48.3899596850077 48.4261963844299 48.5033511797586 48.7032602628071 48.9031693458556 49.1030784289041 49.3029875119526 49.5028965950011 49.7028056780496 49.9027147610981 49.8898980140685 49.8061726570129 49.7224472999572 49.6387219429015 49.5549965858459 49.4712712287902 49.3875458717346 49.3033882776896 49.2179339726765 49.1324796676635
49.5423049290975 49.5596743477715 49.5770437664456 49.5944131851196 49.6117826037936 49.6291520224677 49.5897747039795 49.5314818064372 49.4731889088948 49.4148960113525 49.3566031138102 49.2983102162679 49.2400173187256 49.1679508103265 49.054563469357 48.9411761283874 48.827788787418 48.7144014464484 48.6010141054789 48.4876267645094 48.3742394235399 48.3821276664734 48.4304411040412 48.478754541609 48.5270679791768 48.5753814167446 48.6236948543124 48.6720082918802 48.7636932690937 48.9854928652445 49.2072924613952 49.4290920575459 49.6508916536966 49.8726912498473 50.094490845998 50.3162904421488 50.308340994517 50.2238085322909 50.1392760700649 50.0547436078389 49.9702111456129 49.8856786833869 49.8011462211608 49.7172591527303 49.635308265686 49.5533573786417
49.6391674677531 49.6607260174221 49.6822845670912 49.7038431167602 49.7254016664293 49.7469602160983 49.7172137578328 49.6703656302558 49.6235175026787 49.5766693751017 49.5298212475247 49.4829731199476 49.4361249923706 49.371566412184 49.2538764741685 49.1361865361531 49.0184965981377 48.9008066601223 48.7831167221069 48.6654267840915 48.5477368460761 48.5544675827026 48.6026718775431 48.6508761723836 48.6990804672241 48.7472847620646 48.7954890569051 48.8436933517456 48.9386675728691 49.173951572842 49.4092355728149 49.6445195727877 49.8798035727606 50.1150875727335 50.3503715727064 50.5856555726793 50.584353129069 50.5041885375976 50.4240239461263 50.3438593546549 50.2636947631836 50.1835301717122 50.1033655802409 50.0251701566908 49.9528822369045 49.8805943171183
49.696307182312 49.7259333928426 49.7555596033732 49.7851858139038 49.8148120244344 49.844438234965 49.8276178359985 49.7953152338664 49.7630126317342 49.730710029602 49.6984074274699 49.6661048253377 49.6338022232055 49.579218228658 49.4577900568644 49.3363618850708 49.2149337132772 49.0935055414835 48.9720773696899 48.8506491978963 48.7292210261027 48.7257959365844 48.7617052078247 48.7976144790649 48.8335237503051 48.8694330215454 48.9053422927856 48.9412515640259 49.0282740910847 49.2686363855997 49.5089986801147 49.7493609746297 49.9897232691446 50.2300855636596 50.4704478581746 50.7108101526896 50.7179344177246 50.6473126729329 50.5766909281413 50.5060691833496 50.4354474385579 50.3648256937662 50.2942039489746 50.2271212895711 50.1706558863322 50.1141904830932
49.7534468968709 49.7911407682631 49.8288346396552 49.8665285110473 49.9042223824395 49.9419162538316 49.9380219141642 49.9202648374769 49.9025077607896 49.8847506841024 49.8669936074151 49.8492365307278 49.8314794540405 49.7868700451321 49.6617036395603 49.5365372339884 49.4113708284166 49.2862044228448 49.1610380172729 49.0358716117011 48.9107052061293 48.8971242904663 48.9207385381063 48.9443527857462 48.9679670333862 48.9915812810262 49.0151955286662 49.0388097763061 49.1178806093003 49.3633211983574 49.6087617874145 49.8542023764716 50.0996429655287 50.3450835545857 50.5905241436428 50.8359647326999 50.8515157063802 50.7904368082682 50.7293579101562 50.6682790120443 50.6072001139323 50.5461212158203 50.4850423177083 50.4290724224514 50.3884295357598 50.3477866490682
49.8105866114298 49.8563481436835 49.9021096759372 49.9478712081909 49.9936327404446 50.0393942726983 50.0484259923299 50.0452144410875 50.0420028898451 50.0387913386027 50.0355797873603 50.0323682361179 50.0291566848754 49.9945218616062 49.8656172222561 49.7367125829061 49.607807943556 49.478903304206 49.3499986648559 49.2210940255059 49.0921893861559 49.0684526443481 49.0797718683878 49.0910910924275 49.1024103164673 49.113729540507 49.1250487645467 49.1363679885864 49.2074871275159 49.4580060111151 49.7085248947143 49.9590437783135 50.2095626619127 50.4600815455118 50.710600429111 50.9611193127102 50.9850969950358 50.9335609436035 50.8820248921712 50.8304888407389 50.7789527893066 50.7274167378743 50.675880686442 50.6310235553317 50.6062031851874 50.5813828150431
49.8677263259887 49.921555519104 49.9753847122192 50.0292139053345 50.0830430984497 50.1368722915649 50.1588300704956 50.1701640446981 50.1814980189005 50.192831993103 50.2041659673055 50.2154999415079 50.2268339157104 50.2021736780802 50.069530804952 49.9368879318237 49.8042450586955 49.6716021855672 49.538959312439 49.4063164393107 49.2736735661824 49.2397809982299 49.2388051986694 49.2378293991089 49.2368535995483 49.2358777999878 49.2349020004272 49.2339262008667 49.2970936457315 49.5526908238728 49.8082880020141 50.0638851801554 50.3194823582967 50.5750795364379 50.8306767145792 51.0862738927205 51.1186782836914 51.0766850789388 51.0346918741862 50.9926986694336 50.950705464681 50.9087122599284 50.8667190551757 50.832974688212 50.823976834615 50.814978981018
49.9248660405477 49.9867628945245 50.0486597485012 50.110556602478 50.1724534564548 50.2343503104316 50.2692341486613 50.2951136483086 50.320993147956 50.3468726476033 50.3727521472507 50.398631646898 50.4245111465454 50.4098254945543 50.2734443876478 50.1370632807414 50.0006821738349 49.8643010669284 49.727919960022 49.5915388531155 49.455157746209 49.4111093521118 49.397838528951 49.3845677057902 49.3712968826294 49.3580260594686 49.3447552363078 49.331484413147 49.3867001639471 49.6473756366305 49.9080511093139 50.1687265819973 50.4294020546807 50.690077527364 50.9507530000474 51.2114284727308 51.252259572347 51.2198092142741 51.1873588562012 51.1549084981282 51.1224581400553 51.0900077819824 51.0575574239095 51.0349258210924 51.0417504840427 51.048575146993
49.8281438827515 49.911947186788 49.9957504908244 50.0795537948609 50.1633570988973 50.2471604029338 50.2923311551412 50.3246243900723 50.3569176250034 50.3892108599345 50.4215040948656 50.4537973297967 50.4860905647278 50.4769856452942 50.3436862627665 50.2103868802389 50.0770874977112 49.9437881151835 49.8104887326559 49.6771893501282 49.5438899676005 49.5015295982361 49.4894822332594 49.4774348682827 49.4653875033061 49.4533401383294 49.4412927733527 49.429245408376 49.4874373541937 49.7563472323947 50.0252571105956 50.2941669887966 50.5630768669975 50.8319867451985 51.1008966233994 51.3698065016004 51.4140977223714 51.3835160573323 51.3529343922933 51.3223527272542 51.2917710622151 51.2611893971761 51.230607732137 51.2111733860439 51.2251809967888 51.2391886075337
49.5775598526001 49.6971083958944 49.8166569391887 49.9362054824829 50.0557540257772 50.1753025690714 50.2281210899353 50.258696269989 50.2892714500427 50.3198466300964 50.3504218101502 50.3809969902039 50.4115721702576 50.4036541302999 50.280256430308 50.1568587303162 50.0334610303243 49.9100633303325 49.7866656303406 49.6632679303487 49.5398702303569 49.5110417366028 49.5137363115946 49.5164308865865 49.5191254615784 49.5218200365702 49.5245146115621 49.5272091865539 49.5993052164713 49.8796056111653 50.1599060058593 50.4402064005533 50.7205067952473 51.0008071899413 51.2811075846353 51.5614079793294 51.6041927337646 51.5678056081136 51.5314184824625 51.4950313568115 51.4586442311605 51.4222571055094 51.3858699798584 51.3617173830668 51.3742683728536 51.3868193626404
49.3269758224487 49.4822696050008 49.6375633875529 49.792857170105 49.948150952657 50.1034447352091 50.1639110247294 50.1927681499057 50.2216252750821 50.2504824002584 50.2793395254347 50.308196650611 50.3370537757874 50.3303226153056 50.2168265978495 50.1033305803935 49.9898345629374 49.8763385454814 49.7628425280253 49.6493465105693 49.5358504931132 49.5205538749695 49.5379903899299 49.5554269048903 49.5728634198507 49.590299934811 49.6077364497715 49.6251729647318 49.7111730787488 50.0028639899359 50.294554901123 50.58624581231 50.8779367234971 51.1696276346842 51.4613185458712 51.7530094570583 51.7942877451579 51.7520951588948 51.7099025726318 51.6677099863688 51.6255174001058 51.5833248138428 51.5411322275797 51.5122613800896 51.5233557489183 51.534450117747
49.0763917922974 49.2674308141073 49.4584698359172 49.649508857727 49.8405478795369 50.0315869013468 50.0997009595235 50.1268400298225 50.1539791001214 50.1811181704203 50.2082572407193 50.2353963110182 50.2625353813172 50.2569911003113 50.1533967653911 50.0498024304708 49.9462080955506 49.8426137606303 49.7390194257101 49.6354250907898 49.5318307558696 49.5300660133362 49.5622444682651 49.594422923194 49.626601378123 49.6587798330519 49.6909582879808 49.7231367429097 49.8230409410264 50.1261223687065 50.4292037963866 50.7322852240667 51.0353666517469 51.338448079427 51.6415295071071 51.9446109347872 51.9843827565511 51.9363847096761 51.8883866628011 51.8403886159261 51.7923905690511 51.7443925221761 51.6963944753011 51.6628053771125 51.672443124983 51.6820808728536
48.825807762146 49.0525920232137 49.2793762842814 49.5061605453491 49.7329448064168 49.9597290674845 50.0354908943176 50.0609119097392 50.0863329251607 50.1117539405823 50.1371749560038 50.1625959714254 50.1880169868469 50.183659585317 50.0899669329326 49.9962742805481 49.9025816281637 49.8088889757792 49.7151963233948 49.6215036710104 49.5278110186259 49.5395781517029 49.5864985466003 49.6334189414978 49.6803393363952 49.7272597312927 49.7741801261902 49.8211005210876 49.934908803304 50.2493807474772 50.5638526916503 50.8783246358235 51.1927965799967 51.5072685241698 51.821740468343 52.1362124125162 52.1744777679443 52.1206742604573 52.0668707529704 52.0130672454834 51.9592637379964 51.9054602305094 51.8516567230224 51.8133493741353 51.8215305010477 51.8297116279602
48.5752237319946 48.8377532323201 49.1002827326457 49.3628122329712 49.6253417332967 49.8878712336222 49.9712808291117 49.9949837896559 50.0186867502001 50.0423897107442 50.0660926712884 50.0897956318326 50.1134985923767 50.1103280703227 50.0265371004741 49.9427461306254 49.8589551607768 49.7751641909282 49.6913732210795 49.6075822512309 49.5237912813822 49.5490902900696 49.6107526249356 49.6724149598016 49.7340772946675 49.7957396295335 49.8574019643995 49.9190642992655 50.0467766655815 50.3726391262478 50.698501586914 51.0243640475802 51.3502265082465 51.6760889689127 52.0019514295789 52.3278138902452 52.3645727793375 52.3049638112386 52.2453548431396 52.1857458750407 52.1261369069417 52.0665279388428 52.0069189707438 51.9638933711582 51.9706178771125 51.9773423830668
