data/working_set_collections/6091692-Cassins_Sparrow-MC/2000/bio4.asc
NCOLS 265 
NROWS 230 
XLLCORNER -115.5625 
YLLCORNER 24.8333333333333 
CELLSIZE 0.0833333333333333 
NODATA_value -9999 
[rows 80 to 99 of 230, columns 184 to 229 of 265]
979.830433654785 981.6810514662 983.531669277615 984.847639973958 985.985394965277 987.123149956597 988.260904947917 989.398659939236 990.536414930555 991.674169921875 992.925136650933 994.515738593207 996.106340535481 997.696942477756 999.28754442003 1000.8781463623 1002.46874830458 1004.05935024685 1005.30811208089 1006.44292721219 1007.57774234348 1008.71255747477 1009.84737260607 1010.98218773736 1012.11700286865 1012.59279208713 1011.09150356717 1009.5902150472 1008.08892652724 1006.58763800727 1005.0863494873 1003.58506096734 1002.08377244737 1000.10480397542 997.966608852811 995.828413730198 993.690218607585 991.552023484972 989.41382836236 987.275633239747 985.487541029189 984.749757554796 984.011974080404 983.274190606012 982.536407131619 981.798623657227
979.366398620605 981.298633999294 983.230869377983 984.599589029948 985.780470106336 986.961351182725 988.142232259114 989.323113335503 990.503994411892 991.684875488281 992.960532294379 994.520516289605 996.08050028483 997.640484280056 999.200468275282 1000.76045227051 1002.32043626573 1003.88042026096 1005.0839960734 1006.16876915826 1007.25354224311 1008.33831532796 1009.42308841281 1010.50786149767 1011.59263458252 1012.03342861599 1010.54228549533 1009.05114237467 1007.55999925402 1006.06885613336 1004.5777130127 1003.08656989204 1001.59542677138 999.579882303874 997.389537387425 995.199192470975 993.008847554525 990.818502638076 988.628157721626 986.437812805176 984.59173956977 983.778481377496 982.965223185222 982.151964992947 981.338706800673 980.525448608399
978.902363586426 980.916216532389 982.930069478352 984.351538085937 985.575545247396 986.799552408854 988.023559570312 989.24756673177 990.471573893229 991.695581054687 992.995927937825 994.525293986002 996.05466003418 997.584026082356 999.113392130533 1000.64275817871 1002.17212422689 1003.70149027506 1004.85988006592 1005.89461110433 1006.92934214274 1007.96407318115 1008.99880421956 1010.03353525798 1011.06826629639 1011.47406514486 1009.9930674235 1008.51206970215 1007.03107198079 1005.55007425944 1004.06907653809 1002.58807881673 1001.10708109538 999.054960632325 996.812465922038 994.569971211752 992.327476501465 990.084981791179 987.842487080893 985.599992370606 983.695938110352 982.807205200196 981.918472290039 981.029739379883 980.141006469727 979.252273559571
978.438328552246 980.533799065483 982.629269578721 984.103487141927 985.370620388454 986.637753634982 987.90488688151 989.172020128038 990.439153374566 991.706286621093 993.031323581271 994.5300716824 996.028819783528 997.527567884657 999.026315985785 1000.52506408691 1002.02381218804 1003.52256028917 1004.63576405843 1005.6204530504 1006.60514204237 1007.58983103434 1008.57452002631 1009.55920901828 1010.54389801025 1010.91470167372 1009.44384935167 1007.97299702962 1006.50214470757 1005.03129238553 1003.56044006348 1002.08958774143 1000.61873541938 998.530038960775 996.235394456652 993.940749952529 991.646105448405 989.351460944282 987.056816440159 984.762171936036 982.800136650933 981.835929022895 980.871721394857 979.907513766819 978.943306138781 977.979098510742
976.514288838704 978.602002461751 980.689716084798 982.212338765462 983.546597798665 984.880856831868 986.215115865072 987.549374898275 988.883633931478 990.217892964681 991.601812913683 993.13471561008 994.667618306478 996.200521002875 997.733423699273 999.26632639567 1000.79922909207 1002.33213178847 1003.43733469645 1004.3999710083 1005.36260732015 1006.325243632 1007.28787994385 1008.2505162557 1009.21315256755 1009.58375888401 1008.1782752143 1006.7727915446 1005.36730787489 1003.96182420519 1002.55634053548 1001.15085686578 999.745373196073 997.6717183431 995.37533976237 993.078961181642 990.782582600912 988.486204020183 986.189825439454 983.893446858724 981.907733154297 980.854014078776 979.800295003256 978.746575927735 977.692856852214 976.639137776693
973.130244445801 975.120826721192 977.111408996582 978.678092956543 980.103477478028 981.528861999512 982.954246520996 984.379631042481 985.805015563965 987.23040008545 988.707395935059 990.339225769043 991.971055603027 993.602885437012 995.234715270996 996.86654510498 998.498374938965 1000.13020477295 1001.26459197998 1002.23316497803 1003.20173797607 1004.17031097412 1005.13888397217 1006.10745697022 1007.07602996826 1007.48123677572 1006.19634501139 1004.91145324707 1003.62656148275 1002.34166971843 1001.0567779541 999.771886189779 998.486994425456 996.479998779297 994.232301839193 991.98460489909 989.736907958985 987.489211018881 985.241514078777 982.993817138673 981.018727620443 979.861460367839 978.704193115235 977.546925862631 976.389658610027 975.232391357422
969.746200052897 971.639650980632 973.533101908366 975.143847147624 976.660357157389 978.176867167155 979.693377176921 981.209887186686 982.726397196452 984.242907206218 985.812978956434 987.543735928006 989.274492899577 991.005249871148 992.736006842719 994.46676381429 996.197520785861 997.928277757432 999.091849263509 1000.06635894775 1001.040868632 1002.01537831624 1002.98988800049 1003.96439768473 1004.93890736898 1005.37871466743 1004.21441480849 1003.05011494954 1001.8858150906 1000.72151523166 999.557215372722 998.392915513781 997.22861565484 995.288279215495 993.089263916016 990.890248616537 988.691233317058 986.492218017579 984.2932027181 982.09418741862 980.129722086589 978.868906656902 977.608091227214 976.347275797527 975.086460367839 973.825644938152
966.362155659994 968.158475240072 969.95479482015 971.609601338704 973.217236836751 974.824872334798 976.432507832845 978.040143330892 979.647778828939 981.255414326986 982.91856197781 984.748246086968 986.577930196126 988.407614305284 990.237298414442 992.0669825236 993.896666632758 995.726350741916 996.919106547038 997.89955291748 998.879999287923 999.860445658366 1000.84089202881 1001.82133839925 1002.80178476969 1003.27619255914 1002.23248460558 1001.18877665202 1000.14506869846 999.101360744901 998.057652791342 997.013944837783 995.970236884224 994.096559651693 991.946225992839 989.795892333985 987.645558675131 985.495225016277 983.344891357423 981.194557698568 979.240716552735 977.876352945964 976.511989339193 975.147625732422 973.783262125652 972.41889851888
962.97811126709 964.677299499512 966.376487731934 968.075355529785 969.774116516113 971.472877502442 973.17163848877 974.870399475098 976.569160461426 978.267921447754 980.024144999186 981.952756245931 983.881367492676 985.80997873942 987.738589986165 989.66720123291 991.595812479655 993.5244237264 994.746363830567 995.732746887207 996.719129943848 997.705513000489 998.691896057129 999.67827911377 1000.66466217041 1001.17367045085 1000.25055440267 999.327438354493 998.404322306316 997.481206258139 996.558090209961 995.634974161784 994.711858113607 992.904840087891 990.803188069662 988.701536051433 986.599884033204 984.498232014975 982.396579996746 980.294927978516 978.351711018881 976.883799235027 975.415887451172 973.947975667318 972.480063883464 971.01215209961
959.594066874186 961.196123758952 962.798180643718 964.541109720866 966.330996195475 968.120882670085 969.910769144694 971.700655619304 973.490542093913 975.280428568522 977.129728020562 979.157266404893 981.184804789225 983.212343173557 985.239881557888 987.26741994222 989.294958326552 991.322496710883 992.573621114095 993.565940856934 994.558260599772 995.550580342611 996.542900085449 997.535219828288 998.527539571126 999.071148342557 998.268624199762 997.466100056967 996.663575914171 995.861051771376 995.058527628581 994.256003485786 993.453479342991 991.713120524089 989.660150146485 987.607179768881 985.554209391277 983.501239013673 981.448268636069 979.395298258464 977.462705485027 975.891245524089 974.319785563151 972.748325602214 971.176865641277 969.605405680339
956.35871887207 957.878663804796 959.398608737522 961.127313232422 962.925604248047 964.723895263672 966.522186279297 968.320477294922 970.118768310547 971.917059326172 973.77292175293 975.801498413086 977.830075073242 979.858651733398 981.887228393555 983.915805053711 985.944381713867 987.972958374023 989.239957173666 990.253096686469 991.266236199273 992.279375712077 993.292515224881 994.305654737685 995.318794250489 995.89342634413 995.152536180285 994.41164601644 993.670755852594 992.929865688749 992.188975524903 991.448085361058 990.707195197212 989.07625579834 987.148633321127 985.221010843914 983.2933883667 981.365765889487 979.438143412273 977.510520935059 975.666118706598 974.071377224393 972.476635742188 970.881894259983 969.287152777778 967.692411295573
953.272067260742 954.724919637044 956.177772013346 957.833966064453 959.557940673828 961.281915283203 963.005889892578 964.729864501953 966.453839111328 968.177813720703 969.953726196289 971.885452270508 973.817178344727 975.748904418946 977.680630493164 979.612356567383 981.544082641602 983.47580871582 984.745372009278 985.794214375814 986.843056742351 987.891899108887 988.940741475424 989.98958384196 991.038426208497 991.640504455567 990.902290344239 990.164076232911 989.425862121583 988.687648010255 987.949433898927 987.211219787599 986.47300567627 984.994245910646 983.268637593588 981.543029276531 979.817420959474 978.091812642416 976.366204325359 974.640596008302 972.961950683595 971.424194335938 969.886437988282 968.348681640626 966.81092529297 965.273168945313
950.185415649414 951.571175469293 952.956935289171 954.540618896485 956.190277099609 957.839935302734 959.48959350586 961.139251708984 962.788909912109 964.438568115235 966.134530639649 967.96940612793 969.804281616211 971.639157104492 973.474032592773 975.308908081055 977.143783569336 978.978659057617 980.25078684489 981.335332065159 982.419877285428 983.504422505697 984.588967725966 985.673512946235 986.758058166504 987.387582567004 986.652044508193 985.916506449382 985.180968390571 984.445430331761 983.70989227295 982.974354214139 982.238816155329 980.91223602295 979.388641866049 977.865047709148 976.341453552247 974.817859395346 973.294265238445 971.770671081544 970.257782660591 968.777011447483 967.296240234376 965.815469021268 964.33469780816 962.853926595053
947.098764038086 948.417431301541 949.736098564996 951.247271728516 952.822613525391 954.397955322265 955.973297119141 957.548638916016 959.12398071289 960.699322509766 962.315335083008 964.053359985351 965.791384887695 967.529409790039 969.267434692383 971.005459594727 972.74348449707 974.481509399414 975.756201680502 976.876449754503 977.996697828505 979.116945902507 980.237193976508 981.35744205051 982.477690124512 983.13466067844 982.401798672147 981.668936665853 980.93607465956 980.203212653267 979.470350646973 978.73748864068 978.004626634387 976.830226135255 975.50864613851 974.187066141765 972.86548614502 971.543906148275 970.22232615153 968.900746154786 967.553614637587 966.129828559029 964.706042480469 963.28225640191 961.858470323351 960.434684244792
944.012112426758 945.263687133789 946.515261840821 947.953924560547 949.454949951172 950.955975341797 952.457000732422 953.958026123047 955.459051513672 956.960076904297 958.496139526368 960.137313842774 961.77848815918 963.419662475586 965.060836791992 966.702011108399 968.343185424805 969.984359741211 971.261616516114 972.417567443848 973.573518371582 974.729469299317 975.885420227051 977.041371154786 978.19732208252 978.881738789877 978.151552836101 977.421366882325 976.691180928549 975.960994974773 975.230809020997 974.500623067221 973.770437113445 972.74821624756 971.628650410971 970.509084574383 969.389518737794 968.269952901205 967.150387064617 966.030821228028 964.849446614584 963.482645670574 962.115844726563 960.749043782553 959.382242838542 958.015441894532
940.92546081543 942.109942966038 943.294425116645 944.660577392578 946.087286376953 947.513995361328 948.940704345703 950.367413330078 951.794122314453 953.220831298828 954.676943969727 956.221267700195 957.765591430664 959.309915161133 960.854238891602 962.398562622071 963.942886352539 965.487210083008 966.767031351726 967.958685133193 969.15033891466 970.341992696127 971.533646477594 972.725300259061 973.916954040528 974.628816901314 973.901307000055 973.173797098796 972.446287197538 971.718777296279 970.99126739502 970.263757493762 969.536247592503 968.666206359864 967.748654683432 966.831103006999 965.913551330567 964.995999654135 964.078447977702 963.16089630127 962.14527859158 960.835462782119 959.525646972657 958.215831163195 956.906015353733 955.596199544271
937.991111755371 939.208508809407 940.425905863444 941.782972208659 943.186594984266 944.590217759874 945.993840535482 947.397463311089 948.801086086697 950.204708862305 951.615266248915 953.046627468533 954.477988688151 955.909349907769 957.340711127387 958.772072347005 960.203433566623 961.634794786241 962.851944986979 963.997691514757 965.143438042535 966.289184570313 967.43493109809 968.580677625868 969.726424153646 970.401135762533 969.662742614747 968.92434946696 968.185956319174 967.447563171388 966.709170023601 965.970776875814 965.232383728028 964.485941569011 963.736816406251 962.98769124349 962.23856608073 961.489440917969 960.740315755209 959.991190592448 959.12596198188 957.912423027887 956.698884073894 955.485345119901 954.271806165908 953.058267211915
935.209065246582 936.5593846639 937.909704081217 939.321109008789 940.752875773112 942.184642537435 943.616409301758 945.048176066081 946.479942830404 947.911709594727 949.311106363932 950.613393147786 951.915679931641 953.217966715495 954.520253499349 955.822540283203 957.124827067057 958.427113850911 959.516357421875 960.534586588542 961.552815755209 962.571044921875 963.589274088542 964.607503255209 965.625732421876 966.198695373536 965.435859680177 964.673023986817 963.910188293458 963.147352600099 962.384516906739 961.62168121338 960.858845520021 960.207421875001 959.593135579428 958.978849283855 958.364562988282 957.750276692709 957.135990397136 956.521704101563 955.791496785483 954.713526407878 953.635556030274 952.55758565267 951.479615275066 950.401644897462
932.427018737793 933.910260518392 935.393502298991 936.859245808919 938.319156561957 939.779067314995 941.238978068034 942.698888821072 944.15879957411 945.618710327149 947.00694647895 948.18015882704 949.35337117513 950.52658352322 951.699795871311 952.873008219401 954.046220567491 955.219432915582 956.180769856771 957.071481662327 957.962193467882 958.852905273438 959.743617078993 960.634328884549 961.525040690105 961.996254984538 961.208976745606 960.421698506674 959.634420267742 958.84714202881 958.059863789877 957.272585550945 956.485307312013 955.92890218099 955.449454752605 954.970007324219 954.490559895834 954.011112467449 953.531665039063 953.052217610678 952.457031589085 951.51462978787 950.572227986654 949.629826185439 948.687424384224 947.745022583008
929.644972229004 931.261136372884 932.877300516764 934.39738260905 935.885437350803 937.373492092556 938.86154683431 940.349601576063 941.837656317817 943.32571105957 944.702786593967 945.746924506293 946.79106241862 947.835200330946 948.879338243273 949.923476155599 950.967614067926 952.011751980252 952.845182291667 953.608376736111 954.371571180556 955.134765625 955.897960069445 956.661154513889 957.424348958334 957.793814595541 956.982093811036 956.170373026531 955.358652242026 954.54693145752 953.735210673015 952.92348988851 952.111769104005 951.65038248698 951.305773925782 950.961165364584 950.616556803386 950.271948242188 949.92733968099 949.582731119792 949.122566392687 948.315733167861 947.508899943034 946.702066718208 945.895233493382 945.088400268555
