data/working_set_collections/6091692-Cassins_Sparrow-MC/2000/bio4.asc
NCOLS 265 
NROWS 230 
XLLCORNER -115.5625 
YLLCORNER 24.8333333333333 
CELLSIZE 0.0833333333333333 
NODATA_value -9999 
[rows 160 to 179 of 230, columns 46 to 91 of 265]
671.954156494141 669.611916097006 667.269675699871 664.927435302735 662.5851949056 660.242954508464 660.895100402832 662.545375061035 664.195649719239 665.845924377442 667.496199035645 669.146473693848 670.796748352051 672.628088378906 675.002624511719 677.377160644532 679.751696777344 682.126232910157 684.500769042969 686.875305175782 689.249841308594 689.818983459474 689.786327616375 689.753671773276 689.721015930177 689.688360087078 689.655704243979 689.62304840088 689.192168680829 687.566617329917 685.941065979006 684.315514628095 682.689963277183 681.064411926272 679.43886057536 677.813309224449 679.186294555666 681.558792114259 683.931289672853 686.303787231447 688.67628479004 691.048782348635 693.421279907228 696.13816579183 699.888216654461 703.638267517091
669.738299560548 667.183681233725 664.629062906902 662.074444580079 659.519826253256 656.965207926433 657.444021097819 658.933978101942 660.423935106066 661.913892110189 663.403849114312 664.893806118436 666.383763122559 668.053870985243 670.264431423611 672.47499186198 674.685552300347 676.896112738716 679.106673177084 681.317233615452 683.52779405382 683.779077657065 683.377268981935 682.975460306804 682.573651631674 682.171842956544 681.770034281414 681.368225606284 680.568556552465 678.575306362577 676.58205617269 674.588805982803 672.595555792916 670.602305603029 668.609055413142 666.615805223255 667.857842000327 670.178307766386 672.498773532445 674.819239298504 677.139705064563 679.460170830622 681.780636596681 684.514951748319 688.490815056696 692.466678365073
665.821764119468 663.295103963218 660.768443806968 658.241783650718 655.715123494468 653.188463338217 653.5410542806 654.853395589193 656.165736897787 657.478078206381 658.790419514975 660.102760823569 661.415102132162 662.902026875814 664.912701924643 666.923376973471 668.934052022299 670.944727071127 672.955402119955 674.966077168783 676.976752217612 676.990804545086 676.339315965442 675.687827385798 675.036338806154 674.38485022651 673.733361646866 673.081873067222 672.043985154896 669.846899244522 667.649813334149 665.452727423776 663.255641513403 661.058555603029 658.861469692656 656.664383782283 657.747621663413 659.924300808378 662.100979953344 664.277659098309 666.454338243274 668.63101738824 670.807696533205 673.459814622668 677.538249545629 681.616684468589
660.2045501709 657.946184285483 655.687818400066 653.42945251465 651.171086629233 648.912720743816 649.186199951173 650.303627522787 651.421055094402 652.538482666016 653.655910237631 654.773337809246 655.89076538086 657.172556050619 658.947436014812 660.722315979005 662.497195943197 664.27207590739 666.046955871583 667.821835835776 669.596715799968 669.454164123537 668.672468566896 667.890773010255 667.109077453615 666.327381896974 665.545686340334 664.763990783693 663.61845448812 661.38139597575 659.144337463381 656.907278951011 654.670220438641 652.433161926271 650.196103413902 647.959044901532 648.855633544923 650.796771240235 652.737908935548 654.679046630861 656.620184326173 658.561322021486 660.502459716798 662.972754414877 667.030520121258 671.088285827638
654.587336222332 652.597264607749 650.607192993165 648.617121378582 646.627049763998 644.636978149415 644.831345621745 645.753859456381 646.676373291016 647.598887125652 648.521400960287 649.443914794922 650.366428629558 651.443085225424 652.982170104981 654.521254984538 656.060339864096 657.599424743653 659.13850962321 660.677594502768 662.216679382325 661.917523701987 661.00562116835 660.093718634713 659.181816101076 658.269913567438 657.358011033801 656.446108500164 655.192923821345 652.915892706979 650.638861592612 648.361830478246 646.08479936388 643.807768249513 641.530737135147 639.25370602078 639.963645426433 641.669241672093 643.374837917753 645.080434163413 646.786030409072 648.491626654732 650.197222900392 652.485694207086 656.522790696887 660.559887186687
648.970122273765 647.248344930015 645.526567586264 643.804790242514 642.083012898764 640.361235555014 640.476491292319 641.204091389975 641.931691487631 642.659291585287 643.386891682944 644.1144917806 644.842091878256 645.713614400229 647.016904195151 648.320193990073 649.623483784995 650.926773579917 652.230063374838 653.53335316976 654.836642964682 654.380883280438 653.338773769804 652.29666425917 651.254554748537 650.212445237903 649.17033572727 648.128226216636 646.76739315457 644.450389438207 642.133385721845 639.816382005482 637.499378289119 635.182374572756 632.865370856393 630.54836714003 631.071657307944 632.541712103951 634.011766899958 635.481821695965 636.951876491972 638.421931287979 639.891986083986 641.998633999296 646.015061272517 650.031488545737
643.352908325197 641.89942525228 640.445942179363 638.992459106447 637.53897603353 636.085492960613 636.121636962891 636.654323323568 637.187009684245 637.719696044923 638.2523824056 638.785068766277 639.317755126954 639.984143575033 641.05163828532 642.119132995606 643.186627705893 644.25412241618 645.321617126466 646.389111836752 647.456606547039 646.844242858888 645.671926371258 644.499609883628 643.327293395998 642.154976908368 640.982660420737 639.810343933107 638.341862487795 635.984886169435 633.627909851076 631.270933532717 628.913957214357 626.556980895998 624.200004577639 621.843028259279 622.179669189454 623.414182535808 624.648695882163 625.883209228517 627.117722574871 628.352235921226 629.58674926758 631.511573791505 635.507331848146 639.503089904786
637.735694376629 636.550505574545 635.365316772462 634.180127970379 632.994939168295 631.809750366212 631.766782633464 632.104555257162 632.44232788086 632.780100504558 633.117873128256 633.455645751954 633.793418375652 634.254672749838 635.086372375489 635.91807200114 636.749771626791 637.581471252442 638.413170878093 639.244870503744 640.076570129396 639.307602437339 638.005078972712 636.702555508085 635.400032043458 634.097508578832 632.794985114205 631.492461649578 629.916331821019 627.519382900663 625.122433980308 622.725485059952 620.328536139596 617.93158721924 615.534638298884 613.137689378528 613.287681070965 614.286652967666 615.285624864367 616.284596761069 617.28356865777 618.282540554472 619.281512451173 621.024513583714 624.999602423775 628.974691263835
632.18731180827 631.223078409832 630.258845011394 629.294611612957 628.33037821452 627.366144816082 627.315051778158 627.568338860407 627.821625942655 628.074913024903 628.328200107151 628.5814871894 628.834774271648 629.186915418838 629.835618760852 630.484322102865 631.133025444879 631.781728786893 632.430432128907 633.079135470921 633.727838812935 632.869231160483 631.508186509875 630.147141859268 628.78609720866 627.425052558053 626.064007907445 624.702963256837 623.082647196453 620.68451690674 618.286386617026 615.888256327313 613.490126037599 611.091995747886 608.693865458172 606.295735168458 606.327320861817 607.168811882868 608.010302903918 608.851793924968 609.693284946019 610.534775967069 611.376266988119 612.961824713813 616.77958255344 620.597340393067
626.707760620118 625.917143758139 625.12652689616 624.335910034181 623.545293172201 622.754676310222 622.766444396973 623.045674133302 623.32490386963 623.604133605958 623.883363342286 624.162593078614 624.441822814942 624.780871582032 625.299377441407 625.817883300782 626.336389160157 626.854895019532 627.373400878907 627.891906738282 628.410412597657 627.529129028321 626.181248982748 624.833368937175 623.485488891603 622.13760884603 620.789728800457 619.441848754884 617.840808614097 615.480288187664 613.119767761232 610.7592473348 608.398726908367 606.038206481935 603.677686055503 601.31716562907 601.298588562012 602.060659281413 602.822730000815 603.584800720216 604.346871439617 605.108942159018 605.871012878419 607.323507181804 610.847272237143 614.371037292481
621.228209431967 620.611209106446 619.994208780925 619.377208455404 618.760208129884 618.143207804363 618.217837015788 618.523009406196 618.828181796604 619.133354187012 619.43852657742 619.743698967828 620.048871358236 620.374827745226 620.763136121962 621.151444498699 621.539752875435 621.928061252171 622.316369628907 622.704678005643 623.092986382379 622.18902689616 620.854311455622 619.519596015083 618.184880574545 616.850165134007 615.515449693469 614.180734252931 612.59897003174 610.276059468588 607.953148905437 605.630238342286 603.307327779135 600.984417215984 598.661506652833 596.338596089682 596.269856262208 596.952506679959 597.635157097711 598.317807515463 599.000457933215 599.683108350966 600.365758768718 601.685189649794 604.914961920845 608.144734191895
615.748658243816 615.305274454754 614.861890665691 614.418506876629 613.975123087566 613.531739298504 613.669229634604 614.000344679092 614.331459723579 614.662574768067 614.993689812555 615.324804857043 615.655919901531 615.968783908421 616.226894802518 616.485005696616 616.743116590713 617.00122748481 617.259338378907 617.517449273004 617.775560167102 616.848924763999 615.527373928495 614.205823092992 612.884272257488 611.562721421985 610.241170586481 608.919619750978 607.357131449383 605.071830749513 602.786530049643 600.501229349774 598.215928649904 595.930627950034 593.645327250164 591.360026550294 591.241123962403 591.844354078506 592.447584194608 593.050814310711 593.654044426813 594.257274542915 594.860504659018 596.046872117785 598.982651604547 601.918431091309
610.269107055665 609.999339803061 609.729572550457 609.459805297852 609.190038045248 608.920270792644 609.120622253419 609.477679951986 609.834737650554 610.191795349122 610.54885304769 610.905910746257 611.262968444825 611.562740071615 611.690653483074 611.818566894532 611.94648030599 612.074393717449 612.202307128907 612.330220540365 612.458133951824 611.508822631837 610.200436401368 608.8920501709 607.583663940431 606.275277709962 604.966891479493 603.658505249025 602.115292867026 599.867602030437 597.619911193849 595.37222035726 593.124529520672 590.876838684083 588.629147847495 586.381457010906 586.212391662598 586.736201477052 587.260011291505 587.783821105958 588.307630920411 588.831440734864 589.355250549317 590.408554585775 593.050341288249 595.692127990723
604.789555867514 604.693405151368 604.597254435222 604.501103719076 604.40495300293 604.308802286784 604.572014872234 604.955015224881 605.338015577529 605.721015930176 606.104016282824 606.487016635471 606.870016988119 607.15669623481 607.154412163629 607.152128092448 607.149844021268 607.147559950088 607.145275878907 607.142991807727 607.140707736546 606.168720499675 604.873498874241 603.578277248807 602.283055623373 600.98783399794 599.692612372505 598.397390747071 596.873454284669 594.663373311362 592.453292338054 590.243211364747 588.03313039144 585.823049418133 583.612968444825 581.402887471518 581.183659362794 581.628048875597 582.072438388401 582.516827901205 582.961217414009 583.405606926813 583.849996439616 584.770237053765 587.118030971951 589.465824890137
601.867673746745 601.942572021484 602.017470296224 602.092368570963 602.167266845703 602.242165120443 602.503611246745 602.827239990234 603.150868733724 603.474497477213 603.798126220703 604.121754964193 604.445383707682 604.63260260688 604.410591973199 604.188581339518 603.966570705838 603.744560072158 603.522549438477 603.300538804797 603.078528171116 601.943436686199 600.503984917536 599.064533148872 597.625081380209 596.185629611546 594.746177842883 593.30672607422 591.705235460071 589.617628309463 587.530021158855 585.442414008248 583.35480685764 581.267199707032 579.179592556425 577.091985405817 576.940443420411 577.434256490072 577.928069559734 578.421882629395 578.915695699056 579.409508768718 579.903321838379 580.8042807685 582.926677280002 585.049073791504
601.50346069336 601.746840413412 601.990220133463 602.233599853516 602.476979573568 602.72035929362 602.915411376953 603.094354248047 603.273297119141 603.452239990234 603.631182861328 603.810125732422 603.989068603516 603.990459187826 603.459192911784 602.927926635742 602.396660359701 601.865394083659 601.334127807618 600.802861531576 600.271595255534 598.832971191407 597.091894531251 595.350817871095 593.609741210939 591.868664550782 590.127587890626 588.38651123047 586.61063639323 584.730367024741 582.850097656251 580.969828287762 579.089558919272 577.209289550782 575.329020182293 573.448750813803 573.48274383545 574.154824320476 574.826904805502 575.498985290528 576.171065775554 576.84314626058 577.515226745606 578.51068572998 580.476280212403 582.441874694824
601.139247639974 601.551108805338 601.962969970703 602.374831136068 602.786692301432 603.198553466797 603.327211507161 603.361468505859 603.395725504557 603.429982503255 603.464239501953 603.498496500651 603.532753499349 603.348315768772 602.507793850369 601.667271931966 600.826750013564 599.986228095161 599.145706176758 598.305184258356 597.464662339953 595.722505696615 593.679804144966 591.637102593317 589.594401041668 587.551699490019 585.508997938369 583.46629638672 581.51603732639 579.843105740018 578.170174153647 576.497242567275 574.824310980904 573.151379394532 571.478447808161 569.805516221789 570.025044250489 570.875392150879 571.72574005127 572.57608795166 573.426435852051 574.276783752442 575.127131652832 576.21709069146 578.025883144803 579.834675598145
600.775034586588 601.355377197266 601.935719807943 602.51606241862 603.096405029297 603.676747639974 603.73901163737 603.628582763672 603.518153889974 603.407725016276 603.297296142578 603.18686726888 603.076438395182 602.706172349718 601.556394788954 600.40661722819 599.256839667427 598.107062106663 596.957284545899 595.807506985135 594.657729424371 592.612040201824 590.267713758682 587.923387315539 585.579060872397 583.234734429255 580.890407986112 578.54608154297 576.42143825955 574.955844455296 573.490250651043 572.024656846789 570.559063042536 569.093469238282 567.627875434029 566.162281629775 566.567344665528 567.595959981283 568.624575297038 569.653190612793 570.681805928548 571.710421244304 572.739036560059 573.923495652941 575.575486077203 577.227476501465
600.410821533203 601.159645589192 601.908469645182 602.657293701172 603.406117757161 604.154941813151 604.150811767578 603.895697021484 603.640582275391 603.385467529297 603.130352783203 602.87523803711 602.620123291016 602.064028930664 600.604995727539 599.145962524414 597.68692932129 596.227896118164 594.76886291504 593.309829711915 591.85079650879 589.501574707032 586.855623372397 584.209672037761 581.563720703126 578.917769368491 576.271818033855 573.62586669922 571.32683919271 570.068583170574 568.810327148438 567.552071126303 566.293815104167 565.035559082032 563.777303059897 562.519047037761 563.109645080567 564.316527811687 565.523410542806 566.730293273926 567.937176005046 569.144058736166 570.350941467285 571.629900614421 573.125089009603 574.620277404785
600.046608479818 600.96391398112 601.881219482422 602.798524983724 603.715830485026 604.633135986328 604.562611897786 604.162811279297 603.763010660807 603.363210042318 602.963409423828 602.563608805339 602.163808186849 601.421885511611 599.653596666124 597.885307820638 596.117018975152 594.348730129666 592.58044128418 590.812152438694 589.043863593208 586.39110921224 583.443532986112 580.495956759984 577.548380533855 574.600804307727 571.653228081598 568.70565185547 566.232240125869 565.181321885852 564.130403645834 563.079485405817 562.0285671658 560.977648925782 559.926730685765 558.875812445747 559.651945495606 561.03709564209 562.422245788575 563.807395935059 565.192546081543 566.577696228028 567.962846374512 569.336305575901 570.674691942003 572.013078308106
