data/working_set_collections/6091692-Cassins_Sparrow-MC/2000/bio4.asc
NCOLS 265 
NROWS 230 
XLLCORNER -115.5625 
YLLCORNER 24.8333333333333 
CELLSIZE 0.0833333333333333 
NODATA_value -9999 
[rows 180 to 199 of 230, columns 184 to 229 of 265]
702.419520568848 700.97709910075 699.53467763265 698.030543518067 696.505838521322 694.981133524577 693.456428527832 691.931723531088 690.407018534343 688.882313537598 687.672687106663 687.408296373156 687.143905639649 686.879514906142 686.615124172635 686.350733439128 686.086342705621 685.821951972114 684.412607320151 682.621611362034 680.830615403918 679.039619445802 677.248623487686 675.457627529569 673.666631571453 671.958284166125 670.497882419164 669.037480672202 667.57707892524 666.116677178278 664.656275431316 663.195873684355 661.735471937393 659.365602111818 656.692576260039 654.01955040826 651.34652455648 648.673498704701 646.000472852921 643.327447001142 640.362095642093 636.519767761234 632.677439880374 628.835111999515 624.992784118656 621.150456237796
700.400016784669 699.251691182455 698.103365580241 696.719914245606 695.25808766683 693.796261088054 692.334434509278 690.872607930502 689.410781351726 687.94895477295 686.729332478841 686.236323038737 685.743313598633 685.250304158529 684.757294718425 684.264285278321 683.771275838217 683.278266398112 681.576579284669 679.471999613445 677.367419942221 675.262840270997 673.158260599773 671.05368092855 668.949101257325 666.967471313478 665.354690551759 663.74190979004 662.129129028322 660.516348266603 658.903567504884 657.290786743165 655.678005981447 652.928459167482 649.799990336102 646.671521504722 643.543052673342 640.414583841962 637.286115010582 634.157646179201 630.715795389814 626.333798726403 621.951802062991 617.56980539958 613.187808736169 608.805812072757
698.380513000489 697.526283264161 696.672053527833 695.409284973145 694.010336812338 692.61138865153 691.212440490723 689.813492329916 688.414544169109 687.015596008301 685.78597785102 685.064349704319 684.342721557618 683.621093410916 682.899465264215 682.177837117513 681.456208970812 680.734580824111 678.740551249187 676.322387864856 673.904224480524 671.486061096192 669.067897711861 666.64973432753 664.231570943198 661.97665846083 660.211498684354 658.446338907879 656.681179131403 654.916019354927 653.150859578452 651.385699801976 649.6205400255 646.491316223146 642.907404412165 639.323492601185 635.739580790203 632.155668979223 628.571757168242 624.987845357261 621.069495137535 616.147829691572 611.226164245608 606.304498799645 601.382833353681 596.461167907717
696.361009216309 695.800875345866 695.240741475424 694.098655700684 692.762585957846 691.426516215007 690.090446472168 688.75437672933 687.418306986491 686.082237243653 684.842623223199 683.892376369901 682.942129516602 681.991882663303 681.041635810005 680.091388956706 679.141142103408 678.190895250109 675.904523213705 673.172776116266 670.441029018827 667.709281921388 664.977534823949 662.24578772651 659.51404062907 656.985845608183 655.06830681695 653.150768025717 651.233229234485 649.315690443252 647.39815165202 645.480612860787 643.563074069555 640.054173278811 636.014818488229 631.975463697648 627.936108907066 623.896754116485 619.857399325904 615.818044535322 611.423194885257 605.961860656742 600.500526428226 595.03919219971 589.577857971195 584.116523742679
694.341505432129 694.075467427572 693.809429423015 692.788026428223 691.514835103353 690.241643778484 688.968452453614 687.695261128744 686.422069803874 685.148878479004 683.899268595378 682.720403035482 681.541537475586 680.362671915691 679.183806355795 678.004940795899 676.826075236003 675.647209676107 673.068495178224 670.023164367677 666.97783355713 663.932502746583 660.887171936036 657.84184112549 654.796510314943 651.995032755535 649.925114949546 647.855197143556 645.785279337567 643.715361531577 641.645443725587 639.575525919598 637.505608113608 633.617030334475 629.122232564293 624.627434794111 620.132637023928 615.637839253746 611.143041483564 606.648243713381 601.776894632978 595.775891621911 589.774888610843 583.773885599775 577.772882588708 571.77187957764
692.32200164795 692.350059509278 692.378117370606 691.477397155762 690.267084248861 689.05677134196 687.846458435059 686.636145528158 685.425832621257 684.215519714356 682.955913967557 681.548429701064 680.140945434571 678.733461168078 677.325976901585 675.918492635092 674.511008368599 673.103524102106 670.232467142742 666.873552619087 663.514638095433 660.155723571778 656.796809048124 653.43789452447 650.078980000815 647.004219902887 644.781923082141 642.559626261394 640.337329440648 638.115032619902 635.892735799155 633.670438978408 631.448142157662 627.179887390138 622.229646640356 617.279405890573 612.32916514079 607.378924391007 602.428683641224 597.478442891441 592.1305943807 585.58992258708 579.04925079346 572.50857899984 565.967907206221 -9999
689.733598327637 689.936302185059 690.139006042481 689.302959696452 688.120663282607 686.938366868762 685.756070454916 684.573774041071 683.391477627225 682.20918121338 680.918792385526 679.304126315648 677.689460245769 676.074794175891 674.460128106012 672.845462036134 671.230795966256 669.616129896377 666.523935953777 662.939232720271 659.354529486764 655.769826253257 652.18512301975 648.600419786243 645.015716552736 641.687390306263 639.12819502089 636.568999735516 634.009804450143 631.45060916477 628.891413879397 626.332218594024 623.77302330865 618.976316324873 613.433772108293 607.891227891714 602.348683675134 596.806139458554 591.263595241975 585.721051025394 579.902856614859 573.257711622455 566.61256663005 559.967421637645 553.322276645241 546.677131652836
686.576295471192 686.834195454916 687.09209543864 686.264714050294 685.075572204591 683.886430358888 682.697288513184 681.508146667481 680.319004821778 679.129862976075 677.787903849285 675.987492879233 674.187081909181 672.386670939129 670.586259969077 668.785848999024 666.985438028972 665.18502705892 661.94290161133 658.220204671226 654.497507731122 650.774810791017 647.052113850913 643.329416910809 639.606719970705 636.044543965659 632.96393076579 629.88331756592 626.80270436605 623.722091166181 620.64147796631 617.560864766441 614.480251566571 609.006317138675 602.734608968102 596.46290079753 590.191192626956 583.919484456384 577.647776285811 571.376068115238 565.093681335453 558.779258728032 552.464836120609 546.150413513187 539.835990905766 -9999
683.418992614746 683.732088724773 684.045184834799 683.226468404135 682.030481126574 680.834493849013 679.638506571452 678.442519293892 677.246532016331 676.05054473877 674.657015313044 672.670859442818 670.684703572592 668.698547702366 666.712391832141 664.726235961915 662.740080091689 660.753924221464 657.361867268881 653.50117662218 649.640485975479 645.779795328777 641.919104682076 638.058414035375 634.197723388673 630.401697625056 626.79966651069 623.197635396323 619.595604281957 615.993573167591 612.391542053224 608.789510938858 605.187479824492 599.036317952477 592.035445827911 585.034573703346 578.033701578779 571.032829454213 564.031957329648 557.031085205081 550.284506056047 544.300805833608 538.317105611168 532.333405388729 526.34970516629 -9999
680.261689758301 680.629981994629 680.998274230958 680.188222757976 678.985390048558 677.782557339139 676.579724629721 675.376891920303 674.174059210884 672.971226501466 671.526126776802 669.354226006403 667.182325236004 665.010424465605 662.838523695205 660.666622924806 658.494722154407 656.322821384008 652.780832926434 648.782148573136 644.783464219837 640.784779866538 636.78609551324 632.787411159941 628.788726806642 624.758851284453 620.63540225559 616.511953226727 612.388504197865 608.265055169002 604.141606140139 600.018157111277 595.894708082414 589.066318766279 581.336282687721 573.606246609162 565.876210530603 558.146174452044 550.416138373486 542.686102294926 535.475330776643 529.822352939186 524.169375101729 -9999 -9999 -9999
677.104386901856 677.527875264486 677.951363627116 677.149977111817 675.940298970541 674.730620829265 673.520942687989 672.311264546713 671.101586405437 669.891908264161 668.395238240561 666.037592569988 663.679946899415 661.322301228842 658.96465555827 656.607009887696 654.249364217124 651.891718546551 648.199798583986 644.06312052409 639.926442464195 635.789764404298 631.653086344403 627.516408284507 623.379730224611 619.11600494385 614.47113800049 609.826271057131 605.181404113772 600.536537170413 595.891670227053 591.246803283694 586.601936340335 579.096319580081 570.63711954753 562.177919514978 553.718719482425 545.259519449874 536.800319417322 528.34111938477 520.666155497237 515.343900044763 -9999 -9999 -9999 -9999
673.94708404541 674.425768534343 674.904453023275 674.111731465658 672.895207892525 671.678684319391 670.462160746257 669.245637173124 668.02911359999 666.812590026856 665.26434970432 662.720959133573 660.177568562826 657.63417799208 655.090787421334 652.547396850587 650.004006279841 647.460615709094 643.618764241538 639.344092475045 635.069420708552 630.794748942059 626.520077175566 622.245405409073 617.97073364258 613.473158603246 608.306873745391 603.140588887534 597.974304029679 592.808019171823 587.641734313967 582.475449456111 577.309164598256 569.126320393883 559.937956407339 550.749592420794 541.561228434248 532.372864447704 -9999 -9999 -9999 -9999 -9999 -9999 -9999 -9999
671.096600341797 671.54246351454 671.988326687283 671.165540059408 669.91987016466 668.674200269912 667.428530375164 666.182860480415 664.937190585667 663.691520690919 662.08341369629 659.38799540202 656.692577107749 653.997158813478 651.301740519207 648.606322224936 645.910903930665 643.215485636395 639.28803253174 634.949901156957 630.611769782174 626.273638407391 621.935507032608 617.597375657825 613.259244283042 608.57554219564 602.85512797038 597.134713745119 591.414299519859 585.693885294599 579.973471069338 574.253056844078 568.532642618818 559.880176544193 550.250359853113 540.620543162033 530.990726470951 521.360909779871 -9999 -9999 -9999 -9999 -9999 -9999 -9999 -9999
668.552935791016 668.877960205079 669.202984619141 668.311402893067 667.014285786948 665.717168680828 664.420051574708 663.122934468588 661.825817362468 660.528700256348 658.852430216473 656.038701375327 653.224972534181 650.411243693035 647.597514851889 644.783786010743 641.970057169598 639.156328328452 635.207603454591 630.880546569826 626.55348968506 622.226432800294 617.899375915529 613.572319030764 609.245262145997 604.423155721031 598.115900675458 591.808645629885 585.501390584312 579.19413553874 572.886880493166 566.579625447594 560.272370402021 551.357888031009 541.574329884851 531.790771738692 522.007213592532 -9999 -9999 -9999 -9999 -9999 -9999 -9999 -9999 -9999
666.009271240235 666.213456895617 666.417642550999 665.457265726726 664.108701409235 662.760137091743 661.411572774252 660.063008456761 658.71444413927 657.365879821778 655.621446736655 652.689407348634 649.757367960613 646.825328572592 643.893289184572 640.96124979655 638.02921040853 635.097171020509 631.127174377443 626.811191982695 622.495209587947 618.179227193198 613.86324479845 609.547262403702 605.231280008953 600.270769246421 593.376673380537 586.48257751465 579.588481648765 572.69438578288 565.800289916994 558.906194051109 552.012098185225 542.835599517825 532.898299916589 522.961000315352 -9999 -9999 -9999 -9999 -9999 -9999 -9999 -9999 -9999 -9999
663.465606689454 663.548953586155 663.632300482856 662.603128560385 661.203117031522 659.803105502659 658.403093973796 657.003082444934 655.603070916071 654.203059387208 652.390463256837 649.340113321942 646.289763387046 643.23941345215 640.189063517254 637.138713582358 634.088363647463 631.038013712567 627.046745300295 622.741837395564 618.436929490833 614.132021586102 609.827113681371 605.52220577664 601.217297871909 596.118382771812 588.637446085615 581.156509399416 573.675572713219 566.194636027022 558.713699340823 551.232762654626 543.751825968428 534.313311004642 524.222269948328 -9999 -9999 -9999 -9999 -9999 -9999 -9999 -9999 -9999 -9999 -9999
660.921942138672 660.884450276693 660.846958414714 659.748991394044 658.297532653809 656.846073913575 655.394615173341 653.943156433106 652.491697692872 651.040238952638 649.15947977702 645.990819295249 642.822158813478 639.653498331707 636.484837849936 633.316177368165 630.147516886395 626.978856404624 622.966316223146 618.672482808433 614.378649393719 610.084815979005 605.790982564292 601.497149149579 597.203315734865 591.965996297203 583.898218790693 575.830441284182 567.762663777672 559.694886271162 551.627108764651 543.559331258141 535.491553751631 525.791022491458 515.546239980066 -9999 495.056674957279 -9999 -9999 -9999 -9999 -9999 -9999 -9999 -9999 -9999
658.378277587891 658.219946967231 658.061616346572 656.894854227703 655.391948276097 653.889042324491 652.386136372885 650.883230421279 649.380324469673 647.877418518067 645.928496297202 642.641525268556 639.35455423991 636.067583211264 632.780612182619 629.493641153972 626.206670125327 622.919699096681 618.885887145997 614.603128221301 610.320369296606 606.037610371909 601.754851447213 597.472092522517 593.18933359782 587.813609822594 579.158991495771 570.504373168948 561.849754842125 553.195136515303 544.540518188479 535.885899861657 527.231281534834 517.268733978274 506.870210011804 -9999 -9999 -9999 -9999 -9999 -9999 -9999 -9999 -9999 -9999 -9999
654.637554423015 654.498373243545 654.359192064074 653.263248189291 651.848383416071 650.433518642851 649.01865386963 647.603789096409 646.188924323189 644.774059549968 642.851301405166 639.404863145618 635.958424886069 632.511986626521 629.065548366972 625.619110107423 622.172671847875 618.726233588327 614.645574442547 610.353508334692 606.061442226836 601.76937611898 597.477310011124 593.185243903268 588.893177795412 583.377522023522 574.191097259525 565.004672495527 555.81824773153 546.631822967533 537.445398203535 528.258973439538 519.072548675541 509.119183858239 498.910172356503 488.701160854768 -9999 -9999 -9999 -9999 -9999 -9999 -9999 -9999 -9999 -9999
649.699772644044 649.719729105632 649.739685567221 648.85417327881 647.666838073732 646.479502868653 645.292167663575 644.104832458497 642.917497253419 641.730162048341 639.927895100913 636.280832926434 632.633770751954 628.986708577475 625.339646402997 621.692584228517 618.045522054038 614.398459879559 610.245378112795 605.923623148602 601.60186818441 597.280113220216 592.958358256024 588.636603291831 584.314848327638 578.657732899987 568.994536081954 559.331339263919 549.668142445885 540.004945627852 530.341748809817 520.678551991784 511.015355173751 501.342372131351 491.666127014164 -9999 -9999 -9999 -9999 -9999 -9999 -9999 -9999 -9999 -9999 -9999
