data/working_set_collections/6091692-Cassins_Sparrow-MC/2000/bio4.asc
NCOLS 265 
NROWS 230 
XLLCORNER -115.5625 
YLLCORNER 24.8333333333333 
CELLSIZE 0.0833333333333333 
NODATA_value -9999 
[rows 20 to 39 of 230, columns 0 to 45 of 265]
933.579029507107 935.37767791748 937.176326327854 938.974974738227 940.7736231486 942.572271558974 944.370919969347 947.45009765625 950.956118435329 954.46213921441 957.968159993489 961.474180772569 964.980201551649 968.486222330729 971.950758022732 975.290838453504 978.630918884277 981.970999315049 985.311079745822 988.651160176595 991.991240607367 995.33132103814 997.917045593261 1000.25131818983 1002.5855907864 1004.91986338297 1007.25413597955 1009.58840857612 1011.92268117269 1014.27662200928 1016.68956756592 1019.10251312256 1021.5154586792 1023.92840423584 1026.34134979248 1028.75429534912 1031.16724090576 1031.82253163656 1031.8919374254 1031.96134321425 1032.03074900309 1032.10015479194 1032.16956058078 1032.23896636963 1032.24570821126 1032.06445821126
931.672303093804 933.32940826416 934.986513434516 936.643618604872 938.300723775228 939.957828945584 941.61493411594 944.841943359375 948.592253960503 952.342564561632 956.09287516276 959.843185763888 963.593496365017 967.343806966145 971.030046420627 974.524072435167 978.018098449707 981.512124464246 985.006150478786 988.500176493326 991.994202507866 995.488228522406 998.245582580566 1000.75737931993 1003.2691760593 1005.78097279866 1008.29276953803 1010.8045662774 1013.31636301676 1015.80573272705 1018.2278213501 1020.64990997314 1023.07199859619 1025.49408721924 1027.91617584228 1030.33826446533 1032.76035308838 1032.9102259318 1032.30269351535 1031.6951610989 1031.08762868245 1030.48009626601 1029.87256384956 1029.26503143311 1028.79944559733 1028.75969950358
929.765576680501 931.28113861084 932.796700541178 934.312262471517 935.827824401856 937.343386332194 938.858948262533 942.2337890625 946.228389485677 950.222989908854 954.217590332031 958.212190755208 962.206791178385 966.201391601562 970.109334818522 973.757306416829 977.405278015136 981.053249613443 984.701221211751 988.349192810058 991.997164408365 995.645136006673 998.57411956787 1001.26344045003 1003.95276133219 1006.64208221435 1009.33140309652 1012.02072397868 1014.71004486084 1017.33484344482 1019.76607513428 1022.19730682373 1024.62853851318 1027.05977020264 1029.49100189209 1031.92223358154 1034.353465271 1033.99792022705 1032.71344960531 1031.42897898356 1030.14450836182 1028.86003774007 1027.57556711833 1026.29109649658 1025.3531829834 1025.4549407959
927.858850267198 929.23286895752 930.606887647841 931.980906338162 933.354925028483 934.728943718804 936.102962409126 939.625634765624 943.86452501085 948.103415256076 952.342305501302 956.581195746527 960.820085991753 965.058976236979 969.188623216416 972.990540398491 976.792457580566 980.59437476264 984.396291944715 988.19820912679 992.000126308864 995.802043490939 998.902656555175 1001.76950158013 1004.63634660509 1007.50319163004 1010.370036655 1013.23688167996 1016.10372670491 1018.8639541626 1021.30432891846 1023.74470367432 1026.18507843017 1028.62545318603 1031.06582794189 1033.50620269775 1035.94657745361 1035.0856145223 1033.12420569526 1031.16279686822 1029.20138804118 1027.23997921414 1025.2785703871 1023.31716156006 1021.90692036947 1022.15018208822
928.396505567762 929.768165588378 931.139825608995 932.511485629611 933.883145650227 935.254805670843 936.62646569146 940.141366068521 944.370679897731 948.599993726941 952.829307556151 957.058621385361 961.287935214572 965.517249043782 969.672200859917 973.604066636826 977.535932413736 981.467798190646 985.399663967556 989.331529744465 993.263395521375 997.195261298285 1000.37282511393 1003.29895494249 1006.22508477105 1009.15121459961 1012.07734442817 1015.00347425673 1017.92960408529 1020.64177517361 1022.71207004123 1024.78236490885 1026.85265977648 1028.9229546441 1030.99324951172 1033.06354437934 1035.13383924696 1033.91636810303 1031.60297495524 1029.28958180746 1026.97618865967 1024.66279551188 1022.3494023641 1020.03600921631 1018.33868899875 1018.48958757189
931.378542582193 932.887028503417 934.395514424641 935.904000345865 937.412486267089 938.920972188313 940.429458109537 943.78098297119 947.74685414632 951.712725321451 955.678596496581 959.644467671711 963.610338846842 967.576210021972 971.560067749022 975.597885131835 979.635702514647 983.67351989746 987.711337280273 991.749154663085 995.786972045897 999.82478942871 1002.98462524414 1005.85180053711 1008.71897583008 1011.58615112305 1014.45332641601 1017.32050170898 1020.18767700195 1022.66830647786 1023.9892985026 1025.31029052734 1026.63128255208 1027.95227457682 1029.27326660156 1030.5942586263 1031.91525065104 1030.49018096924 1028.14975738526 1025.80933380127 1023.46891021729 1021.1284866333 1018.78806304932 1016.44763946533 1014.64848887126 1014.47315724691
934.360579596625 936.005891418456 937.651203240288 939.29651506212 940.941826883951 942.587138705783 944.232450527614 947.420599873859 951.12302839491 954.82545691596 958.527885437011 962.230313958061 965.932742479112 969.635171000162 973.447934638128 977.591703626844 981.735472615559 985.879241604274 990.02301059299 994.166779581705 998.31054857042 1002.45431755914 1005.59642537435 1008.40464613173 1011.21286688911 1014.02108764648 1016.82930840386 1019.63752916124 1022.44574991862 1024.69483778212 1025.26652696398 1025.83821614583 1026.40990532769 1026.98159450955 1027.55328369141 1028.12497287326 1028.69666205512 1027.06399383545 1024.69653981527 1022.32908579509 1019.9616317749 1017.59417775472 1015.22672373454 1012.85926971436 1010.95828874376 1010.45672692193
937.342616611056 939.124754333495 940.906892055935 942.689029778374 944.471167500813 946.253305223252 948.035442945692 951.060216776529 954.499202643499 957.93818851047 961.37717437744 964.816160244411 968.255146111382 971.694131978352 975.335801527234 979.585522121853 983.83524271647 988.084963311088 992.334683905707 996.584404500325 1000.83412509494 1005.08384568956 1008.20822550456 1010.95749172634 1013.70675794813 1016.45602416992 1019.20529039171 1021.9545566135 1024.70382283529 1026.72136908637 1026.54375542535 1026.36614176432 1026.1885281033 1026.01091444227 1025.83330078125 1025.65568712023 1025.4780734592 1023.63780670166 1021.24332224528 1018.8488377889 1016.45435333252 1014.05986887614 1011.66538441976 1009.27089996338 1007.26808861627 1006.44029659695
940.324653625487 942.243617248534 944.162580871581 946.081544494628 948.000508117675 949.919471740722 951.838435363769 954.699833679198 957.875376892088 961.05092010498 964.22646331787 967.40200653076 970.577549743652 973.753092956542 977.22366841634 981.579340616861 985.935012817382 990.290685017902 994.646357218424 999.002029418944 1003.35770161946 1007.71337381999 1010.82002563476 1013.51033732096 1016.20064900716 1018.89096069336 1021.58127237956 1024.27158406575 1026.96189575195 1028.74790039062 1027.82098388672 1026.89406738281 1025.96715087891 1025.040234375 1024.11331787109 1023.18640136719 1022.25948486328 1020.21161956787 1017.79010467529 1015.36858978272 1012.94707489014 1010.52555999756 1008.10404510498 1005.6825302124 1003.57788848877 1002.42386627197
943.306690639919 945.362480163573 947.418269687228 949.474059210883 951.529848734537 953.585638258191 955.641427781846 958.339450581867 961.251551140678 964.163651699489 967.0757522583 969.98785281711 972.899953375922 975.812053934732 979.111535305446 983.57315911187 988.034782918293 992.496406724717 996.958030531141 1001.41965433756 1005.88127814399 1010.34290195041 1013.43182576497 1016.06318291558 1018.69454006619 1021.3258972168 1023.9572543674 1026.58861151801 1029.21996866862 1030.77443169488 1029.09821234809 1027.4219930013 1025.74577365451 1024.06955430773 1022.39333496094 1020.71711561415 1019.04089626736 1016.78543243408 1014.33688710531 1011.88834177653 1009.43979644775 1006.99125111898 1004.5427057902 1002.09416046143 999.887688361275 998.407435946995
944.642200893826 946.713607279459 948.785013665093 950.856420050727 952.92782643636 954.999232821994 957.070639207628 959.615147399902 962.31735619439 965.019564988878 967.721773783366 970.423982577853 973.126191372341 975.828400166829 978.964615546332 983.402850680881 987.841085815429 992.279320949978 996.717556084527 1001.15579121908 1005.59402635362 1010.03226148817 1013.12069193522 1015.75918748644 1018.39768303765 1021.03617858887 1023.67467414008 1026.3131696913 1028.95166524251 1030.50521884494 1028.80394660102 1027.1026743571 1025.40140211317 1023.70012986925 1021.99885762533 1020.2975853814 1018.59631313748 1016.18894958496 1013.54622226291 1010.90349494086 1008.26076761882 1005.61804029677 1002.97531297472 1000.33258565267 997.90891333686 996.142406039768
944.331184387207 946.296998596191 948.262812805175 950.22862701416 952.194441223144 954.160255432129 956.126069641113 958.5269241333 961.072792053222 963.618659973144 966.164527893066 968.710395812988 971.25626373291 973.802131652832 976.782909138997 981.068415323893 985.353921508789 989.639427693684 993.924933878581 998.210440063476 1002.49594624837 1006.78145243327 1009.88662414551 1012.59835103353 1015.31007792155 1018.02180480957 1020.73353169759 1023.44525858561 1026.15698547363 1027.94026184082 1026.93818664551 1025.9361114502 1024.93403625488 1023.93196105957 1022.92988586426 1021.92781066895 1020.92573547363 1018.42217102051 1015.41811014811 1012.41404927572 1009.40998840332 1006.40592753093 1003.40186665853 1000.39780578613 997.641563415528 995.628776550293
944.020167880588 945.880389912923 947.740611945258 949.600833977593 951.461056009928 953.321278042263 955.181500074598 957.438700866699 959.828227912055 962.217754957411 964.607282002767 966.996809048122 969.386336093479 971.775863138834 974.601202731662 978.733979966905 982.866757202148 986.999534437391 991.132311672635 995.265088907877 999.39786614312 1003.53064337836 1006.65255635579 1009.43751458062 1012.22247280545 1015.00743103027 1017.7923892551 1020.57734747993 1023.36230570475 1025.3753048367 1025.07242669 1024.76954854329 1024.46667039659 1024.16379224989 1023.86091410319 1023.55803595649 1023.25515780979 1020.65539245605 1017.28999803331 1013.92460361057 1010.55920918783 1007.19381476508 1003.82842034234 1000.4630259196 997.374213494195 995.115147060818
943.709151373969 945.463781229655 947.21841108534 948.973040941027 950.727670796712 952.482300652398 954.236930508084 956.350477600097 958.583663770887 960.816849941677 963.050036112467 965.283222283257 967.516408454047 969.749594624837 972.419496324326 976.399544609917 980.379592895507 984.359641181097 988.339689466688 992.319737752278 996.299786037868 1000.27983432346 1003.41848856608 1006.27667812771 1009.13486768934 1011.99305725098 1014.85124681261 1017.70943637424 1020.56762593587 1022.81034783257 1023.20666673448 1023.60298563639 1023.9993045383 1024.39562344021 1024.79194234212 1025.18826124403 1025.58458014594 1022.8886138916 1019.16188591851 1015.43515794542 1011.70842997233 1007.98170199924 1004.25497402615 1000.52824605306 997.106863572863 994.601517571344
943.39813486735 945.047172546386 946.696210225423 948.34524790446 949.994285583496 951.643323262532 953.292360941569 955.262254333496 957.33909962972 959.415944925944 961.492790222168 963.569635518392 965.646480814616 967.72332611084 970.237789916992 974.06510925293 977.892428588867 981.719747924804 985.547067260742 989.374386596679 993.201705932617 997.029025268555 1000.18442077637 1003.1158416748 1006.04726257324 1008.97868347168 1011.91010437012 1014.84152526855 1017.77294616699 1020.24539082845 1021.34090677897 1022.43642272949 1023.53193868001 1024.62745463053 1025.72297058105 1026.81848653157 1027.9140024821 1025.12183532715 1021.03377380371 1016.94571228027 1012.85765075684 1008.7695892334 1004.68152770996 1000.59346618652 996.83951365153 994.087888081869
943.087118360731 944.630563863118 946.174009365505 947.717454867893 949.26090037028 950.804345872667 952.347791375054 954.174031066894 956.094535488552 958.01503991021 959.935544331868 961.856048753526 963.776553175185 965.697057596842 968.056083509657 971.730673895942 975.405264282226 979.079854668511 982.754445054796 986.42903544108 990.103625827365 993.77821621365 996.950352986654 999.955005221896 1002.95965745714 1005.96430969238 1008.96896192763 1011.97361416287 1014.97826639811 1017.68043382433 1019.47514682346 1021.26985982259 1023.06457282172 1024.85928582085 1026.65399881999 1028.44871181912 1030.24342481825 1027.3550567627 1022.90566168891 1018.45626661513 1014.00687154134 1009.55747646756 1005.10808139377 1000.65868631999 996.572163730198 993.574258592394
942.534637451172 943.99507039388 945.455503336588 946.915936279297 948.376369222005 949.836802164713 951.297235107422 953.00759379069 954.801261054145 956.5949283176 958.388595581055 960.182262844509 961.975930107964 963.769597371419 966.032468159993 969.702949523926 973.373430887857 977.04391225179 980.714393615722 984.384874979654 988.055356343586 991.725837707519 994.848793029785 997.789239671495 1000.72968631321 1003.67013295491 1006.61057959663 1009.55102623834 1012.49147288005 1015.19230363634 1017.17428673638 1019.15626983643 1021.13825293647 1023.12023603651 1025.10221913656 1027.0842022366 1029.06618533664 1026.42557118734 1022.24409128825 1018.06261138916 1013.88113149007 1009.69965159098 1005.51817169189 1001.33669179281 997.389960394966 994.147474500868
941.740692138672 943.140692138672 944.540692138672 945.940692138672 947.340692138672 948.740692138672 950.140692138672 951.762942504883 953.459276326497 955.155610148112 956.851943969727 958.548277791341 960.244611612956 961.94094543457 964.166943868001 967.981936136881 971.796928405761 975.611920674641 979.426912943522 983.241905212402 987.056897481282 990.871889750162 993.879740905762 996.6185450236 999.357349141439 1002.09615325928 1004.83495737712 1007.57376149495 1010.31256561279 1012.78100026449 1014.43832651774 1016.095652771 1017.75297902425 1019.41030527751 1021.06763153076 1022.72495778402 1024.38228403727 1022.33337860108 1019.04906260173 1015.76474660238 1012.48043060303 1009.19611460368 1005.91179860433 1002.62748260498 999.292903645834 995.807535807292
940.946746826172 942.286313883464 943.625880940755 944.965447998047 946.305015055338 947.64458211263 948.984149169922 950.518291219075 952.11729159885 953.716291978624 955.315292358398 956.914292738173 958.513293117947 960.112293497721 962.301419576008 966.260922749837 970.220425923665 974.179929097493 978.139432271321 982.098935445149 986.058438618977 990.017941792806 992.910688781738 995.447850375705 997.985011969672 1000.52217356364 1003.05933515761 1005.59649675157 1008.13365834554 1010.36969689263 1011.7023662991 1013.03503570557 1014.36770511203 1015.7003745185 1017.03304392497 1018.36571333143 1019.6983827379 1018.24118601481 1015.8540339152 1013.46688181559 1011.07972971598 1008.69257761637 1006.30542551676 1003.91827341716 1001.1958468967 997.467597113715
940.152801513672 941.431935628255 942.711069742838 943.990203857422 945.269337972005 946.548472086588 947.827606201172 949.273639933268 950.775306871202 952.276973809136 953.77864074707 955.280307685004 956.781974622938 958.283641560872 960.435895284016 964.539909362793 968.643923441569 972.747937520344 976.851951599121 980.955965677897 985.059979756672 989.163993835449 991.941636657715 994.27715572781 996.612674797906 998.948193868001 1001.2837129381 1003.61923200819 1005.95475107829 1007.95839352078 1008.96640608046 1009.97441864014 1010.98243119982 1011.99044375949 1012.99845631917 1014.00646887885 1015.01448143853 1014.14899342855 1012.65900522868 1011.16901702881 1009.67902882894 1008.18904062907 1006.6990524292 1005.20906422933 1003.09879014757 999.127658420139
