data/working_set_collections/6091692-Cassins_Sparrow-MC/2000/bio5.asc
NCOLS 265 
NROWS 230 
XLLCORNER -115.5625 
YLLCORNER 24.8333333333333 
CELLSIZE 0.0833333333333333 
NODATA_value -9999 
[rows 120 to 139 of 230, columns 0 to 45 of 265]
41.3728527492947 41.5968409220377 41.8208290947808 42.0448172675238 42.2688054402669 42.4927936130099 42.716781785753 42.8138326009114 42.8685709635417 42.9233093261719 42.9780476888021 43.0327860514323 43.0875244140625 43.1422627766927 43.1231364780003 42.8824161953397 42.6416959126791 42.4009756300185 42.1602553473579 41.9195350646973 41.6788147820367 41.4380944993761 41.2034011840821 40.9707168579102 40.7380325317383 40.5053482055664 40.2726638793946 40.0399795532227 39.8072952270508 39.6134248521593 39.5359963311089 39.4585678100586 39.3811392890082 39.3037107679579 39.2262822469075 39.1488537258572 39.0714252048068 39.0046951293945 38.9415312025282 38.8783672756618 38.8152033487955 38.7520394219292 38.6888754950629 38.6257115681966 38.4855445861817 38.1143684387207
41.3907699584961 41.6125228881836 41.834275817871 42.0560287475586 42.2777816772461 42.4995346069335 42.7212875366211 42.8102020263672 42.8548370361328 42.8994720458984 42.9441070556641 42.9887420654297 43.0333770751953 43.0780120849609 43.0521151224773 42.8146222432455 42.5771293640137 42.339636484782 42.1021436055502 41.8646507263184 41.6271578470867 41.3896649678549 41.1984573364258 41.022678120931 40.8468989054362 40.6711196899414 40.4953404744466 40.3195612589518 40.143782043457 39.9994369506835 39.9493942260742 39.8993515014648 39.8493087768554 39.799266052246 39.7492233276366 39.6991806030273 39.6491378784179 39.5887771606444 39.5249771118163 39.4611770629882 39.3973770141601 39.3335769653319 39.2697769165038 39.2059768676757 39.0619672139485 38.677328745524
41.4086871676975 41.6282048543294 41.8477225409613 42.0672402275933 42.2867579142252 42.5062756008572 42.7257932874891 42.8065714518229 42.841103108724 42.875634765625 42.910166422526 42.9446980794271 42.9792297363281 43.0137613932292 42.9810937669543 42.7468282911513 42.5125628153484 42.2782973395454 42.0440318637424 41.8097663879395 41.5755009121366 41.3412354363336 41.1935134887696 41.0746393839518 40.9557652791341 40.8368911743164 40.7180170694987 40.599142964681 40.4802688598633 40.3854490492078 40.3627921210394 40.340135192871 40.3174782647026 40.2948213365342 40.2721644083658 40.2495074801974 40.226850552029 40.1728591918945 40.1084230211045 40.0439868503146 39.9795506795247 39.9151145087347 39.8506783379448 39.7862421671549 39.6383898417155 39.2402890523274
41.4266043768988 41.6438868204752 41.8611692640516 42.078451707628 42.2957341512044 42.5130165947808 42.7302990383572 42.8029408772786 42.8273691813151 42.8517974853516 42.876225789388 42.9006540934245 42.9250823974609 42.9495107014974 42.9100724114313 42.6790343390571 42.447996266683 42.2169581943089 41.9859201219347 41.7548820495606 41.5238439771865 41.2928059048123 41.1885696411133 41.1266006469727 41.064631652832 41.0026626586914 40.9406936645508 40.8787246704101 40.8167556762695 40.7714611477322 40.7761900160047 40.7809188842773 40.7856477525499 40.7903766208224 40.795105489095 40.7998343573676 40.8045632256401 40.7569412231445 40.6918689303927 40.626796637641 40.5617243448893 40.4966520521375 40.4315797593858 40.3665074666341 40.2148124694824 39.8032493591308
41.4445215861002 41.659568786621 41.8746159871419 42.0896631876627 42.3047103881836 42.5197575887044 42.7348047892252 42.7993103027344 42.8136352539063 42.8279602050781 42.84228515625 42.8566101074219 42.8709350585938 42.8852600097656 42.8390510559083 42.6112403869629 42.3834297180176 42.1556190490723 41.927808380127 41.6999977111817 41.4721870422364 41.244376373291 41.183625793457 41.1785619099935 41.1734980265299 41.1684341430664 41.1633702596028 41.1583063761393 41.1532424926757 41.1574732462564 41.18958791097 41.2217025756835 41.253817240397 41.2859319051106 41.3180465698241 41.3501612345377 41.3822758992512 41.3410232543944 41.2753148396809 41.2096064249674 41.1438980102538 41.0781895955403 41.0124811808267 40.9467727661132 40.7912350972493 40.3662096659342
41.4624387953016 41.6752507527669 41.8880627102322 42.1008746676975 42.3136866251627 42.526498582628 42.7393105400933 42.7956797281901 42.7999013264974 42.8041229248047 42.808344523112 42.8125661214193 42.8167877197266 42.8210093180339 42.7680297003853 42.5434464348687 42.3188631693523 42.0942799038358 41.8696966383193 41.6451133728028 41.4205301072863 41.1959468417698 41.1786819458008 41.2305231730143 41.2823644002278 41.3342056274414 41.3860468546549 41.4378880818684 41.489729309082 41.5434853447807 41.6029858059353 41.6624862670898 41.7219867282443 41.7814871893988 41.8409876505533 41.9004881117078 41.9599885728623 41.9251052856445 41.8587607489691 41.7924162122938 41.7260716756184 41.6597271389431 41.5933826022677 41.5270380655924 41.3676577250163 40.9291699727376
41.6458557976616 41.834484608968 42.0231134202745 42.2117422315809 42.4003710428873 42.5889998541937 42.7776286655002 42.8213930765788 42.816869354248 42.8123456319173 42.8078219095866 42.8032981872559 42.7987744649251 42.7942507425944 42.7384779188369 42.5289577907986 42.3194376627604 42.1099175347223 41.900397406684 41.6908772786459 41.4813571506077 41.2718370225694 41.2780553181966 41.3561864217122 41.4343175252278 41.5124486287435 41.5905797322591 41.6687108357747 41.7468419392903 41.8199297587076 41.87788772583 41.9358456929524 41.9938036600748 42.0517616271973 42.1097195943196 42.167677561442 42.2256355285645 42.1963729858399 42.1380369398329 42.079700893826 42.021364847819 41.9630288018121 41.9046927558051 41.8463567097982 41.6941413879395 41.2602882385254
41.9947725931803 42.1372703552245 42.2797681172688 42.4222658793131 42.5647636413574 42.7072614034016 42.8497591654459 42.8764503479004 42.8645393371582 42.852628326416 42.8407173156738 42.8288063049316 42.8168952941895 42.8049842834473 42.7503957112631 42.5677744547526 42.3851531982422 42.2025319417318 42.0199106852214 41.8372894287109 41.6546681722005 41.4720469156901 41.4817459106445 41.5555516560872 41.6293574015299 41.7031631469726 41.7769688924153 41.850774637858 41.9245803833007 41.9868064880371 42.0142936706543 42.0417808532715 42.0692680358886 42.0967552185058 42.124242401123 42.1517295837402 42.1792167663574 42.1548263549805 42.1131434122722 42.0714604695638 42.0297775268555 41.9880945841471 41.9464116414388 41.9047286987305 41.770686086019 41.3595644632976
42.3436893886989 42.4400561014811 42.5364228142632 42.6327895270453 42.7291562398274 42.8255229526096 42.9218896653917 42.931507619222 42.9122093200684 42.8929110209147 42.8736127217611 42.8543144226074 42.8350161234538 42.8157178243001 42.7623135036893 42.6065911187066 42.450868733724 42.2951463487413 42.1394239637587 41.983701578776 41.8279791937934 41.6722568088108 41.6854365030924 41.7549168904622 41.824397277832 41.8938776652018 41.9633580525716 42.0328384399414 42.1023188273112 42.1536832173665 42.1506996154785 42.1477160135905 42.1447324117025 42.1417488098144 42.1387652079264 42.1357816060384 42.1327980041504 42.1132797241211 42.0882498847114 42.0632200453017 42.0381902058919 42.0131603664822 41.9881305270725 41.9631006876628 41.8472307840984 41.4588406880697
42.6926061842176 42.7428418477376 42.7930775112576 42.8433131747775 42.8935488382975 42.9437845018175 42.9940201653374 42.9865648905436 42.9598793029785 42.9331937154134 42.9065081278483 42.8798225402832 42.8531369527181 42.826451365153 42.7742312961155 42.6454077826606 42.5165842692057 42.3877607557509 42.258937242296 42.1301137288412 42.0012902153863 41.8724667019314 41.8891270955403 41.9542821248372 42.0194371541341 42.084592183431 42.1497472127278 42.2149022420247 42.2800572713216 42.320559946696 42.2871055603027 42.2536511739095 42.2201967875163 42.186742401123 42.1532880147298 42.1198336283366 42.0863792419434 42.0717330932617 42.0633563571506 42.0549796210395 42.0466028849284 42.0382261488173 42.0298494127062 42.021472676595 41.9237754821778 41.5581169128418
43.0415229797363 43.0456275939941 43.0497322082519 43.0538368225097 43.0579414367675 43.0620460510254 43.0661506652832 43.0416221618652 43.0075492858887 42.9734764099121 42.9394035339355 42.905330657959 42.8712577819824 42.8371849060059 42.7861490885417 42.6842244466146 42.5822998046875 42.4803751627604 42.3784505208333 42.2765258789062 42.1746012369792 42.0726765950521 42.0928176879882 42.1536473592122 42.2144770304362 42.2753067016601 42.3361363728841 42.396966044108 42.457795715332 42.4874366760254 42.4235115051269 42.3595863342285 42.2956611633301 42.2317359924316 42.1678108215332 42.1038856506348 42.0399604797363 42.0301864624024 42.0384628295898 42.0467391967773 42.0550155639648 42.0632919311523 42.0715682983398 42.0798446655273 42.0003201802572 41.657393137614
43.390439775255 43.3484133402506 43.3063869052463 43.2643604702419 43.2223340352376 43.1803076002333 43.1382811652289 43.0966794331868 43.0552192687988 43.0137591044108 42.9722989400228 42.9308387756348 42.8893786112467 42.8479184468587 42.7980668809679 42.7230411105686 42.6480153401693 42.57298956977 42.4979637993706 42.4229380289713 42.347912258572 42.2728864881727 42.2965082804362 42.3530125935872 42.4095169067382 42.4660212198893 42.5225255330403 42.5790298461914 42.6355341593424 42.6543134053548 42.5599174499512 42.4655214945475 42.3711255391439 42.2767295837402 42.1823336283366 42.087937672933 41.9935417175293 41.988639831543 42.0135693020291 42.0384987725152 42.0634282430013 42.0883577134874 42.1132871839735 42.1382166544596 42.0768648783366 41.7566693623861
43.6068869696723 43.5448827107747 43.4828784518772 43.4208741929796 43.358869934082 43.2968656751845 43.2348614162869 43.172624206543 43.1103093465169 43.0479944864909 42.9856796264649 42.9233647664388 42.8610499064128 42.7987350463867 42.7360017564562 42.6720131768121 42.608024597168 42.5440360175239 42.4800474378798 42.4160588582357 42.3520702785916 42.2880816989475 42.3100323994955 42.3606295267741 42.4112266540528 42.4618237813314 42.51242090861 42.5630180358887 42.6136151631673 42.6231173197429 42.509334564209 42.3955518086752 42.2817690531413 42.1679862976075 42.0542035420736 41.9404207865398 41.8266380310059 41.8265950520834 41.8644653320313 41.9023356119792 41.9402058919271 41.978076171875 42.0159464518229 42.0538167317709 42.007541232639 41.7088283962674
43.6908645629883 43.6350357055664 43.5792068481445 43.5233779907227 43.4675491333008 43.4117202758789 43.355891418457 43.2694564819336 43.172819519043 43.0761825561523 42.9795455932617 42.8829086303711 42.7862716674805 42.6896347045899 42.5999537150065 42.5311406453451 42.4623275756836 42.3935145060222 42.3247014363607 42.2558883666993 42.1870752970378 42.1182622273763 42.133390045166 42.1764981587728 42.2196062723796 42.2627143859864 42.3058224995931 42.3489306131999 42.3920387268067 42.3938484191895 42.2717628479005 42.1496772766114 42.0275917053223 41.9055061340333 41.7834205627442 41.6613349914552 41.5392494201661 41.5440521240235 41.5911509195964 41.6382497151693 41.6853485107422 41.7324473063151 41.7795461018881 41.826644897461 41.7923492431642 41.5138702392579
43.7748421563042 43.7251887003581 43.6755352444119 43.6258817884657 43.5762283325195 43.5265748765733 43.4769214206272 43.3662887573242 43.235329691569 43.1043706258138 42.9734115600586 42.8424524943034 42.7114934285482 42.580534362793 42.4639056735569 42.3902681138781 42.3166305541993 42.2429929945204 42.1693554348416 42.0957178751628 42.022080315484 41.9484427558052 41.9567476908366 41.9923667907715 42.0279858907064 42.0636049906413 42.0992240905762 42.1348431905111 42.170462290446 42.1645795186361 42.0341911315918 41.9038027445476 41.7734143575033 41.643025970459 41.5126375834148 41.3822491963705 41.2518608093262 41.2615091959636 41.3178365071615 41.3741638183594 41.4304911295573 41.4868184407552 41.5431457519531 41.5994730631511 41.5771572536893 41.3189120822483
43.8588197496202 43.8153416951497 43.7718636406792 43.7283855862088 43.6849075317383 43.6414294772678 43.5979514227973 43.4631210327149 43.2978398640951 43.1325586954753 42.9672775268555 42.8019963582357 42.6367151896159 42.4714340209961 42.3278576321072 42.249395582411 42.1709335327149 42.0924714830187 42.0140094333225 41.9355473836263 41.8570853339302 41.778623284234 41.7801053365072 41.8082354227702 41.8363655090332 41.8644955952962 41.8926256815593 41.9207557678223 41.9488858540853 41.9353106180827 41.7966194152833 41.6579282124838 41.5192370096843 41.3805458068848 41.2418546040853 41.1031634012859 40.9644721984864 40.9789662679037 41.0445220947266 41.1100779215495 41.1756337483724 41.2411895751953 41.3067454020182 41.3723012288412 41.3619652642145 41.1239539252388
43.9427973429362 43.9054946899414 43.8681920369466 43.8308893839518 43.793586730957 43.7562840779622 43.7189814249674 43.5599533081055 43.3603500366211 43.1607467651367 42.9611434936524 42.761540222168 42.5619369506836 42.3623336791993 42.1918095906576 42.108523050944 42.0252365112305 41.941949971517 41.8586634318034 41.7753768920899 41.6920903523764 41.6088038126628 41.6034629821778 41.6241040547689 41.6447451273601 41.6653861999512 41.6860272725424 41.7066683451335 41.7273094177246 41.7060417175294 41.5590476989747 41.41205368042 41.2650596618653 41.1180656433106 40.9710716247559 40.8240776062013 40.6770835876465 40.6964233398438 40.7712076822917 40.8459920247396 40.9207763671875 40.9955607096354 41.0703450520834 41.1451293945313 41.1467732747397 40.9289957682292
44.0267749362522 43.9956476847331 43.964520433214 43.9333931816949 43.9022659301758 43.8711386786567 43.8400114271376 43.6567855834961 43.4228602091472 43.1889348347982 42.9550094604493 42.7210840861003 42.4871587117513 42.2532333374024 42.0557615492079 41.967650519477 41.8795394897461 41.7914284600152 41.7033174302843 41.6152064005534 41.5270953708225 41.4389843410916 41.4268206278483 41.4399726867676 41.4531247456869 41.4662768046062 41.4794288635254 41.4925809224447 41.505732981364 41.476772816976 41.3214759826661 41.1661791483562 41.0108823140463 40.8555854797364 40.7002886454265 40.5449918111166 40.3896949768067 40.4138804117839 40.4978932698568 40.5819061279297 40.6659189860026 40.7499318440755 40.8339447021485 40.9179575602214 40.9315812852648 40.7340376112197
43.8741387261285 43.8649678548177 43.855796983507 43.8466261121962 43.8374552408854 43.8282843695747 43.8191134982639 43.6210461934408 43.3600134107802 43.0989806281196 42.8379478454591 42.5769150627985 42.3158822801379 42.0548494974773 41.8374541388618 41.7509710523818 41.6644879659017 41.5780048794217 41.4915217929417 41.4050387064616 41.3185556199816 41.2320725335016 41.2166791280111 41.2249822828505 41.2332854376899 41.2415885925293 41.2498917473687 41.2581949022081 41.2664980570476 41.2348172505697 41.08318456014 40.9315518697103 40.7799191792807 40.628286488851 40.4766537984213 40.3250211079916 40.1733884175619 40.190650177002 40.2642100863987 40.3377699957954 40.4113299051921 40.4848898145888 40.5584497239855 40.6320096333822 40.6416911655003 40.4597375657824
43.4848887125652 43.5134552001954 43.5420216878256 43.5705881754558 43.599154663086 43.6277211507162 43.6562876383464 43.4527351379395 43.1718096415203 42.890884145101 42.6099586486817 42.3290331522625 42.0481076558432 41.7671821594239 41.5368873596192 41.4584846496583 41.3800819396973 41.3016792297364 41.2232765197754 41.1448738098145 41.0664710998536 40.9880683898926 40.9730384826661 40.9791328430176 40.9852272033692 40.9913215637207 40.9974159240723 41.0035102844239 41.0096046447754 40.9801750183106 40.8441734313965 40.7081718444825 40.5721702575684 40.4361686706543 40.3001670837403 40.1641654968262 40.0281639099121 40.0267326354981 40.0701581319173 40.1135836283366 40.1570091247559 40.2004346211752 40.2438601175945 40.2872856140137 40.2771029154461 40.1060956319174
