data/working_set_collections/6091692-Cassins_Sparrow-MC/2000/bio5.asc
NCOLS 265 
NROWS 230 
XLLCORNER -115.5625 
YLLCORNER 24.8333333333333 
CELLSIZE 0.0833333333333333 
NODATA_value -9999 
[rows 120 to 139 of 230, columns 46 to 91 of 265]
37.7431922912598 37.3720161437989 37.0008399963379 36.629663848877 36.258487701416 35.8873115539551 35.5865272521973 35.3092068990072 35.031886545817 34.7545661926269 34.4772458394369 34.1999254862467 33.9226051330566 33.6491743034787 33.387412044737 33.1256497859955 32.8638875272539 32.6021252685123 32.3403630097707 32.0786007510291 31.8168384922875 31.4709848880768 31.0971008353764 30.7232167826758 30.3493327299754 29.975448677275 29.6015646245744 29.227680571874 28.9520242055257 28.971050898234 28.9900775909423 29.0091042836507 29.028130976359 29.0471576690674 29.0661843617757 29.085211054484 29.1182097117106 29.1558656904432 29.1935216691759 29.2311776479085 29.2688336266412 29.3064896053738 29.3441455841064 29.3999174700843 29.5100370777978 29.6201566855112
38.2926902770996 37.9080518086751 37.5234133402506 37.1387748718262 36.7541364034017 36.3694979349772 36.0670738220215 35.792054494222 35.5170351664225 35.242015838623 34.9669965108235 34.691977183024 34.4169578552246 34.1407997608185 33.8612253665924 33.5816509723663 33.3020765781402 33.0225021839141 32.7429277896881 32.463353395462 32.1837790012359 31.8410789012909 31.4773368994395 31.1135948975881 30.7498528957367 30.3861108938853 30.0223688920339 29.6586268901825 29.379541905721 29.3544279734293 29.3293140411376 29.304200108846 29.2790861765543 29.2539722442627 29.228858311971 29.2037443796793 29.2067523956299 29.2191343943278 29.2315163930257 29.2438983917236 29.2562803904216 29.2686623891195 29.2810443878174 29.3316445509592 29.496899207433 29.6621538639068
38.8421882629394 38.4440874735514 38.0459866841634 37.6478858947754 37.2497851053874 36.8516843159993 36.5476203918457 36.2749020894368 36.002183787028 35.7294654846191 35.4567471822103 35.1840288798014 34.9113105773926 34.6324252181583 34.3350386884477 34.0376521587372 33.7402656290266 33.442879099316 33.1454925696055 32.848106039895 32.5507195101844 32.211172914505 31.8575729635027 31.5039730125003 31.150373061498 30.7967731104957 30.4431731594933 30.089573208491 29.8070596059163 29.7378050486246 29.668550491333 29.5992959340413 29.5300413767496 29.460786819458 29.3915322621663 29.3222777048747 29.2952950795491 29.2824030982123 29.2695111168755 29.2566191355387 29.2437271542019 29.2308351728651 29.2179431915283 29.2633716318342 29.4837613370683 29.7041510423024
39.3916862487793 38.9801231384278 38.5685600280762 38.1569969177246 37.7454338073731 37.3338706970215 37.0281669616699 36.7577496846517 36.4873324076334 36.2169151306152 35.946497853597 35.6760805765788 35.4056632995605 35.1240506754981 34.8088520103031 34.493653345108 34.178454679913 33.8632560147179 33.5480573495229 33.2328586843279 32.9176600191328 32.5812669277191 32.2378090275659 31.8943511274126 31.5508932272593 31.2074353271061 30.8639774269528 30.5205195267995 30.2345773061116 30.12118212382 30.0077869415283 29.8943917592366 29.780996576945 29.6676013946533 29.5542062123617 29.44081103007 29.3838377634684 29.3456718020969 29.3075058407254 29.2693398793538 29.2311739179823 29.1930079566108 29.1548419952393 29.1950987127092 29.4706234667036 29.746148220698
39.9411842346191 39.516158803304 39.0911333719889 38.6661079406738 38.2410825093587 37.8160570780436 37.5087135314941 37.2405972798665 36.9724810282389 36.7043647766113 36.4362485249837 36.1681322733561 35.9000160217285 35.6156761328379 35.2826653321584 34.9496545314789 34.6166437307994 34.2836329301198 33.9506221294403 33.6176113287608 33.2846005280812 32.9513609409332 32.618045091629 32.2847292423248 31.9514133930206 31.6180975437164 31.2847816944122 30.951465845108 30.6620950063069 30.5045591990153 30.3470233917236 30.189487584432 30.0319517771403 29.8744159698486 29.716880162557 29.5593443552653 29.4723804473877 29.4089405059815 29.3455005645752 29.282060623169 29.2186206817627 29.1551807403565 29.0917407989502 29.1268257935841 29.4574855963389 29.7881453990936
40.490682220459 40.0521944681804 39.6137067159017 39.175218963623 38.7367312113444 38.2982434590657 37.9892601013183 37.7234448750814 37.4576296488444 37.1918144226074 36.9259991963704 36.6601839701334 36.3943687438965 36.1073015901778 35.7564786540137 35.4056557178497 35.0548327816857 34.7040098455217 34.3531869093577 34.0023639731937 33.6515410370297 33.3214549541473 32.9982811556922 32.675107357237 32.3519335587819 32.0287597603268 31.7055859618717 31.3824121634165 31.0896127065023 30.8879362742106 30.6862598419189 30.4845834096273 30.2829069773356 30.081230545044 29.8795541127523 29.6778776804606 29.560923131307 29.472209209866 29.383495288425 29.2947813669841 29.2060674455431 29.1173535241021 29.0286396026612 29.0585528744591 29.4443477259741 29.8301425774891
40.8264350891114 40.3925819396974 39.9587287902832 39.5248756408692 39.0910224914552 38.657169342041 38.3450169881185 38.0734315660265 37.8018461439345 37.5302607218425 37.2586752997505 36.9870898776584 36.7155044555664 36.4248738606772 36.0771077473958 35.7293416341146 35.3815755208334 35.0338094075521 34.6860432942709 34.3382771809896 33.9905110677083 33.6831997394562 33.3893733395471 33.0955469396379 32.8017205397288 32.5078941398197 32.2140677399105 31.9202413400014 31.6430477248298 31.4157524638705 31.1884572029113 30.9611619419522 30.7338666809929 30.5065714200337 30.2792761590746 30.0519808981153 29.899401585261 29.7717275884416 29.6440535916222 29.5163795948028 29.3887055979835 29.2610316011641 29.1333576043447 29.143120045132 29.5651917987399 29.9872635523477
40.9484428405762 40.5373212178549 40.1261995951335 39.7150779724121 39.3039563496908 38.8928347269694 38.5759841918945 38.2905573527019 38.0051305135091 37.7197036743164 37.4342768351237 37.148849995931 36.8634231567383 36.568392944336 36.2445526123047 35.9207122802735 35.5968719482422 35.2730316162109 34.9491912841797 34.6253509521485 34.3015106201172 34.0365952968597 33.7913216431935 33.5460479895273 33.3007743358612 33.055500682195 32.8102270285288 32.5649533748626 32.3224000612894 32.0880077679951 31.8536154747009 31.6192231814066 31.3848308881123 31.150438594818 30.9160463015238 30.6816540082295 30.4878158092498 30.3074956417083 30.1271754741668 29.9468553066253 29.7665351390838 29.5862149715423 29.4058948040008 29.3805273056029 29.8200178146361 30.2595083236693
41.0704505920411 40.6820604960124 40.2936703999837 39.9052803039551 39.5168902079265 39.1285001118978 38.8069513956706 38.5076831393772 38.2084148830838 37.9091466267904 37.609878370497 37.3106101142036 37.0113418579102 36.7119120279948 36.4119974772136 36.1120829264323 35.8121683756511 35.5122538248698 35.2123392740886 34.9124247233073 34.612510172526 34.3899908542633 34.1932699468401 33.9965490394168 33.7998281319936 33.6031072245703 33.4063863171471 33.2096654097239 33.0017523977491 32.7602630721197 32.5187737464904 32.2772844208611 32.0357950952317 31.7943057696024 31.5528164439731 31.3113271183437 31.0762300332387 30.8432636949751 30.6102973567115 30.3773310184479 30.1443646801843 29.9113983419206 29.678432003657 29.6179345660738 30.0748438305324 30.5317530949909
41.1924583435059 40.82679977417 40.461141204834 40.0954826354981 39.7298240661622 39.3641654968262 39.0379185994466 38.7248089260526 38.4116992526584 38.0985895792644 37.7854799058703 37.4723702324761 37.1592605590821 36.8554311116537 36.5794423421224 36.3034535725912 36.0274648030599 35.7514760335286 35.4754872639974 35.1994984944662 34.9235097249349 34.7433864116669 34.5952182504866 34.4470500893063 34.298881928126 34.1507137669457 34.0025456057654 33.8543774445851 33.6811047342088 33.4325183762444 33.18393201828 32.9353456603156 32.6867593023512 32.4381729443868 32.1895865864224 31.9410002284579 31.6646442572276 31.3790317482419 31.0934192392561 30.8078067302704 30.5221942212847 30.2365817122989 29.9509692033132 29.8553418265447 30.3296698464287 30.8039978663125
41.3144660949707 40.9715390523275 40.6286120096843 40.285684967041 39.9427579243978 39.5998308817546 39.2688858032227 38.9419347127279 38.6149836222331 38.2880325317383 37.9610814412435 37.6341303507487 37.3071792602539 36.9989501953125 36.7468872070312 36.49482421875 36.2427612304688 35.9906982421875 35.7386352539063 35.486572265625 35.2345092773437 35.0967819690704 34.9971665541331 34.8975511391957 34.7979357242584 34.698320309321 34.5987048943837 34.4990894794463 34.3604570706685 34.104773680369 33.8490902900695 33.59340689977 33.3377235094705 33.0820401191711 32.8263567288716 32.5706733385721 32.2530584812164 31.9147998015086 31.5765411218007 31.2382824420929 30.9000237623851 30.5617650826772 30.2235064029694 30.0927490870156 30.5844958623249 31.0762426376341
41.4364738464356 41.1162783304851 40.7960828145345 40.475887298584 40.1556917826335 39.8354962666829 39.4998530069987 39.1590604994033 38.8182679918077 38.4774754842123 38.1366829766168 37.7958904690213 37.4550979614258 37.1424692789714 36.9143320719401 36.6861948649089 36.4580576578776 36.2299204508463 36.0017832438151 35.7736460367839 35.5455088297526 35.450177526474 35.3991148577796 35.3480521890852 35.2969895203908 35.2459268516964 35.194864183002 35.1438015143076 35.0398094071282 34.7770289844936 34.5142485618591 34.2514681392245 33.98868771659 33.7259072939554 33.4631268713209 33.2003464486863 32.8414727052053 32.4505678547753 32.0596630043453 31.6687581539154 31.2778533034855 30.8869484530555 30.4960436026256 30.3301563474866 30.8393218782212 31.3484874089558
41.4101155598959 41.1114027235244 40.8126898871528 40.5139770507813 40.2152642144098 39.9165513780382 39.57873433431 39.2278825547961 38.8770307752822 38.5261789957683 38.1753272162544 37.8244754367405 37.4736236572266 37.1590545654297 36.9533335367839 36.7476125081381 36.5418914794922 36.3361704508464 36.1304494222006 35.9247283935547 35.7190073649089 35.6555147806803 35.6394316779243 35.6233485751682 35.6072654724121 35.591182369656 35.5750992668999 35.5590161641439 35.4817822774252 35.2210960388184 34.9604098002116 34.6997235616049 34.439037322998 34.1783510843913 33.9176648457845 33.6569786071777 33.2965107440949 32.90278233952 32.509053934945 32.1153255303701 31.7215971257952 31.3278687212202 30.9341403166453 30.7605560249751 31.2474040720197 31.7342521190642
41.2353912353516 40.9569122314454 40.6784332275391 40.3999542236329 40.1214752197266 39.8429962158204 39.5055297851563 39.1484008789063 38.7912719726563 38.4341430664063 38.0770141601564 37.7198852539063 37.3627563476563 37.0487060546876 36.8638916015625 36.6790771484375 36.4942626953125 36.3094482421875 36.1246337890625 35.9398193359375 35.7550048828125 35.7127937316894 35.718117014567 35.7234402974446 35.7287635803222 35.7340868631998 35.7394101460774 35.744733428955 35.6863756815593 35.4369748433431 35.187574005127 34.9381731669108 34.6887723286946 34.4393714904785 34.1899706522624 33.9405698140462 33.6181725978851 33.2714432557424 32.9247139135996 32.5779845714569 32.2312552293142 31.8845258871714 31.5377965450286 31.3839481194812 31.8087424437204 32.2335367679594
41.0606669108074 40.8024217393664 40.5441765679254 40.2859313964844 40.0276862250435 39.7694410536025 39.4323252360027 39.0689192030166 38.7055131700304 38.3421071370444 37.9787011040583 37.6152950710721 37.251889038086 36.9383575439454 36.7744496663412 36.610541788737 36.4466339111329 36.2827260335287 36.1188181559245 35.9549102783204 35.7910024007162 35.7700726826986 35.7968023512098 35.8235320197211 35.8502616882324 35.8769913567437 35.903721025255 35.9304506937662 35.8909690856934 35.6528536478678 35.4147382100423 35.1766227722168 34.9385073343913 34.7003918965658 34.4622764587402 34.2241610209147 33.9398344516754 33.6401041719649 33.3403738922543 33.0406436125437 32.7409133328332 32.4411830531226 32.141452773412 32.0073402139874 32.3700808154211 32.7328214168547
40.8859425862631 40.6479312472874 40.4099199083117 40.171908569336 39.9338972303603 39.6958858913846 39.359120686849 38.9894375271268 38.6197543674046 38.2500712076824 37.8803880479602 37.5107048882379 37.1410217285157 36.8280090332032 36.6850077311198 36.5420064290365 36.3990051269532 36.2560038248698 36.1130025227865 35.9700012207032 35.8269999186198 35.8273516337077 35.8754876878526 35.9236237419976 35.9717597961426 36.0198958502875 36.0680319044325 36.1161679585774 36.0955624898275 35.8687324523926 35.6419024149577 35.4150723775228 35.1882423400879 34.961412302653 34.7345822652181 34.5077522277832 34.2614963054657 34.0087650881873 33.7560338709089 33.5033026536306 33.2505714363522 32.9978402190738 32.7451090017954 32.6307323084936 32.9314191871218 33.23210606575
40.7112182617188 40.4934407552084 40.275663248698 40.0578857421876 39.8401082356771 39.6223307291667 39.2859161376954 38.9099558512371 38.5339955647787 38.1580352783204 37.7820749918621 37.4061147054037 37.0301544189454 36.717660522461 36.5955657958985 36.473471069336 36.3513763427735 36.229281616211 36.1071868896485 35.985092163086 35.8629974365234 35.8846305847168 35.9541730244954 36.0237154642741 36.0932579040527 36.1628003438313 36.23234278361 36.3018852233886 36.3001558939616 36.0846112569173 35.869066619873 35.6535219828288 35.4379773457845 35.2224327087402 35.006888071696 34.7913434346517 34.583158159256 34.3774260044098 34.1716938495636 33.9659616947174 33.7602295398712 33.554497385025 33.3487652301788 33.2541244029997 33.4927575588225 33.7313907146453
40.5364939371745 40.3389502631294 40.1414065890842 39.9438629150391 39.746319240994 39.5487755669488 39.2127115885417 38.8304741753473 38.4482367621528 38.0659993489584 37.683761935764 37.3015245225695 36.9192871093751 36.6073120117188 36.5061238606771 36.4049357096354 36.3037475585938 36.2025594075521 36.1013712565104 36.0001831054688 35.8989949544271 35.9419095357259 36.0328583611382 36.1238071865505 36.2147560119629 36.3057048373752 36.3966536627875 36.4876024881998 36.5047492980957 36.300490061442 36.0962308247884 35.8919715881348 35.6877123514811 35.4834531148275 35.2791938781738 35.0749346415202 34.9048200130462 34.7460869206322 34.5873538282182 34.4286207358042 34.2698876433902 34.1111545509762 33.9524214585622 33.8775164975059 34.0540959305232 34.2306753635405
40.2777839660645 40.0958303663467 39.9138767666287 39.7319231669109 39.549969567193 39.3680159674751 39.0433944702149 38.6712170071073 38.2990395439996 37.926862080892 37.5546846177844 37.1825071546767 36.8103296915691 36.509349653456 36.4219618903266 36.3345741271973 36.247186364068 36.1597986009386 36.0724108378093 35.9850230746799 35.8976353115506 35.9424936930338 36.0314341227213 36.1203745524089 36.2093149820964 36.2982554117838 36.3871958414714 36.4761362711589 36.4980487399632 36.3188773261177 36.1397059122722 35.9605344984267 35.7813630845812 35.6021916707357 35.4230202568902 35.2438488430447 35.109196472168 34.9893837822808 34.8695710923937 34.7497584025065 34.6299457126194 34.5101330227322 34.390320332845 34.3353703816731 34.4750086466471 34.614646911621
39.9350883483888 39.7640810648601 39.5930737813315 39.4220664978028 39.2510592142742 39.0800519307455 38.7779647827149 38.432184346517 38.0864039103191 37.7406234741212 37.3948430379233 37.0490626017253 36.7032821655274 36.4237734476726 36.343079884847 36.2623863220215 36.181692759196 36.1009991963705 36.020305633545 35.9396120707194 35.8589185078939 35.8863830566406 35.9499003092448 36.013417561849 36.0769348144531 36.1404520670573 36.2039693196615 36.2674865722657 36.2800542195639 36.1397730509441 35.9994918823243 35.8592107137045 35.7189295450847 35.5786483764649 35.4383672078451 35.2980860392253 35.1962875366211 35.1073165893555 35.0183456420898 34.9293746948242 34.8404037475586 34.7514328002929 34.6624618530273 34.6276860555012 34.755495707194 34.8833053588867
