data/working_set_collections/6091692-Cassins_Sparrow-MC/2000/bio5.asc
NCOLS 265 
NROWS 230 
XLLCORNER -115.5625 
YLLCORNER 24.8333333333333 
CELLSIZE 0.0833333333333333 
NODATA_value -9999 
[rows 80 to 99 of 230, columns 0 to 45 of 265]
35.596324496799 35.7675287882486 35.9387330796983 36.1099373711479 36.2811416625976 36.4523459540472 36.6235502454969 36.6185394287109 36.554790242513 36.491041056315 36.4272918701171 36.3635426839192 36.2997934977213 36.2360443115234 36.1621996561685 36.058068593343 35.9539375305175 35.849806467692 35.7456754048664 35.6415443420409 35.5374132792154 35.4332822163899 35.1371183872222 34.7769436359405 34.4167688846587 34.056594133377 33.6964193820953 33.3362446308135 32.9760698795318 32.669379266103 32.5231410662332 32.3769028663635 32.2306646664937 32.0844264666239 31.9381882667541 31.7919500668843 31.6457118670145 31.8196759382883 32.1003740999432 32.3810722615983 32.6617704232533 32.9424685849083 33.2231667465633 33.5038649082183 33.7928863525389 34.1068776448567
35.9198549058702 36.0827733357747 36.2456917656792 36.4086101955837 36.5715286254882 36.7344470553927 36.8973654852973 36.9380493164062 36.93798828125 36.9379272460937 36.9378662109374 36.9378051757812 36.9377441406249 36.9376831054687 36.9144584655761 36.8217430114745 36.729027557373 36.6363121032714 36.5435966491698 36.4508811950683 36.3581657409667 36.2654502868651 35.9640719890594 35.5931394100189 35.2222068309783 34.8512742519378 34.4803416728973 34.1094090938568 33.7384765148163 33.4161949475606 33.2398664156595 33.0635378837585 32.8872093518575 32.7108808199564 32.5345522880554 32.3582237561544 32.1818952242533 32.3332737763722 32.5938880231644 32.8545022699567 33.115116516749 33.3757307635412 33.6363450103335 33.8969592571258 34.1638224283853 34.4494323730468
36.2433853149413 36.3980178833007 36.5526504516601 36.7072830200195 36.8619155883788 37.0165481567382 37.1711807250976 37.2575592041015 37.3211863199869 37.3848134358723 37.4484405517577 37.5120676676431 37.5756947835285 37.6393218994139 37.6667172749836 37.585417429606 37.5041175842284 37.4228177388508 37.3415178934732 37.2602180480956 37.178918202718 37.0976183573404 36.7910255908965 36.4093351840972 36.0276447772979 35.6459543704986 35.2642639636993 34.8825735568999 34.5008831501006 34.1630106290181 33.9565917650858 33.7501729011535 33.5437540372212 33.3373351732889 33.1309163093566 32.9244974454244 32.718078581492 32.846871614456 33.0874019463856 33.3279322783151 33.5684626102446 33.8089929421742 34.0495232741037 34.2900536060332 34.5347585042317 34.7919871012369
36.5669157240125 36.7132624308268 36.859609137641 37.0059558444552 37.1523025512695 37.2986492580837 37.444995964898 37.5770690917968 37.7043843587239 37.831699625651 37.959014892578 38.0863301595051 38.2136454264322 38.3409606933593 38.4189760843912 38.3490918477375 38.2792076110839 38.2093233744302 38.1394391377766 38.069554901123 37.9996706644693 37.9297864278156 37.6179791927337 37.2255309581756 36.8330827236175 36.4406344890594 36.0481862545013 35.6557380199432 35.2632897853851 34.9098263104756 34.673317114512 34.4368079185485 34.200298722585 33.9637895266214 33.7272803306579 33.4907711346944 33.2542619387308 33.36046945254 33.5809158696067 33.8013622866736 34.0218087037403 34.2422551208071 34.4627015378739 34.6831479549407 34.905694580078 35.134541829427
36.6474884880914 36.8151741027832 36.982859717475 37.1505453321669 37.3182309468587 37.4859165615505 37.6536021762424 37.8238571166992 37.9949684990776 38.1660798814561 38.3371912638346 38.508302646213 38.6794140285915 38.85052541097 38.9527928670247 38.8485285441081 38.7442642211914 38.6399998982748 38.5357355753581 38.4314712524414 38.3272069295248 38.2229426066081 37.9085711161297 37.5241639031305 37.1397566901314 36.7553494771322 36.3709422641331 35.986535051134 35.6021278381348 35.2524944729276 35.007182651096 34.7618708292644 34.5165590074328 34.2712471856012 34.0259353637696 33.780623541938 33.5353117201064 33.6216870625813 33.8186247931586 34.0155625237359 34.2125002543131 34.4094379848904 34.6063757154677 34.8033134460449 35.0008650037977 35.2002580430773
36.4851036071777 36.7037528991699 36.9224021911621 37.1410514831543 37.3597007751464 37.5783500671386 37.7969993591308 37.9979232788085 38.1929387410481 38.3879542032877 38.5829696655273 38.7779851277668 38.9730005900064 39.168016052246 39.2681676228841 39.0837275187174 38.8992874145508 38.7148473103841 38.5304072062175 38.3459671020508 38.1615269978842 37.9770868937175 37.6628013610841 37.3052340189617 36.9476666768393 36.5900993347169 36.2325319925945 35.8749646504721 35.5173973083497 35.1910151163738 34.9581883748373 34.7253616333008 34.4925348917644 34.2597081502279 34.0268814086915 33.794054667155 33.5612279256185 33.63052444458 33.800528717041 33.9705329895019 34.1405372619629 34.3105415344238 34.4805458068848 34.6505500793457 34.8202697753906 34.9891357421875
36.3227187262641 36.5923316955566 36.8619446648491 37.1315576341417 37.4011706034342 37.6707835727267 37.9403965420193 38.1719894409179 38.3909089830186 38.6098285251193 38.82874806722 39.0476676093207 39.2665871514214 39.4855066935221 39.5835423787435 39.3189264933268 39.0543106079102 38.7896947224935 38.5250788370769 38.2604629516602 37.9958470662436 37.7312311808269 37.4170316060385 37.0863041347929 36.7555766635472 36.4248491923015 36.0941217210559 35.7633942498102 35.4326667785645 35.1295357598199 34.9091940985786 34.6888524373373 34.468510776096 34.2481691148546 34.0278274536133 33.807485792372 33.5871441311307 33.6393618265787 33.7824326409234 33.925503455268 34.0685742696126 34.2116450839572 34.3547158983019 34.4977867126465 34.6396745469835 34.7780134412978
36.1603338453505 36.4809104919433 36.8014871385362 37.1220637851291 37.442640431722 37.7632170783148 38.0837937249077 38.3460556030273 38.5888792249891 38.8317028469509 39.0745264689127 39.3173500908745 39.5601737128363 39.8029973347981 39.8989171346029 39.5541254679362 39.2093338012696 38.8645421346029 38.5197504679362 38.1749588012696 37.830167134603 37.4853754679363 37.1712618509929 36.867374250624 36.563486650255 36.2595990498861 35.9557114495172 35.6518238491483 35.3479362487794 35.0680564032661 34.8601998223199 34.6523432413737 34.4444866604276 34.2366300794814 34.0287734985352 33.820916917589 33.6130603366428 33.6481992085775 33.7643365648057 33.8804739210341 33.9966112772624 34.1127486334907 34.228885989719 34.3450233459473 34.4590793185764 34.566891140408
35.9979489644368 36.36948928833 36.7410296122232 37.1125699361165 37.4841102600097 37.8556505839029 38.2271909077962 38.5201217651366 38.7868494669595 39.0535771687825 39.3203048706054 39.5870325724283 39.8537602742512 40.1204879760741 40.2142918904623 39.7893244425456 39.364356994629 38.9393895467123 38.5144220987956 38.089454650879 37.6644872029624 37.2395197550457 36.9254920959474 36.6484443664552 36.371396636963 36.0943489074708 35.8173011779786 35.5402534484864 35.2632057189942 35.0065770467123 34.8112055460612 34.6158340454102 34.4204625447592 34.2250910441081 34.0297195434571 33.834348042806 33.638976542155 33.6570365905762 33.7462404886881 33.8354443868001 33.9246482849121 34.0138521830241 34.1030560811361 34.1922599792481 34.2784840901693 34.3557688395183
35.8355640835232 36.2580680847167 36.6805720859103 37.1030760871039 37.5255800882974 37.948084089491 38.3705880906846 38.694187927246 38.98481970893 39.2754514906141 39.5660832722981 39.8567150539821 40.1473468356662 40.4379786173502 40.5296666463217 40.024523417155 39.5193801879883 39.0142369588217 38.509093729655 38.0039505004884 37.4988072713218 36.993664042155 36.6797223409018 36.4295144822863 36.1793066236708 35.9290987650554 35.67889090644 35.4286830478245 35.178475189209 34.9450976901585 34.7622112698025 34.5793248494466 34.3964384290908 34.2135520087348 34.0306655883789 33.847779168023 33.6648927476671 33.6658739725749 33.7281444125705 33.7904148525662 33.8526852925618 33.9149557325575 33.9772261725532 34.0394966125488 34.0978888617622 34.1446465386285
35.9021072387694 36.3656407674153 36.8291742960611 37.2927078247069 37.7562413533527 38.2197748819985 38.6833084106444 39.0004636128743 39.2688260396321 39.5371884663899 39.8055508931477 40.0739133199055 40.3422757466634 40.6106381734212 40.6767628139921 40.1361740960016 39.5955853780112 39.0549966600207 38.5144079420302 37.9738192240398 37.4332305060494 36.8926417880589 36.572966003418 36.326927863227 36.080889723036 35.8348515828451 35.5888134426541 35.3427753024631 35.0967371622722 34.8685963948568 34.6941477457683 34.5196990966797 34.3452504475912 34.1708017985026 33.9963531494141 33.8219045003256 33.647455851237 33.638547261556 33.6848186916775 33.731090121799 33.7773615519206 33.8236329820421 33.8699044121636 33.9161758422852 33.9650797526042 34.0218811035156
36.1975784301757 36.6922073364256 37.1868362426756 37.6814651489257 38.1760940551756 38.6707229614256 39.1653518676756 39.4389488220214 39.6388684590656 39.83878809611 40.0387077331542 40.2386273701985 40.4385470072428 40.6384666442871 40.6555803934734 40.1242764790854 39.5929725646974 39.0616686503094 38.5303647359213 37.9990608215333 37.4677569071453 36.9364529927572 36.6052230834961 36.3406845092774 36.0761459350586 35.8116073608399 35.5470687866212 35.2825302124024 35.0179916381837 34.7770731608073 34.6070149739584 34.4369567871094 34.2668986002605 34.0968404134115 33.9267822265625 33.7567240397136 33.5866658528646 33.5750564575195 33.6162633260091 33.6574701944987 33.6986770629883 33.7398839314779 33.7810907999675 33.822297668457 33.8800567626953 33.9874725341797
36.4930496215819 37.0187739054361 37.5444981892902 38.0702224731444 38.5959467569986 39.1216710408527 39.6473953247069 39.8774340311685 40.0089108784993 40.14038772583 40.2718645731608 40.4033414204915 40.5348182678222 40.666295115153 40.6343979729548 40.1123788621691 39.5903597513836 39.068340640598 38.5463215298123 38.0243024190268 37.5022833082412 36.9802641974556 36.6374801635743 36.3544411553277 36.0714021470812 35.7883631388347 35.5053241305882 35.2222851223416 34.9392461140951 34.6855499267579 34.5198822021485 34.3542144775391 34.1885467529297 34.0228790283203 33.857211303711 33.6915435791016 33.5258758544922 33.5115656534831 33.5477079603407 33.5838502671984 33.619992574056 33.6561348809136 33.6922771877713 33.7284194946289 33.7950337727864 33.9530639648437
36.7885208129882 37.3453404744465 37.9021601359048 38.4589797973632 39.0157994588215 39.5726191202798 40.1294387817382 40.3159192403157 40.3789532979329 40.4419873555501 40.5050214131673 40.5680554707845 40.6310895284017 40.6941235860189 40.6132155524361 40.1004812452529 39.5877469380697 39.0750126308866 38.5622783237034 38.0495440165203 37.5368097093371 37.0240754021539 36.6697372436524 36.3681978013781 36.0666583591038 35.7651189168295 35.4635794745552 35.1620400322809 34.8605005900066 34.5940266927084 34.4327494303386 34.2714721679688 34.110194905599 33.9489176432292 33.7876403808594 33.6263631184896 33.4650858561198 33.4480748494466 33.4791525946723 33.510230339898 33.5413080851237 33.5723858303494 33.6034635755751 33.6345413208008 33.7100107828776 33.9186553955078
37.0839920043944 37.6719070434569 38.2598220825193 38.8477371215819 39.4356521606444 40.0235671997068 40.6114822387694 40.7544044494628 40.7489957173665 40.7435869852701 40.7381782531738 40.7327695210774 40.7273607889811 40.7219520568848 40.5920331319174 40.0885836283366 39.5851341247559 39.0816846211752 38.5782351175945 38.0747856140137 37.571336110433 37.0678866068523 36.7019943237305 36.3819544474285 36.0619145711263 35.7418746948243 35.4218348185222 35.1017949422201 34.781755065918 34.5025034586589 34.3456166585287 34.1887298583985 34.0318430582683 33.874956258138 33.7180694580079 33.5611826578777 33.4042958577474 33.3845840454102 33.4105972290039 33.4366104125977 33.4626235961914 33.4886367797852 33.5146499633789 33.5406631469727 33.6249877929687 33.8842468261718
37.3794631958007 37.9984736124673 38.6174840291339 39.2364944458007 39.8555048624673 40.4745152791339 41.0935256958006 41.19288965861 41.1190381368001 41.0451866149902 40.9713350931803 40.8974835713704 40.8236320495605 40.7497805277507 40.5708507113988 40.0766860114204 39.5825213114421 39.0883566114639 38.5941919114855 38.1000272115072 37.605862511529 37.1116978115506 36.7342514038086 36.3957110934788 36.0571707831489 35.7186304728191 35.3800901624892 35.0415498521593 34.7030095418295 34.4109802246094 34.2584838867188 34.1059875488282 33.9534912109375 33.8009948730469 33.6484985351563 33.4960021972657 33.343505859375 33.3210932413737 33.3420418633355 33.3629904852973 33.3839391072591 33.4048877292209 33.4258363511827 33.4467849731445 33.5399648030598 33.8498382568359
37.5254440307617 38.1177434285481 38.7100428263345 39.3023422241211 39.8946416219075 40.4869410196939 41.0792404174805 41.1651418050131 41.0822438557943 40.9993459065756 40.9164479573568 40.8335500081381 40.7506520589193 40.6677541097006 40.4837170071073 39.9962624443903 39.5088078816733 39.0213533189563 38.5338987562392 38.0464441935222 37.5589896308052 37.0715350680882 36.6907152811687 36.3454404195151 36.0001655578614 35.6548906962078 35.3096158345541 34.9643409729004 34.6190661112468 34.3231257968479 34.1751891242134 34.0272524515788 33.8793157789443 33.7313791063097 33.5834424336752 33.4355057610406 33.2875690884061 33.2450932979584 33.2377711349064 33.2304489718543 33.2231268088023 33.2158046457503 33.2084824826983 33.2011603196462 33.285601790746 33.6453341643016
37.5219345092773 38.0297164916991 38.537498474121 39.045280456543 39.5530624389648 40.0608444213867 40.5686264038086 40.671160888672 40.638612874349 40.6060648600261 40.5735168457032 40.5409688313803 40.5084208170573 40.4758728027344 40.3306320190431 39.8473129272462 39.3639938354493 38.8806747436525 38.3973556518555 37.9140365600587 37.4307174682618 36.9473983764649 36.5713859558106 36.2311424255372 35.8908988952637 35.5506553649903 35.2104118347169 34.8701683044434 34.52992477417 34.2389401753744 34.0957323710124 33.9525245666504 33.8093167622885 33.6661089579265 33.5229011535645 33.3796933492025 33.2364855448405 33.1565842151642 33.0977850437165 33.0389858722687 32.980186700821 32.9213875293732 32.8625883579255 32.8037891864777 32.8618987560272 33.2707345485687
37.5184249877929 37.9416895548502 38.3649541219075 38.7882186889648 39.2114832560221 39.6347478230794 40.0580123901367 40.1771799723308 40.1949818929037 40.2127838134766 40.2305857340495 40.2483876546224 40.2661895751953 40.2839914957682 40.1775470309789 39.6983634101021 39.2191797892254 38.7399961683487 38.2608125474719 37.7816289265951 37.3024453057184 36.8232616848417 36.4520566304525 36.1168444315593 35.7816322326661 35.4464200337729 35.1112078348797 34.7759956359864 34.4407834370932 34.1547545539009 34.0162756178114 33.877796681722 33.7393177456326 33.6008388095432 33.4623598734538 33.3238809373644 33.185402001275 33.06807513237 32.9577989525266 32.8475227726831 32.7372465928396 32.6269704129961 32.5166942331527 32.4064180533092 32.4381957213083 32.8961349328359
37.5149154663086 37.8536626180013 38.192409769694 38.5311569213867 38.8699040730794 39.2086512247721 39.5473983764649 39.6831990559896 39.7513509114584 39.8195027669271 39.8876546223959 39.9558064778646 40.0239583333334 40.0921101888021 40.0244620429146 39.549413892958 39.0743657430014 38.5993175930448 38.1242694430882 37.6492212931316 37.174173143175 36.6991249932184 36.3327273050945 36.0025464375815 35.6723655700684 35.3421847025554 35.0120038350424 34.6818229675293 34.3516421000163 34.0705689324273 33.9368188646105 33.8030687967937 33.6693187289768 33.53556866116 33.4018185933431 33.2680685255263 33.1343184577094 32.9795660495758 32.8178128613367 32.6560596730974 32.4943064848582 32.3325532966191 32.1708001083798 32.0090469201407 32.0144926865895 32.521535317103
