data/working_set_collections/6091692-Cassins_Sparrow-MC/2000/bio6.asc
NCOLS 265 
NROWS 230 
XLLCORNER -115.5625 
YLLCORNER 24.8333333333333 
CELLSIZE 0.0833333333333333 
NODATA_value -9999 
[rows 180 to 199 of 230, columns 88 to 131 of 265]
-0.0352030585208635 -0.460517633954652 -0.60422999163467 -0.747942349314663 -0.891654706994657 -1.03536706467468 -1.17907942235467 -1.32279178003466 -1.46650413771468 -1.43689369360607 -1.34950898223455 -1.26212427086301 -1.17473955949149 -1.08735484811997 -0.999970136748428 -0.912585425376907 -0.789857035213099 -0.561097608672276 -0.332338182131491 -0.103578755590706 0.125180670950118 0.353940097490902 0.582699524031687 0.811458950572511 0.988724784056312 1.14882608652111 1.30892738898593 1.46902869145072 1.62912999391552 1.78923129638034 1.94933259884514 2.05629449817871 2.00383818811842 1.95138187805812 1.89892556799784 1.84646925793755 1.79401294787726 1.74155663781697 1.68910032775668 1.67019808292389 1.66248052650028 1.65476297007667 1.64704541365306 1.63932785722945
-0.0392883449791985 -0.459081781903869 -0.608098094662013 -0.757114407420131 -0.90613072017825 -1.05514703293639 -1.20416334569451 -1.35317965845263 -1.50219597121077 -1.47006223201753 -1.37754514217378 -1.28502805233002 -1.19251096248628 -1.09999387264254 -1.00747678279878 -0.914959692955032 -0.787208278973951 -0.553753892580696 -0.320299506187481 -0.0868451197942657 0.146609266598989 0.380063652992204 0.613518039385419 0.846972425778674 1.02160035371777 1.17661946217215 1.33163857062656 1.48665767908093 1.64167678753531 1.79669589598972 1.9517150044441 2.05514262914659 2.00379580259325 1.9524489760399 1.90110214948655 1.84975532293321 1.79840849637986 1.74706166982652 1.69571484327318 1.6757919549942 1.6663437128067 1.6568954706192 1.6474472284317 1.6379989862442
-0.0433736314375335 -0.457645929853087 -0.611966197689356 -0.7662864655256 -0.920606733361843 -1.07492700119811 -1.22924726903436 -1.3835675368706 -1.53788780470687 -1.50323077042899 -1.40558130211302 -1.30793183379704 -1.21028236548107 -1.11263289716511 -1.01498342884912 -0.917333960533158 -0.784559522734802 -0.546410176489116 -0.308260830243471 -0.0701114839978253 0.168037862247861 0.406187208493506 0.644336554739152 0.882485900984838 1.05447592337923 1.20441283782319 1.35434975226718 1.50428666671114 1.6542235811551 1.80416049559909 1.95409741004305 2.05399076011447 2.00375341706807 1.95351607402167 1.90327873097527 1.85304138792887 1.80280404488246 1.75256670183607 1.70232935878967 1.68138582706452 1.67020689911313 1.65902797116174 1.64784904321035 1.63667011525896
-0.0474589178958682 -0.456210077802304 -0.615834300716699 -0.775458523631067 -0.935082746545435 -1.09470696945983 -1.2543311923742 -1.41395541528856 -1.57357963820296 -1.53639930884044 -1.43361746205226 -1.33083561526405 -1.22805376847586 -1.12527192168768 -1.02249007489947 -0.919708228111284 -0.781910766495654 -0.539066460397537 -0.296222154299462 -0.0533778482013864 0.189466457896731 0.432310763994806 0.675155070092882 0.917999376190999 1.08735149304069 1.23220621347424 1.37706093390781 1.52191565434135 1.6667703747749 1.81162509520847 1.95647981564201 2.05283889108235 2.0037110315429 1.95458317200344 1.90545531246398 1.85632745292453 1.80719959338507 1.75807173384562 1.70894387430616 1.68697969913483 1.67407008541955 1.66116047170427 1.648250857989 1.63534124427372
-0.0515442043542031 -0.454774225751522 -0.619702403744042 -0.784630581736535 -0.949558759729027 -1.11448693772155 -1.27941511571404 -1.44434329370653 -1.60927147169905 -1.5695678472519 -1.4616536219915 -1.35373939673107 -1.24582517147066 -1.13791094621025 -1.02999672094982 -0.92208249568941 -0.779262010256506 -0.531722744305958 -0.284183478355452 -0.036644212404946 0.210895053545602 0.458434319496108 0.705973585446614 0.953512851397162 1.12022706270215 1.25999958912528 1.39977211554843 1.53954464197156 1.67931716839469 1.81908969481784 1.95886222124097 2.05168702205023 2.00366864601772 1.95565026998521 1.9076318939527 1.85961351792019 1.81159514188767 1.76357676585516 1.71555838982265 1.69257357120514 1.67793327172598 1.66329297224681 1.64865267276764 1.63401237328848
-0.0556294908125382 -0.453338373700739 -0.623570506771386 -0.793802639842003 -0.96403477291262 -1.13426690598327 -1.30449903905388 -1.4747311721245 -1.64496330519515 -1.60273638566336 -1.48968978193073 -1.37664317819808 -1.26359657446545 -1.15054997073282 -1.03750336700017 -0.924456763267536 -0.776613254017358 -0.524379028214378 -0.272144802411442 -0.0199105766085056 0.232323649194474 0.48455787499741 0.736792100800347 0.989026326603326 1.15310263236361 1.28779296477632 1.42248329718906 1.55717362960177 1.69186396201448 1.82655429442722 1.96124462683993 2.05053515301812 2.00362626049255 1.95671736796698 1.90980847544141 1.86289958291585 1.81599069039028 1.76908179786471 1.72217290533915 1.69816744327545 1.6817964580324 1.66542547278934 1.64905448754629 1.63268350230323
0.0422172419727274 -0.366571895529818 -0.55476905032993 -0.742966205130011 -0.931163359930091 -1.1193605147302 -1.30755766953028 -1.49575482433036 -1.68395197913048 -1.63655851806205 -1.51063485170407 -1.38471118534606 -1.25878751898808 -1.1328638526301 -1.00694018627209 -0.88101651991411 -0.723189777549848 -0.469653807166599 -0.216117836783393 0.0374181335998135 0.290954103983063 0.544490074366269 0.798026044749475 1.05156201513272 1.20988516410188 1.336470705933 1.46305624776414 1.58964178959526 1.71622733142637 1.84281287325751 1.96939841508863 2.05319077571234 2.00860359271368 1.96401640971502 1.91942922671637 1.87484204371771 1.83025486071905 1.78566767772039 1.74108049472174 1.71705350081126 1.69987990326351 1.68270630571577 1.66553270816803 1.64835911062028
0.24199599400168 -0.194474791238685 -0.413298034419615 -0.632121277600508 -0.850944520781401 -1.06976776396233 -1.28859100714322 -1.50741425032412 -1.72623749350505 -1.67103424444797 -1.5244888313115 -1.377943418175 -1.23139800503853 -1.08485259190206 -0.938307178765564 -0.791761765629093 -0.618991580853935 -0.367547081162578 -0.116102581471265 0.135341918220049 0.386786417911405 0.638230917602719 0.889675417294032 1.14111991698539 1.29057465791699 1.40603281259533 1.52149096727369 1.63694912195203 1.75240727663037 1.86786543130873 1.98332358598707 2.05965389013291 2.01860064268113 1.97754739522934 1.93649414777756 1.89544090032578 1.854387652874 1.81333440542222 1.77228115797043 1.74923174381256 1.73218360741933 1.7151354710261 1.69808733463287 1.68103919823964
0.441774746030632 -0.0223776869475519 -0.2718270185093 -0.521276350071006 -0.770725681632712 -1.02017501319446 -1.26962434475617 -1.51907367631787 -1.76852300787962 -1.70550997083388 -1.53834281091892 -1.37117565100394 -1.20400849108898 -1.03684133117402 -0.869674171259035 -0.702507011344077 -0.514793384158021 -0.265440355158557 -0.0160873261591366 0.233265702840284 0.482618731839747 0.731971760839168 0.981324789838589 1.23067781883805 1.3712641517321 1.47559491925766 1.57992568678324 1.6842564543088 1.78858722183437 1.89291798935995 1.99724875688551 2.06611700455348 2.02859769264858 1.99107838074367 1.95355906883876 1.91603975693386 1.87852044502894 1.84100113312404 1.80348182121913 1.78140998681386 1.76448731157515 1.74756463633643 1.73064196109772 1.713719285859
0.641553498059567 0.149719417343566 -0.130356002598997 -0.410431422541513 -0.690506842484029 -0.970582262426593 -1.25065768236911 -1.53073310231162 -1.81080852225419 -1.73998569721979 -1.55219679052635 -1.36440788383287 -1.17661897713943 -0.988830070445987 -0.801041163752511 -0.613252257059068 -0.410595187462115 -0.163333629154545 0.083927929152983 0.331189487460511 0.578451045768081 0.82571260407561 1.07297416238314 1.32023572069071 1.4519536455472 1.54515702591999 1.63836040629279 1.73156378666557 1.82476716703836 1.91797054741116 2.01117392778395 2.07258011897406 2.03859474261603 2.00460936625799 1.97062398989996 1.93663861354193 1.90265323718389 1.86866786082586 1.83468248446783 1.81358822981516 1.79679101573096 1.77999380164676 1.76319658756256 1.74639937347836
0.84133225008852 0.3218165216347 0.0111150133113179 -0.299586495012011 -0.61028800333534 -0.920989511658721 -1.23169101998205 -1.54239252830538 -1.85309403662876 -1.77446142360571 -1.56605077013378 -1.35764011666181 -1.14922946318988 -0.940818809717949 -0.732408156245982 -0.523997502774051 -0.306396990766201 -0.0612269031505243 0.183943184465111 0.429113272080746 0.674283359696424 0.919453447312059 1.16462353492769 1.40979362254337 1.53264313936231 1.61471913258232 1.69679512580234 1.77887111902235 1.86094711224236 1.94302310546238 2.02509909868239 2.07904323339463 2.04859179258347 2.01814035177231 1.98768891096116 1.95723747015 1.92678602933884 1.89633458852768 1.86588314771653 1.84576647281646 1.82909471988678 1.81242296695709 1.7957512140274 1.77907946109772
1.04111100211747 0.493913625925833 0.152586029221633 -0.188741567482508 -0.53006916418665 -0.87139676089085 -1.21272435759499 -1.55405195429913 -1.89537955100333 -1.80893714999163 -1.57990474974121 -1.35087234949075 -1.12183994924033 -0.892807548989911 -0.663775148739453 -0.434742748489034 -0.202198794070287 0.0408798228534966 0.283958439777239 0.527037056700982 0.770115673624766 1.01319429054851 1.25627290747225 1.49935152439603 1.61333263317742 1.68428123924465 1.75522984531189 1.82617845137912 1.89712705744635 1.9680756635136 2.03902426958083 2.0855063478152 2.05858884255092 2.03167133728663 2.00475383202235 1.97783632675807 1.95091882149379 1.9240013162295 1.89708381096522 1.87794471581777 1.8613984240426 1.84485213226742 1.82830584049225 1.81175954871707
1.34341125786307 0.77816256417169 0.410307394133641 0.0424522240956552 -0.325402945942331 -0.69325811598038 -1.06111328601837 -1.42896845605635 -1.7968236260944 -1.71828519298393 -1.4909488921572 -1.26361259133044 -1.03627629050371 -0.808939989676982 -0.581603688850216 -0.354267388023489 -0.123230323919885 0.118909030014404 0.361048383948652 0.603187737882899 0.845327091817188 1.08746644575144 1.32960579968568 1.57174515361997 1.6828488787015 1.7502740608321 1.81769924296271 1.88512442509331 1.9525496072239 2.01997478935451 2.08739997148511 2.13164841698275 2.10636665258142 2.08108488818008 2.05580312377876 2.03052135937743 2.00523959497609 1.97995783057477 1.95467606617344 1.93407467007636 1.91503339674737 1.89599212341838 1.87695085008938 1.85790957676039
1.74823301732544 1.1745633363724 0.784279108047466 0.393994879722602 0.00371065139773785 -0.386573576927193 -0.776857805252057 -1.16714203357692 -1.55742626190185 -1.50250555258251 -1.29918319738167 -1.0958608421808 -0.892538486979961 -0.689216131779121 -0.485893776578247 -0.282571421377408 -0.0694915803149985 0.172860718332194 0.415213016979346 0.657565315626497 0.89991761427369 1.14226991292084 1.38462221156799 1.62697451021519 1.74119187593458 1.81269759734469 1.88420331875481 1.95570904016492 2.02721476157503 2.09872048298516 2.17022620439527 2.2174694408973 2.191925222675 2.1663810044527 2.1408367862304 2.1152925680081 2.08974834978579 2.0642041315635 2.0386599133412 2.01415633559226 1.98999963800112 1.96584294040997 1.94168624281883 1.91752954522768
2.15305477678781 1.5709641085731 1.15825082196129 0.745537535349549 0.332824248737806 -0.0798890378740065 -0.492602324485749 -0.905315611097491 -1.3180288977093 -1.2867259121811 -1.10741750260615 -0.928109093031166 -0.748800683456214 -0.569492273881261 -0.390183864306279 -0.210875454731326 -0.0157528367101118 0.226812406649985 0.46937765001004 0.711942893370095 0.954508136730192 1.19707338009025 1.4396386234503 1.6822038668104 1.79953487316765 1.87512113385728 1.95070739454691 2.02629365523654 2.10187991592616 2.1774661766158 2.25305243730543 2.30329046481185 2.27748379276858 2.25167712072531 2.22587044868204 2.20006377663877 2.17425710459549 2.14845043255223 2.12264376050896 2.09423800110816 2.06496587925487 2.03569375740157 2.00642163554827 1.97714951369497
2.55787653625014 1.96736488077378 1.53222253587508 1.09708019097647 0.661937846077847 0.226795501179154 -0.208346843719465 -0.643489188618083 -1.07863153351678 -1.07094627177971 -0.915651807830639 -0.760357343881545 -0.605062879932478 -0.449768415983411 -0.294473952034318 -0.139179488085251 0.0379859068947703 0.280764094967771 0.52354228304073 0.766320471113689 1.00909865918669 1.25187684725965 1.49465503533261 1.73743322340561 1.85787787040072 1.93754467036986 2.01721147033901 2.09687827030815 2.17654507027729 2.25621187024644 2.33587867021558 2.38911148872639 2.36304236286215 2.33697323699791 2.31090411113367 2.28483498526943 2.25876585940519 2.23269673354095 2.20662760767671 2.17431966662406 2.13993212050861 2.10554457439316 2.07115702827771 2.03676948216226
2.96269829571251 2.36376565297448 1.90619424978891 1.44862284660341 0.991051443417915 0.53348004023234 0.0759086370468436 -0.381662766138653 -0.839234169324228 -0.855166631378293 -0.723886113055113 -0.592605594731911 -0.461325076408731 -0.330044558085551 -0.198764039762349 -0.0674835214391697 0.091724650499657 0.334715783285561 0.577706916071424 0.820698048857287 1.06368918164319 1.30668031442905 1.54967144721492 1.79266258000082 1.9162208676338 1.99996820688245 2.08371554613111 2.16746288537976 2.25121022462842 2.33495756387708 2.41870490312573 2.47493251264094 2.44860093295573 2.42226935327052 2.39593777358531 2.3696061939001 2.34327461421489 2.31694303452968 2.29061145484447 2.25440133213996 2.21489836176236 2.17539539138476 2.13589242100715 2.09638945062955
3.36752005517488 2.76016642517519 2.28016596370273 1.80016550223036 1.32016504075798 0.840164579285527 0.360164117813152 -0.119836343659223 -0.59983680513168 -0.639386990976879 -0.532120418279587 -0.424853845582276 -0.317587272884984 -0.210320700187691 -0.103054127490381 0.00421244520691169 0.145463394104544 0.388667471603352 0.631871549102118 0.875075626600885 1.11827970409969 1.36148378159846 1.60468785909723 1.84789193659603 1.97456386486687 2.06239174339503 2.15021962192322 2.23804750045138 2.32587537897955 2.41370325750773 2.50153113603589 2.5607535365555 2.53415950304932 2.50756546954313 2.48097143603695 2.45437740253077 2.42778336902459 2.40118933551841 2.37459530201223 2.33448299765586 2.28986460301611 2.24524620837636 2.2006278137366 2.15600941909684
3.83993419408798 3.23216899600294 2.73330833348958 2.2344476709763 1.73558700846303 1.23672634594966 0.737865683436385 0.239005020923107 -0.259855641590255 -0.338946520599313 -0.278114138440202 -0.217281756281081 -0.15644937412197 -0.0956169919628592 -0.034784609803738 0.0260477723553729 0.132943896762987 0.378031247916308 0.623118599069588 0.868205950222867 1.11329330137619 1.35838065252947 1.60346800368275 1.84855535483607 1.97709072033564 2.06677542395061 2.1564601275656 2.24614483118057 2.33582953479554 2.42551423841053 2.5151989420255 2.57794807222156 2.55989048216079 2.54183289210002 2.52377530203926 2.50571771197849 2.48766012191772 2.46960253185695 2.45154494179619 2.41572891871134 2.37399341795179 2.33225791719224 2.29052241643268 2.24878691567313
4.37994071245195 3.77977336545788 3.26562135914958 2.75146935284138 2.23731734653317 1.72316534022488 1.20901333391667 0.694861327608466 0.180709321300172 0.0461547797545147 0.0381327264631268 0.0301106731717373 0.0220886198803492 0.0140665665889611 0.00604451329757164 -0.00197753999381642 0.0541661584749387 0.302807112224385 0.551448065973788 0.800089019723192 1.04872997347264 1.29737092722204 1.54601188097144 1.79465283472089 1.92380143404006 2.01311924854913 2.10243706305822 2.19175487756729 2.28107269207635 2.37039050658544 2.45970832109451 2.52651611963909 2.52579387029013 2.52507162094117 2.5243493715922 2.52362712224324 2.52290487289428 2.52218262354532 2.52146037419636 2.49813909530639 2.46728480656941 2.43643051783243 2.40557622909544 2.37472194035847
