data/working_set_collections/6091692-Cassins_Sparrow-MC/2000/bio6.asc
NCOLS 265 
NROWS 230 
XLLCORNER -115.5625 
YLLCORNER 24.8333333333333 
CELLSIZE 0.0833333333333333 
NODATA_value -9999 
[rows 140 to 159 of 230, columns 176 to 219 of 265]
0.53308377381826 0.580323628418951 0.627563483019651 0.677487359195924 0.735463300098949 0.793439241001984 0.851415181905009 0.909391122808034 0.967367063711069 1.02534300461409 1.08331894551712 1.14204103946684 1.20101185109878 1.25998266273072 1.31895347436267 1.37792428599462 1.43689509762656 1.49586590925851 1.54791592756906 1.57920356591541 1.61049120426177 1.64177884260812 1.67306648095447 1.70435411930083 1.73564175764718 1.76692939599354 1.79321799576281 1.81784024933973 1.84246250291664 1.86708475649356 1.89170701007047 1.91632926364738 1.9409515172243 1.9646835916572 1.98574512865807 2.00680666565893 2.0278682026598 2.04892973966067 2.06999127666154 2.0910528136624 2.11211435066327 2.13666938046612 2.16238890786963 2.18810843527315
0.606625716719343 0.654307737118646 0.701989757517957 0.751315149913211 0.805570658296323 0.859826166679445 0.914081675062558 0.96833718344567 1.02259269182879 1.0768482002119 1.13110370859502 1.18845827579497 1.24684586260052 1.30523344940607 1.36362103621163 1.42200862301719 1.48039620982274 1.5387837966283 1.59044776757557 1.62194089094796 1.65343401432036 1.68492713769276 1.71642026106515 1.74791338443755 1.77940650780994 1.81089963118234 1.8400217860937 1.86835361818471 1.89668545027572 1.92501728236674 1.95334911445775 1.98168094654876 2.01001277863978 2.03815141982501 2.06571048829289 2.09326955676077 2.12082862522865 2.14838769369653 2.17594676216442 2.2035058306323 2.23106489910018 2.25389450093109 2.275147613883 2.29640072683491
0.68016765962042 0.728291845818334 0.776416032016257 0.825142940630491 0.875678016493691 0.9262130923569 0.976748168220101 1.0272832440833 1.07781831994651 1.12835339580971 1.17888847167291 1.23487551212309 1.29267987410225 1.35048423608142 1.40828859806059 1.46609296003975 1.52389732201892 1.58170168399809 1.63297960758208 1.66467821598051 1.69637682437895 1.72807543277739 1.75977404117583 1.79147264957427 1.8231712579727 1.85486986637114 1.88682557642459 1.9188669870297 1.95090839763481 1.98294980823992 2.01499121884503 2.04703262945014 2.07907404005526 2.11161924799281 2.14567584792771 2.1797324478626 2.2137890477975 2.24784564773239 2.28190224766729 2.31595884760218 2.35001544753707 2.37111962139604 2.38790631989636 2.40469301839667
0.753709602521504 0.802275954518029 0.850842306514562 0.898970731347778 0.945785374691066 0.992600018034361 1.03941466137765 1.08622930472094 1.13304394806423 1.17985859140752 1.22667323475081 1.28129274845122 1.33851388560399 1.39573502275677 1.45295615990955 1.51017729706232 1.5673984342151 1.62461957136788 1.67551144758859 1.70741554101307 1.73931963443755 1.77122372786203 1.8031278212865 1.83503191471099 1.86693600813546 1.89884010155994 1.93362936675547 1.96938035587468 2.00513134499389 2.04088233411311 2.07663332323232 2.11238431235153 2.14813530147074 2.18508707616062 2.22564120756253 2.26619533896444 2.30674947036635 2.34730360176826 2.38785773317017 2.42841186457208 2.46896599597398 2.48834474186101 2.50066502590972 2.51298530995844
0.840936726993962 0.891129665904549 0.941322604815145 0.990401906437321 1.03614029619426 1.08187868595121 1.12761707570815 1.1733554654651 1.21909385522205 1.26483224497899 1.31057063473593 1.36285351812837 1.41731789939931 1.47178228067024 1.52624666194119 1.58071104321213 1.63517542448306 1.68963980575401 1.73818801575235 1.76898771193291 1.79978740811347 1.83058710429402 1.86138680047457 1.89218649665513 1.92298619283569 1.95378588901624 1.99078216850756 2.02984397576913 2.0689057830307 2.10796759029228 2.14702939755385 2.18609120481542 2.225153012077 2.26544798745047 2.30944246715967 2.35343694686888 2.39743142657808 2.44142590628728 2.48542038599648 2.52941486570568 2.57340934541488 2.59234075546263 2.60291780895656 2.61349486245048
0.941849033037792 0.994852979977893 1.047856926918 1.09943646589912 1.14674278100328 1.19404909610746 1.24135541121162 1.28866172631578 1.33596804141995 1.38327435652412 1.43058067162828 1.47955782115457 1.52909191548821 1.57862600982186 1.62816010415551 1.67769419848916 1.72722829282281 1.77676238715646 1.82100931207337 1.84939472874003 1.8777801454067 1.90616556207337 1.93455097874004 1.96293639540671 1.99132181207337 2.01970722874004 2.05828398168085 2.10025784671304 2.14223171174524 2.18420557677744 2.22617944180963 2.26815330684182 2.31012717187402 2.35270198186236 2.39707962671913 2.4414572715759 2.48583491643267 2.53021256128944 2.57459020614622 2.61896785100299 2.66334549585975 2.68310766220091 2.69466466903685 2.70622167587278
1.04276133908163 1.09857629405125 1.15439124902087 1.20847102536093 1.25734526581231 1.30621950626371 1.35509374671509 1.40396798716648 1.45284222761787 1.50171646806926 1.55059070852065 1.59626212418077 1.64086593157713 1.68546973897348 1.73007354636985 1.77467735376621 1.81928116116256 1.86388496855893 1.90383060839439 1.92980174554717 1.95577288269995 1.98174401985273 2.0077151570055 2.03368629415829 2.05965743131106 2.08562856846384 2.12578579485415 2.17067171765696 2.21555764045978 2.2604435632626 2.30532948606542 2.35021540886824 2.39510133167106 2.43995597627426 2.48471678627859 2.52947759628294 2.57423840628728 2.61899921629161 2.66376002629596 2.7085208363003 2.75328164630463 2.77387456893919 2.78641152911714 2.7989484892951
1.14367364512547 1.2022996081246 1.26092557112374 1.31750558482274 1.36794775062135 1.41838991641996 1.46883208221857 1.51927424801718 1.56971641381579 1.6201585796144 1.67060074541301 1.71296642720697 1.75263994766604 1.79231346812511 1.83198698858418 1.87166050904325 1.91133402950232 1.95100754996139 1.98665190471542 2.0102087623543 2.0337656199932 2.05732247763208 2.08087933527097 2.10443619290986 2.12799305054875 2.15154990818764 2.19328760802744 2.24108558860088 2.28888356917432 2.33668154974777 2.38447953032121 2.43227751089465 2.48007549146809 2.52720997068615 2.57235394583806 2.61749792098997 2.66264189614188 2.70778587129379 2.7529298464457 2.79807382159761 2.84321779674952 2.86464147567748 2.87815838919744 2.89167530271741
1.2445859511693 1.30602292219794 1.3674598932266 1.42654014428454 1.47855023543037 1.5305603265762 1.58257041772204 1.63458050886786 1.6865906000137 1.73860069115953 1.79061078230536 1.82967073023317 1.86441396375494 1.89915719727672 1.93390043079851 1.96864366432029 2.00338689784206 2.03813013136385 2.06947320103643 2.09061577916143 2.11175835728644 2.13290093541144 2.15404351353643 2.17518609166144 2.19632866978644 2.21747124791144 2.26078942120073 2.31149945954479 2.36220949788886 2.41291953623293 2.46362957457699 2.51433961292105 2.56504965126512 2.61446396509804 2.65999110539751 2.705518245697 2.75104538599648 2.79657252629595 2.84209966659544 2.88762680689491 2.93315394719439 2.95540838241575 2.96990524927773 2.98440211613971
1.34549825721314 1.4097462362713 1.47399421532946 1.53557470374634 1.5891527202394 1.64273073673246 1.69630875322551 1.74988676971856 1.80346478621162 1.85704280270468 1.91062081919773 1.94637503325937 1.97618797984386 2.00600092642835 2.03581387301284 2.06562681959733 2.09543976618182 2.12525271276631 2.15229449735746 2.17102279596857 2.18975109457968 2.20847939319079 2.2272076918019 2.24593599041302 2.26466428902413 2.28339258763524 2.32829123437403 2.38191333048871 2.4355354266034 2.48915752271809 2.54277961883278 2.59640171494746 2.65002381106216 2.70171795950993 2.74762826495698 2.79353857040403 2.83944887585108 2.88535918129812 2.93126948674518 2.97717979219222 3.02309009763927 3.04617528915404 3.06165210935803 3.07712892956202
1.4170451932483 1.48225549327 1.54746579329171 1.61010973420406 1.66505459778836 1.71999946137268 1.77494432495698 1.82988918854128 1.88483405212559 1.9397789157099 1.9947237792942 2.0301846851905 2.05915093852412 2.08811719185774 2.11708344519137 2.14604969852499 2.1750159518586 2.20398220519223 2.23076781166922 2.25101147757634 2.27125514348346 2.29149880939058 2.31174247529769 2.33198614120481 2.35222980711193 2.37247347301904 2.41723699569699 2.47017380396522 2.52311061223344 2.57604742050168 2.62898422876991 2.68192103703813 2.73485784530637 2.78647536171804 2.83413500256006 2.88179464340207 2.92945428424408 2.9771139250861 3.02477356592811 3.07243320677012 3.12009284761213 3.14407669703163 3.16016861597694 3.17626053492226
1.45922675927478 1.52355069319405 1.58787462711332 1.65014523565767 1.70625586807726 1.76236650049685 1.81847713291643 1.87458776533601 1.93069839775561 1.98680903017519 2.04291966259477 2.08109968602656 2.11330283979573 2.1455059935649 2.17770914733408 2.20991230110326 2.24211545487243 2.27431860864161 2.30489314397174 2.33058182398476 2.35627050399778 2.3819591840108 2.40764786402382 2.43333654403684 2.45902522404986 2.48471390406288 2.52762670516965 2.57628087997434 2.62493505477902 2.67358922958372 2.7222434043884 2.77089757919309 2.81955175399778 2.86873617172239 2.91951131820676 2.97028646469114 3.02106161117551 3.07183675765988 3.12261190414426 3.17338705062863 3.224162197113 3.24911260604856 3.2654547691345 3.28179693222044
1.50140832530126 1.56484589311809 1.62828346093494 1.69018073711128 1.74745713836615 1.80473353962102 1.86200994087588 1.91928634213074 1.97656274338562 2.03383914464048 2.09111554589534 2.13201468686261 2.16745474106734 2.20289479527207 2.2383348494768 2.27377490368153 2.30921495788625 2.34465501209098 2.37901847627426 2.41015217039318 2.44128586451211 2.47241955863103 2.50355325274995 2.53468694686888 2.5658206409878 2.59695433510672 2.63801641464231 2.68238795598345 2.7267594973246 2.77113103866575 2.81550258000689 2.85987412134804 2.90424566268919 2.95099698172673 3.00488763385346 3.0587782859802 3.11266893810694 3.16655959023367 3.22045024236041 3.27434089448714 3.32823154661388 3.35414851506549 3.37074092229205 3.38733332951862
1.54358989132773 1.60614109304214 1.66869229475655 1.73021623856489 1.78865840865504 1.84710057874519 1.90554274883533 1.96398491892547 2.02242708901562 2.08086925910577 2.13931142919591 2.18292968769867 2.22160664233895 2.26028359697922 2.29896055161951 2.33763750625979 2.37631446090007 2.41499141554036 2.45314380857677 2.4897225168016 2.52630122502643 2.56287993325125 2.59945864147607 2.6360373497009 2.67261605792572 2.70919476615055 2.74840612411496 2.78849503199256 2.82858393987017 2.86867284774778 2.90876175562538 2.94885066350298 2.98893957138059 3.03325779173106 3.09026394950016 3.14727010726926 3.20427626503835 3.26128242280745 3.31828858057655 3.37529473834564 3.43230089611474 3.45918442408241 3.4760270754496 3.49286972681679
1.58577145735421 1.64743629296618 1.70910112857817 1.77025174001851 1.82985967894393 1.88946761786936 1.94907555679478 2.0086834957202 2.06829143464563 2.12789937357106 2.18750731249648 2.23384468853472 2.27575854361055 2.31767239868639 2.35958625376223 2.40150010883806 2.44341396391389 2.48532781898973 2.52726914087929 2.56929286321002 2.61131658554075 2.65334030787148 2.6953640302022 2.73738775253293 2.77941147486366 2.82143519719439 2.85879583358762 2.89460210800168 2.93040838241574 2.96621465682981 3.00202093124387 3.03782720565793 3.073633480072 3.1155186017354 3.17564026514686 3.23576192855832 3.29588359196978 3.35600525538123 3.4161269187927 3.47624858220415 3.53637024561561 3.56422033309934 3.58131322860716 3.59840612411497
1.62795302338068 1.68873149289023 1.74950996239978 1.81028724147212 1.87106094923282 1.93183465699353 1.99260836475423 2.05338207251493 2.11415578027565 2.17492948803635 2.23570319579705 2.28475968937078 2.32991044488216 2.37506120039355 2.42021195590494 2.46536271141633 2.51051346692772 2.55566422243911 2.60139447318181 2.64886320961844 2.69633194605507 2.7438006824917 2.79126941892833 2.83873815536497 2.8862068918016 2.93367562823822 2.96918554306028 3.0007091840108 3.03223282496132 3.06375646591185 3.09528010686237 3.12680374781289 3.15832738876341 3.19777941173975 3.26101658079356 3.32425374984739 3.3874909189012 3.45072808795502 3.51396525700885 3.57720242606266 3.64043959511648 3.66925624211627 3.68659938176471 3.70394252141315
1.69656983812647 1.75529786547022 1.81402589281397 1.87301780879494 1.93280139068759 1.99258497258025 2.05236855447289 2.11215213636554 2.1719357182582 2.23171930015084 2.29150288204349 2.34130849838255 2.38778812620373 2.4342677540249 2.48074738184609 2.52722700966727 2.57370663748845 2.62018626530963 2.66763338512842 2.71798298094005 2.76833257675169 2.81868217256332 2.86903176837495 2.91938136418658 2.96973095999821 3.02008055580984 3.0570428530375 3.08954271740381 3.12204258177013 3.15454244613645 3.18704231050277 3.21954217486909 3.25204203923541 3.29259371227685 3.35730081134368 3.42200791041053 3.48671500947737 3.5514221085442 3.61612920761105 3.68083630667789 3.74554340574472 3.77532822291054 3.79347227944266 3.81161633597477
1.79162190159159 1.84713541070617 1.90264891982076 1.95844344198701 2.01508100330827 2.07171856462953 2.12835612595079 2.18499368727204 2.24163124859331 2.29826880991456 2.35490637123582 2.40349111557005 2.44939158757526 2.49529205958046 2.54119253158568 2.58709300359088 2.63299347559609 2.6788939476013 2.72598587671914 2.77665217717486 2.8273184776306 2.87798477808632 2.92865107854205 2.97931737899778 3.02998367945351 3.08064997990924 3.12236776351927 3.16110270818072 3.19983765284218 3.23857259750364 3.2773075421651 3.31604248682655 3.35477743148801 3.39996150334673 3.46449295679724 3.52902441024777 3.59355586369829 3.65808731714881 3.72261877059934 3.78715022404985 3.85168167750037 3.88243627548216 3.90193192164101 3.92142756779986
1.88667396505671 1.93897295594213 1.99127194682755 2.04386907517908 2.09736061592894 2.15085215667882 2.20434369742868 2.25783523817855 2.31132677892842 2.36481831967829 2.41830986042815 2.46567373275755 2.51099504894679 2.55631636513602 2.60163768132526 2.64695899751449 2.69228031370373 2.73760162989297 2.78433836830985 2.83532137340967 2.8863043785095 2.93728738360933 2.98827038870915 3.03925339380898 3.09023639890881 3.14121940400863 3.18769267400104 3.23266269895763 3.27763272391423 3.32260274887083 3.36757277382742 3.41254279878402 3.45751282374062 3.50732929441661 3.57168510225081 3.63604091008502 3.70039671791921 3.76475252575341 3.82910833358762 3.89346414142182 3.95781994925602 3.98954432805377 4.01039156383936 4.03123879962495
1.98172602852183 2.03081050117807 2.07989497383433 2.12929470837113 2.17964022854961 2.22998574872809 2.28033126890657 2.33067678908504 2.38102230926352 2.431367829442 2.48171334962047 2.52785634994505 2.57259851031831 2.61734067069157 2.66208283106484 2.7068249914381 2.75156715181136 2.79630931218463 2.84269085990056 2.89399056964448 2.94529027938841 2.99658998913233 3.04788969887625 3.09918940862018 3.1504891183641 3.20178882810802 3.25301758448281 3.30422268973454 3.35542779498627 3.40663290023801 3.45783800548974 3.50904311074148 3.56024821599322 3.61469708548648 3.67887724770436 3.74305740992225 3.80723757214013 3.87141773435801 3.9355978965759 3.99977805879377 4.06395822101165 4.09665238062538 4.11885120603771 4.14105003145003
