data/working_set_collections/6091692-Cassins_Sparrow-MC/2000/bio6.asc
NCOLS 265 
NROWS 230 
XLLCORNER -115.5625 
YLLCORNER 24.8333333333333 
CELLSIZE 0.0833333333333333 
NODATA_value -9999 
[rows 20 to 39 of 230, columns 0 to 43 of 265]
-5.15099700291944 -5.18198862075797 -5.21298023859651 -5.24397185643506 -5.2749634742736 -5.30595509211214 -5.33694670995068 -5.42968378067007 -5.54300266901642 -5.65632155736279 -5.76964044570915 -5.8829593340555 -5.99627822240187 -6.10959711074822 -6.23411899540151 -6.39224986897568 -6.55038074254983 -6.70851161612397 -6.86664248969814 -7.02477336327229 -7.18290423684643 -7.3410351104206 -7.45724347035086 -7.55947765906647 -7.6617118477821 -7.76394603649772 -7.86618022521333 -7.96841441392896 -8.07064860264458 -8.17815827263723 -8.30149438646104 -8.42483050028482 -8.5481666141086 -8.6715027279324 -8.79483884175619 -8.91817495557997 -9.04151106940377 -9.26520373026529 -9.52234857347274 -9.77949341668024 -10.0366382598877 -10.2937831030951 -10.5509279463026 -10.8080727895101
-5.68922535578403 -5.72280893325799 -5.75639251073195 -5.78997608820591 -5.82355966567986 -5.85714324315382 -5.89072682062778 -5.96396570205681 -6.05042301813754 -6.13688033421828 -6.22333765029901 -6.30979496637973 -6.39625228246048 -6.4827095985412 -6.58178795840998 -6.71872944964298 -6.85567094087595 -6.99261243210892 -7.12955392334192 -7.26649541457489 -7.40343690580786 -7.54037839704086 -7.63366500933962 -7.71239999532696 -7.79113498131432 -7.86986996730166 -7.948604953289 -8.02733993927636 -8.1060749252637 -8.18796950446233 -8.27934286329481 -8.37071622212727 -8.46208958095973 -8.55346293979221 -8.64483629862468 -8.73620965745714 -8.82758301628962 -9.02564938863117 -9.25928009880911 -9.49291080898709 -9.72654151916504 -9.96017222934297 -10.193802939521 -10.4274336496989
-6.22745370864859 -6.26362924575796 -6.29980478286733 -6.33598031997671 -6.37215585708608 -6.40833139419545 -6.44450693130483 -6.4982476234435 -6.55784336725861 -6.61743911107372 -6.67703485488883 -6.73663059870393 -6.79622634251905 -6.85582208633415 -6.92945692141842 -7.04520903031024 -7.16096113920205 -7.27671324809385 -7.39246535698567 -7.50821746587747 -7.62396957476927 -7.7397216836611 -7.81008654832836 -7.86532233158743 -7.92055811484652 -7.9757938981056 -8.03102968136467 -8.08626546462375 -8.14150124788283 -8.19778073628742 -8.25719134012858 -8.31660194396972 -8.37601254781087 -8.43542315165203 -8.49483375549318 -8.55424435933433 -8.61365496317548 -8.78609504699708 -8.99621162414551 -9.20632820129397 -9.4164447784424 -9.62656135559083 -9.8366779327393 -10.0467945098877
-6.76568206151318 -6.80444955825797 -6.84321705500276 -6.88198455174756 -6.92075204849235 -6.95951954523714 -6.99828704198193 -7.03252954483024 -7.06526371637972 -7.09799788792921 -7.13073205947869 -7.16346623102817 -7.19620040257766 -7.22893457412714 -7.27712588442689 -7.37168861097754 -7.46625133752817 -7.5608140640788 -7.65537679062944 -7.74993951718008 -7.8445022437307 -7.93906497028135 -7.98650808731712 -8.01824466784792 -8.04998124837873 -8.08171782890954 -8.11345440944034 -8.14519098997115 -8.17692757050195 -8.20759196811251 -8.23503981696235 -8.26248766581218 -8.28993551466201 -8.31738336351184 -8.34483121236167 -8.3722790612115 -8.39972691006134 -8.54654070536296 -8.73314314948187 -8.91974559360082 -9.10634803771974 -9.29295048183866 -9.4795529259576 -9.66615537007652
-7.18284417523274 -7.21532471179958 -7.24780524836642 -7.28028578493327 -7.31276632150011 -7.34524685806695 -7.3777273946338 -7.39147090514499 -7.39896874030429 -7.4064665754636 -7.4139644106229 -7.4214622457822 -7.42896008094151 -7.43645791610081 -7.45835147036445 -7.52343218194113 -7.58851289351781 -7.65359360509448 -7.71867431667117 -7.78375502824784 -7.84883573982452 -7.9139164514012 -7.93934342861178 -7.95155249436699 -7.9637615601222 -7.97597062587742 -7.98817969163262 -8.00038875738784 -8.01259782314304 -8.02363213168254 -8.03114216857491 -8.03865220546727 -8.04616224235963 -8.05367227925199 -8.06118231614435 -8.06869235303671 -8.07620238992908 -8.22465607722602 -8.42009098132451 -8.61552588542304 -8.81096078952153 -9.00639569362003 -9.20183059771856 -9.39726550181705
-7.47894004980718 -7.4962547063827 -7.51356936295822 -7.53088401953375 -7.54819867610927 -7.56551333268479 -7.58282798926032 -7.57507170438764 -7.55895843903221 -7.54284517367679 -7.52673190832136 -7.51061864296594 -7.49450537761052 -7.47839211225509 -7.473133679231 -7.50043974320094 -7.52774580717087 -7.55505187114081 -7.58235793511075 -7.60966399908068 -7.63697006305062 -7.66427612702056 -7.66859257221227 -7.66524581114456 -7.66189905007685 -7.65855228900915 -7.65520552794144 -7.65185876687374 -7.64851200580603 -7.64590122699744 -7.64549839496619 -7.64509556293494 -7.64469273090369 -7.64428989887245 -7.6438870668412 -7.64348423480995 -7.6430814027787 -7.82044116258624 -8.05705511967342 -8.29366907676064 -8.53028303384782 -8.766896990935 -9.00351094802221 -9.24012490510939
-7.77503592438164 -7.77718470096584 -7.77933347755005 -7.78148225413425 -7.78363103071845 -7.78577980730265 -7.78792858388686 -7.7586725036303 -7.71894813776015 -7.67922377188999 -7.63949940601984 -7.59977504014969 -7.56005067427953 -7.52032630840937 -7.48791588809755 -7.47744730446074 -7.46697872082393 -7.45651013718713 -7.44604155355032 -7.43557296991351 -7.4251043862767 -7.41463580263989 -7.39784171581273 -7.3789391279221 -7.36003654003148 -7.34113395214086 -7.32223136425023 -7.30332877635961 -7.28442618846899 -7.2681703223123 -7.25985462135744 -7.25153892040258 -7.24322321944772 -7.23490751849286 -7.226591817538 -7.21827611658314 -7.20996041562828 -7.41622624794643 -7.6940192580223 -7.97181226809821 -8.24960527817407 -8.52739828824994 -8.80519129832585 -9.08298430840172
-8.0711317989561 -8.05811469554898 -8.04509759214187 -8.03208048873475 -8.01906338532763 -8.00604628192052 -7.9930291785134 -7.94227330287297 -7.87893783648808 -7.81560237010319 -7.75226690371831 -7.68893143733343 -7.62559597094854 -7.56226050456366 -7.5026980969641 -7.45445486572055 -7.406211634477 -7.35796840323344 -7.30972517198989 -7.26148194074634 -7.21323870950279 -7.16499547825923 -7.12709085941318 -7.09263244469965 -7.0581740299861 -7.02371561527256 -6.98925720055903 -6.95479878584548 -6.92034037113194 -6.89043941762717 -6.8742108477487 -6.85798227787023 -6.84175370799176 -6.82552513811328 -6.80929656823481 -6.79306799835634 -6.77683942847787 -7.01201133330662 -7.33098339637118 -7.64995545943578 -7.96892752250033 -8.28789958556489 -8.60687164862949 -8.92584371169405
-8.36722767353053 -8.3390446901321 -8.31086170673366 -8.28267872333523 -8.25449573993679 -8.22631275653836 -8.19812977313992 -8.12587410211562 -8.03892753521601 -7.95198096831638 -7.86503440141677 -7.77808783451717 -7.69114126761754 -7.60419470071793 -7.51748030583066 -7.43146242698035 -7.34544454813006 -7.25942666927977 -7.17340879042947 -7.08739091157918 -7.00137303272889 -6.91535515387858 -6.85634000301367 -6.80632576147721 -6.75631151994075 -6.7062972784043 -6.65628303686785 -6.60626879533138 -6.55625455379493 -6.51270851294207 -6.48856707413998 -6.4644256353379 -6.44028419653582 -6.41614275773374 -6.39200131893165 -6.36785988012957 -6.34371844132749 -6.60779641866685 -6.96794753472008 -7.32809865077338 -7.68824976682662 -8.04840088287985 -8.40855199893315 -8.76870311498638
-8.66332354810499 -8.61997468471524 -8.57662582132548 -8.53327695793573 -8.48992809454597 -8.44657923115622 -8.40323036776646 -8.30947490135828 -8.19891723394394 -8.08835956652958 -7.97780189911525 -7.86724423170091 -7.75668656428655 -7.64612889687221 -7.53226251469721 -7.40846998824015 -7.28467746178312 -7.16088493532609 -7.03709240886903 -6.913299882412 -6.78950735595497 -6.66571482949792 -6.58558914661412 -6.52001907825476 -6.45444900989538 -6.38887894153601 -6.32330887317664 -6.25773880481726 -6.19216873645789 -6.13497760825693 -6.10292330053123 -6.07086899280554 -6.03881468507985 -6.00676037735415 -5.97470606962846 -5.94265176190277 -5.91059745417707 -6.20358150402704 -6.60491167306896 -7.00624184211095 -7.40757201115288 -7.8089021801948 -8.21023234923679 -8.61156251827871
-8.69370930724677 -8.65007391770684 -8.60643852816691 -8.56280313862697 -8.51916774908704 -8.47553235954711 -8.43189697000718 -8.32586563825611 -8.19903565910132 -8.07220567994651 -7.94537570079172 -7.81854572163693 -7.69171574248212 -7.56488576332733 -7.43381848865091 -7.29003932740957 -7.14626016616826 -7.00248100492695 -6.85870184368562 -6.7149226824443 -6.57114352120299 -6.42736435996166 -6.34086236953739 -6.27345276938548 -6.20604316923356 -6.13863356908166 -6.07122396892975 -6.00381436877783 -5.93640476862592 -5.87564961115522 -5.83485778172813 -5.79406595230105 -5.75327412287397 -5.71248229344688 -5.6716904640198 -5.63089863459272 -5.59010680516564 -5.89586491982137 -6.31713968250479 -6.73841444518829 -7.15968920787171 -7.58096397055513 -8.00223873323862 -8.42351349592204
-8.45838495095575 -8.42934238910679 -8.40029982725783 -8.37125726540887 -8.34221470355991 -8.31317214171095 -8.28412957986199 -8.17504631280904 -8.03928281068808 -7.90351930856709 -7.76775580644613 -7.63199230432517 -7.49622880220418 -7.36046530008322 -7.22214822769172 -7.07617044448858 -6.93019266128546 -6.78421487808235 -6.6382370948792 -6.49225931167609 -6.34628152847297 -6.20030374526983 -6.1221596717835 -6.06662683486943 -6.01109399795536 -5.9555611610413 -5.90002832412724 -5.84449548721317 -5.78896265029911 -5.734724521637 -5.68437051773074 -5.6340165138245 -5.58366250991825 -5.533308506012 -5.48295450210575 -5.43260049819951 -5.38224649429326 -5.68464666604992 -6.10463156302764 -6.52461646000543 -6.94460135698315 -7.36458625396087 -7.78457115093866 -8.20455604791638
-8.22306059466471 -8.20861086050673 -8.19416112634874 -8.17971139219075 -8.16526165803276 -8.15081192387478 -8.13636218971678 -8.02422698736195 -7.87952996227482 -7.73483293718766 -7.59013591210052 -7.44543888701339 -7.30074186192623 -7.15604483683909 -7.01047796673251 -6.86230156156757 -6.71412515640264 -6.56594875123772 -6.41777234607278 -6.26959594090785 -6.12141953574293 -5.97324313057798 -5.90345697402958 -5.85980090035337 -5.81614482667714 -5.77248875300093 -5.72883267932471 -5.68517660564849 -5.64152053197228 -5.59379943211877 -5.53388325373335 -5.47396707534793 -5.41405089696252 -5.3541347185771 -5.29421854019169 -5.23430236180628 -5.17438618342085 -5.47342841227845 -5.89212344355047 -6.31081847482256 -6.72951350609457 -7.14820853736659 -7.56690356863868 -7.9855985999107
-7.98773623837368 -7.98787933190666 -7.98802242543965 -7.98816551897263 -7.98830861250561 -7.9884517060386 -7.98859479957158 -7.87340766191487 -7.71977711386156 -7.56614656580823 -7.41251601775492 -7.25888546970161 -7.10525492164828 -6.95162437359497 -6.7988077057733 -6.64843267864655 -6.49805765151983 -6.3476826243931 -6.19730759726635 -6.04693257013962 -5.89655754301289 -5.74618251588614 -5.68475427627567 -5.6529749658373 -5.62119565539892 -5.58941634496056 -5.55763703452219 -5.52585772408382 -5.49407841364545 -5.45287434260054 -5.38339598973595 -5.31391763687137 -5.24443928400679 -5.1749609311422 -5.10548257827762 -5.03600422541304 -4.96652587254845 -5.26221015850698 -5.6796153240733 -6.09702048963968 -6.514425655206 -6.93183082077231 -7.3492359863387 -7.76664115190501
-7.75241188208266 -7.76714780330662 -7.78188372453057 -7.79661964575453 -7.81135556697848 -7.82609148820244 -7.84082740942639 -7.7225883364678 -7.56002426544832 -7.39746019442881 -7.23489612340933 -7.07233205238985 -6.90976798137034 -6.74720391035086 -6.58713744481412 -6.43456379572556 -6.28199014663703 -6.12941649754849 -5.97684284845993 -5.8242691993714 -5.67169555028287 -5.51912190119431 -5.46605157852177 -5.44614903132125 -5.42624648412072 -5.4063439369202 -5.38644138971968 -5.36653884251915 -5.34663629531863 -5.31194925308232 -5.23290872573856 -5.15386819839482 -5.07482767105107 -4.99578714370732 -4.91674661636357 -4.83770608901983 -4.75866556167607 -5.05099190473553 -5.46710720459614 -5.88322250445683 -6.29933780431744 -6.71545310417805 -7.13156840403874 -7.54768370389935
-7.51708752579162 -7.54641627470655 -7.57574502362148 -7.60507377253641 -7.63440252145133 -7.66373127036626 -7.69306001928119 -7.57176901102071 -7.40027141703506 -7.22877382304938 -7.05727622906373 -6.88577863507807 -6.71428104109239 -6.54278344710674 -6.37546718385491 -6.22069491280455 -6.06592264175421 -5.91115037070387 -5.7563780996535 -5.60160582860317 -5.44683355755283 -5.29206128650246 -5.24734888076786 -5.23932309680518 -5.2312973128425 -5.22327152887983 -5.21524574491715 -5.20721996095448 -5.1991941769918 -5.17102416356409 -5.08242146174116 -4.99381875991825 -4.90521605809534 -4.81661335627241 -4.7280106544495 -4.6394079526266 -4.55080525080367 -4.83977365096406 -5.25459908511897 -5.66942451927395 -6.08424995342886 -6.49907538758377 -6.91390082173876 -7.32872625589367
-7.35193448596531 -7.39011977513632 -7.42830506430732 -7.46649035347833 -7.50467564264934 -7.54286093182034 -7.58104622099135 -7.45684035619104 -7.27850410673358 -7.1001678572761 -6.92183160781864 -6.74349535836119 -6.5651591089037 -6.38682285944625 -6.21354752646557 -6.0554549429152 -5.89736235936487 -5.73926977581453 -5.58117719226417 -5.42308460871383 -5.26499202516349 -5.10689944161313 -5.06677001317344 -5.06596163643733 -5.06515325970121 -5.0643448829651 -5.06353650622899 -5.06272812949288 -5.06191975275677 -5.04259703954064 -4.96773131688438 -4.89286559422813 -4.81799987157188 -4.74313414891561 -4.66826842625936 -4.59340270360311 -4.51853698094685 -4.79500360488884 -5.18858101103031 -5.58215841717185 -5.97573582331333 -6.3693132294548 -6.76289063559635 -7.15646804173782
-7.25695276260377 -7.29825830459596 -7.33956384658814 -7.38086938858033 -7.42217493057252 -7.4634804725647 -7.50478601455689 -7.3778023719788 -7.19472233454392 -7.011642297109 -6.82856225967412 -6.64548222223923 -6.46240218480432 -6.27932214736943 -6.10137847264613 -5.93884388605757 -5.77630929946904 -5.61377471288051 -5.45124012629195 -5.28870553970342 -5.12617095311489 -4.96363636652633 -4.92431497573855 -4.92606465021772 -4.92781432469688 -4.92956399917605 -4.93131367365521 -4.93306334813438 -4.93481302261355 -4.92666788101199 -4.88883829116823 -4.85100870132448 -4.81317911148072 -4.77534952163696 -4.73751993179321 -4.69969034194945 -4.66186075210569 -4.91668176650993 -5.26905298233023 -5.62142419815059 -5.97379541397089 -6.32616662979119 -6.67853784561155 -7.03090906143185
-7.16197103924222 -7.20639683405559 -7.25082262886895 -7.29524842368233 -7.33967421849569 -7.38410001330906 -7.42852580812243 -7.29876438776656 -7.11094056235425 -6.9231167369419 -6.73529291152959 -6.54746908611727 -6.35964526070492 -6.17182143529261 -5.98920941882669 -5.82223282919993 -5.65525623957321 -5.48827964994648 -5.32130306031973 -5.154326470693 -4.98734988106627 -4.82037329143952 -4.78185993830365 -4.78616766399809 -4.79047538969254 -4.79478311538698 -4.79909084108142 -4.80339856677587 -4.80770629247031 -4.81073872248333 -4.80994526545208 -4.80915180842082 -4.80835835138957 -4.80756489435831 -4.80677143732706 -4.8059779802958 -4.80518452326455 -5.03835992813103 -5.34952495363015 -5.66068997912933 -5.97185500462845 -6.28302003012757 -6.59418505562674 -6.90535008112586
-7.06698931588067 -7.11453536351522 -7.16208141114977 -7.20962745878432 -7.25717350641887 -7.30471955405341 -7.35226560168796 -7.21972640355432 -7.02715879016458 -6.8345911767748 -6.64202356338505 -6.44945594999531 -6.25688833660553 -6.06432072321578 -5.87704036500724 -5.70562177234229 -5.53420317967737 -5.36278458701245 -5.1913659943475 -5.01994740168258 -4.84852880901766 -4.67711021635271 -4.63940490086875 -4.64627067777847 -4.65313645468819 -4.66000223159791 -4.66686800850764 -4.67373378541736 -4.68059956232708 -4.69480956395468 -4.73105223973593 -4.76729491551717 -4.80353759129841 -4.83978026707966 -4.87602294286091 -4.91226561864215 -4.9485082944234 -5.16003808975214 -5.42999692493008 -5.69995576010806 -5.969914595286 -6.23987343046395 -6.50983226564193 -6.77979110081987
