data/working_set_collections/6091692-Cassins_Sparrow-MC/2000/bio6.asc
NCOLS 265 
NROWS 230 
XLLCORNER -115.5625 
YLLCORNER 24.8333333333333 
CELLSIZE 0.0833333333333333 
NODATA_value -9999 
[rows 80 to 99 of 230, columns 88 to 131 of 265]
-8.03074732224151 -8.44364368385745 -8.75738947921339 -9.07113527456928 -9.38488106992517 -9.69862686528111 -10.012372660637 -10.3261184559929 -10.6398642513488 -10.7576286832493 -10.8100659939979 -10.8625033047466 -10.9149406154952 -10.9673779262438 -11.0198152369924 -11.072252547741 -11.0991647932266 -11.0495018429227 -10.9998388926189 -10.9501759423151 -10.9005129920112 -10.8508500417074 -10.8011870914036 -10.7515241410997 -10.5670528411866 -10.3376454247369 -10.1082380082872 -9.8788305918376 -9.64942317538796 -9.42001575893828 -9.19060834248864 -8.96614784134763 -8.75652808613253 -8.54690833091739 -8.33728857570228 -8.12766882048718 -7.91804906527204 -7.70842931005694 -7.49880955484183 -7.08446003595995 -6.60186726252247 -6.119274489085 -5.63668171564744 -5.15408894220997
-7.20023998816811 -7.53661929501432 -7.81392167674178 -8.0912240584692 -8.36852644019662 -8.64582882192409 -8.9231312036515 -9.20043358537892 -9.47773596710639 -9.62130775054307 -9.72030266788281 -9.81929758522256 -9.9182925025623 -10.017287419902 -10.1162823372418 -10.2152772545815 -10.307082409329 -10.3773182762994 -10.4475541432699 -10.5177900102404 -10.5880258772109 -10.6582617441813 -10.7284976111518 -10.7987334781223 -10.6380794525147 -10.400462129381 -10.1628448062473 -9.92522748311364 -9.68761015997998 -9.44999283684627 -9.2123755137126 -8.98427053557506 -8.78470259242593 -8.58513464927676 -8.38556670612763 -8.1859987629785 -7.98643081982933 -7.7868628766802 -7.58729493353107 -7.18613952000943 -6.71778828303029 -6.24943704605114 -5.78108580907192 -5.31273457209278
-6.36973265409479 -6.62959490617126 -6.87045387427026 -7.1113128423692 -7.35217181046816 -7.59303077856715 -7.8338897466661 -8.07474871476505 -8.31560768286404 -8.48498681783693 -8.63053934176778 -8.77609186569866 -8.92164438962951 -9.06719691356036 -9.21274943749124 -9.35830196142209 -9.51500002543141 -9.7051347096762 -9.89526939392096 -10.0854040781657 -10.2755387624105 -10.4656734466553 -10.6558081309 -10.8459428151448 -10.7091060638428 -10.4632788340251 -10.2174516042074 -9.97162437438968 -9.72579714457199 -9.47996991475426 -9.23414268493656 -9.00239322980249 -8.81287709871933 -8.62336096763613 -8.43384483655297 -8.24432870546981 -8.05481257438662 -7.86529644330346 -7.6757803122203 -7.2878190040589 -6.83370930353809 -6.37959960301728 -5.92548990249639 -5.47138020197558
-5.5392253200214 -5.72257051732813 -5.92698607179865 -6.13140162626913 -6.33581718073961 -6.54023273521012 -6.7446482896806 -6.94906384415108 -7.1534793986216 -7.34866588513069 -7.54077601565266 -7.73288614617466 -7.92499627669663 -8.1171064072186 -8.3092165377406 -8.50132666826257 -8.72291764153379 -9.0329511430529 -9.34298464457197 -9.65301814609103 -9.96305164761015 -10.2730851491292 -10.5831186506483 -10.8931521521674 -10.7801326751709 -10.5260955386692 -10.2720584021674 -10.0180212656657 -9.76398412916401 -9.50994699266224 -9.25590985616052 -9.02051592402992 -8.84105160501273 -8.66158728599551 -8.48212296697832 -8.30265864796113 -8.12319432894391 -7.94373000992672 -7.76426569090953 -7.38949848810838 -6.9496303240459 -6.50976215998342 -6.06989399592087 -5.6300258318584
-5.05275812149047 -5.19141507678559 -5.3731984562344 -5.55498183568318 -5.73676521513195 -5.91854859458076 -6.10033197402953 -6.28211535347831 -6.46389873292711 -6.67389862140018 -6.89330401288136 -7.11270940436257 -7.33211479584374 -7.55152018732492 -7.77092557880613 -7.9903309702873 -8.24236729542408 -8.59229642152785 -8.94222554763155 -9.29215467373525 -9.64208379983902 -9.99201292594272 -10.3419420520464 -10.6918711781502 -10.5959379871687 -10.3513840238254 -10.1068300604821 -9.86227609713881 -9.61772213379551 -9.37316817045218 -9.12861420710889 -8.90258552895659 -8.73213270637732 -8.56167988379802 -8.39122706121875 -8.22077423863948 -8.05032141606018 -7.87986859348091 -7.70941577090164 -7.34812682469695 -6.92322583728378 -6.49832484987061 -6.07342386245736 -5.64852287504419
-4.9103310585022 -5.03612858454385 -5.20909102757773 -5.38205347061157 -5.55501591364542 -5.72797835667929 -5.90094079971314 -6.07390324274698 -6.24686568578086 -6.46068502664566 -6.68812333345412 -6.91556164026261 -7.14299994707107 -7.37043825387953 -7.59787656068802 -7.82531486749648 -8.07334898710247 -8.38317054510117 -8.69299210309981 -9.00281366109846 -9.31263521909716 -9.62245677709581 -9.93227833509445 -10.2420998930932 -10.1565219998361 -9.93914428949368 -9.72176657915124 -9.50438886880885 -9.28701115846644 -9.06963344812401 -8.85225573778161 -8.64860204458245 -8.48612040281305 -8.32363876104362 -8.16115711927421 -7.99867547750481 -7.83619383573539 -7.67371219396598 -7.51123055219658 -7.16370401382456 -6.75449584325167 -6.34528767267877 -5.93607950210581 -5.52687133153291
-4.76790399551392 -4.8808420923021 -5.04498359892104 -5.20912510553995 -5.37326661215887 -5.53740811877781 -5.70154962539673 -5.86569113201564 -6.02983263863459 -6.24747143189111 -6.48294265402686 -6.71841387616264 -6.95388509829838 -7.18935632043412 -7.4248275425699 -7.66029876470564 -7.90433067878084 -8.17404466867447 -8.44375865856805 -8.71347264846164 -8.98318663835527 -9.25290062824886 -9.52261461814244 -9.79232860803607 -9.7171060125034 -9.5269045551619 -9.33670309782036 -9.14650164047885 -8.95630018313735 -8.76609872579581 -8.5758972684543 -8.39461856020828 -8.24010809924875 -8.08559763828919 -7.93108717732966 -7.77657671637013 -7.62206625541057 -7.46755579445104 -7.3130453334915 -6.97928120295216 -6.58576584921954 -6.19225049548692 -5.79873514175424 -5.40521978802162
-4.62547693252564 -4.72555560006034 -4.88087617026435 -5.03619674046834 -5.19151731067232 -5.34683788087633 -5.50215845108032 -5.6574790212843 -5.81279959148831 -6.03425783713657 -6.2777619745996 -6.52126611206266 -6.76477024952569 -7.00827438698871 -7.25177852445178 -7.4952826619148 -7.73531237045921 -7.96491879224777 -8.1945252140363 -8.42413163582482 -8.65373805761338 -8.88334447940191 -9.11295090119044 -9.342557322979 -9.27769002517072 -9.11466482083011 -8.95163961648947 -8.78861441214886 -8.62558920780825 -8.46256400346761 -8.299538799127 -8.14063507583412 -7.99409579568446 -7.84755651553477 -7.70101723538511 -7.55447795523544 -7.40793867508575 -7.26139939493609 -7.11486011478642 -6.79485839207976 -6.41703585518742 -6.03921331829507 -5.66139078140267 -5.28356824451033
-4.48304986953737 -4.5702691078186 -4.71676874160768 -4.86326837539673 -5.00976800918579 -5.15626764297487 -5.30276727676392 -5.44926691055298 -5.59576654434206 -5.82104424238204 -6.07258129517235 -6.3241183479627 -6.57565540075301 -6.82719245354332 -7.07872950633367 -7.33026655912398 -7.56629406213759 -7.75579291582109 -7.94529176950456 -8.13479062318802 -8.32428947687153 -8.51378833055499 -8.70328718423846 -8.89278603792196 -8.83827403783808 -8.70242508649836 -8.56657613515862 -8.4307271838189 -8.29487823247918 -8.15902928113944 -8.02318032979972 -7.88665159145998 -7.74808349212019 -7.60951539278037 -7.47094729344057 -7.33237919410077 -7.19381109476096 -7.05524299542116 -6.91667489608136 -6.61043558120737 -6.2483058611553 -5.88617614110324 -5.52404642105111 -5.16191670099905
-4.34062280654908 -4.41498261557684 -4.55266131295099 -4.69034001032511 -4.82801870769924 -4.96569740507339 -5.10337610244752 -5.24105479982164 -5.37873349719579 -5.6078306476275 -5.86740061574509 -6.12697058386273 -6.38654055198032 -6.64611052009791 -6.90568048821555 -7.16525045633314 -7.39727575381596 -7.54666703939439 -7.6960583249728 -7.8454496105512 -7.99484089612964 -8.14423218170805 -8.29362346728645 -8.44301475286488 -8.3988580505054 -8.29018535216658 -8.18151265382773 -8.07283995548891 -7.96416725715009 -7.85549455881124 -7.74682186047242 -7.63266810708582 -7.5020711885559 -7.37147427002595 -7.24087735149602 -7.11028043296609 -6.97968351443614 -6.84908659590621 -6.71848967737628 -6.42601277033496 -6.07957586712318 -5.73313896391139 -5.38670206069954 -5.04026515748775
-4.28159112930297 -4.34617861641775 -4.47533443238999 -4.6044902483622 -4.73364606433442 -4.86280188030666 -4.99195769627887 -5.12111351225109 -5.25026932822332 -5.47701069513953 -5.73628057903708 -5.99555046293468 -6.25482034683224 -6.5140902307298 -6.7733601146274 -7.03262999852495 -7.25902853674357 -7.38681303792529 -7.514597539107 -7.6423820402887 -7.77016654147042 -7.89795104265212 -8.02573554383382 -8.15352004501555 -8.11859584252042 -8.02943540546632 -7.94027496841221 -7.85111453135811 -7.76195409430401 -7.67279365724989 -7.58363322019579 -7.48100137710575 -7.33795531590785 -7.19490925470992 -7.05186319351201 -6.90881713231411 -6.76577107111618 -6.62272500991827 -6.47967894872037 -6.20014607111622 -5.87511758804331 -5.55008910497041 -5.22506062189746 -4.90003213882455
-4.30595483779906 -4.36385711034136 -4.48478809992471 -4.60571908950804 -4.72665007909136 -4.84758106867471 -4.96851205825804 -5.08944304784137 -5.21037403742472 -5.42858438491818 -5.67922118504837 -5.92985798517861 -6.18049478530881 -6.431131585439 -6.68176838556924 -6.93240518569944 -7.15155241092045 -7.27623091141383 -7.4009094119072 -7.52558791240056 -7.65026641289394 -7.7749449133873 -7.89962341388066 -8.02430191437404 -7.99748741388324 -7.92017524639769 -7.84286307891212 -7.76555091142657 -7.68823874394102 -7.61092657645545 -7.5336144089699 -7.43165140151982 -7.25573587417609 -7.07982034683232 -6.90390481948859 -6.72798929214486 -6.55207376480109 -6.37615823745736 -6.20024271011362 -5.93283548355112 -5.63493102391572 -5.33702656428031 -5.03912210464486 -4.74121764500945
-4.33031854629516 -4.38153560426497 -4.49424176745943 -4.60694793065387 -4.71965409384831 -4.83236025704277 -4.94506642023721 -5.05777258343165 -5.1704787466261 -5.38015807469682 -5.62216179105966 -5.86416550742253 -6.10616922378537 -6.3481729401482 -6.59017665651108 -6.83218037287391 -7.04407628509732 -7.16564878490236 -7.28722128470738 -7.4087937845124 -7.53036628431744 -7.65193878412246 -7.77351128392748 -7.89508378373253 -7.87637898524605 -7.81091508732905 -7.74545118941203 -7.67998729149503 -7.61452339357803 -7.54905949566101 -7.48359559774401 -7.38230142593389 -7.17351643244433 -6.96473143895472 -6.75594644546516 -6.54716145197559 -6.33837645848599 -6.12959146499642 -5.92080647150685 -5.665524895986 -5.3947444597881 -5.1239640235902 -4.85318358739224 -4.58240315119434
-4.35468225479125 -4.39921409818859 -4.50369543499415 -4.6081767717997 -4.71265810860526 -4.81713944541082 -4.92162078221638 -5.02610211902193 -5.13058345582749 -5.33173176447547 -5.56510239707094 -5.79847302966646 -6.03184366226193 -6.2652142948574 -6.49858492745292 -6.73195556004839 -6.93660015927419 -7.05506665839089 -7.17353315750757 -7.29199965662425 -7.41046615574095 -7.52893265485763 -7.64739915397431 -7.76586565309101 -7.75527055660886 -7.7016549282604 -7.64803929991194 -7.59442367156348 -7.54080804321503 -7.48719241486657 -7.43357678651811 -7.33295145034796 -7.09129699071256 -6.84964253107712 -6.60798807144172 -6.36633361180632 -6.12467915217088 -5.88302469253548 -5.64137023290008 -5.39821430842089 -5.15455789566048 -4.91090148290008 -4.66724507013963 -4.42358865737922
-4.37904596328735 -4.4168925921122 -4.51314910252888 -4.60940561294554 -4.7056621233622 -4.80191863377888 -4.89817514419554 -4.99443165461221 -5.09068816502888 -5.28330545425412 -5.50804300308223 -5.73278055191039 -5.9575181007385 -6.18225564956661 -6.40699319839477 -6.63173074722288 -6.82912403345107 -6.94448453187943 -7.05984503030777 -7.17520552873611 -7.29056602716447 -7.40592652559281 -7.52128702402115 -7.6366475224495 -7.63416212797168 -7.59239476919177 -7.55062741041186 -7.50886005163195 -7.46709269285204 -7.42532533407213 -7.38355797529222 -7.28360147476203 -7.00907754898081 -6.73455362319953 -6.4600296974183 -6.18550577163707 -5.9109818458558 -5.63645792007457 -5.36193399429334 -5.13090372085579 -4.91437133153289 -4.69783894220998 -4.48130655288703 -4.26477416356412
-4.40340967178344 -4.43457108603581 -4.5226027700636 -4.61063445409138 -4.69866613811915 -4.78669782214694 -4.87472950617471 -4.96276119020249 -5.05079287423027 -5.23487914403277 -5.45098360909352 -5.66708807415431 -5.88319253921506 -6.09929700427581 -6.3154014693366 -6.53150593439736 -6.72164790762794 -6.83390240536796 -6.94615690310796 -7.05841140084796 -7.17066589858797 -7.28292039632797 -7.39517489406797 -7.50742939180799 -7.51305369933448 -7.48313461012313 -7.45321552091176 -7.42329643170041 -7.39337734248905 -7.36345825327768 -7.33353916406633 -7.2342514991761 -6.92685810724904 -6.61946471532193 -6.31207132339487 -6.0046779314678 -5.69728453954069 -5.38989114761363 -5.08249775568657 -4.86359313329068 -4.67418476740527 -4.48477640151986 -4.29536803563442 -4.10595966974901
-4.45327208836872 -4.48303817113238 -4.56482426325478 -4.64661035537718 -4.72839644749957 -4.81018253962197 -4.89196863174436 -4.97375472386676 -5.05554081598916 -5.21312621434526 -5.39597804811262 -5.57882988188001 -5.76168171564737 -5.94453354941473 -6.12738538318211 -6.31023721694947 -6.47371157540217 -6.57905350791087 -6.68439544041954 -6.78973737292822 -6.89507930543691 -7.00042123794559 -7.10576317045427 -7.21110510296296 -7.22299331029262 -7.20373027589592 -7.18446724149921 -7.16520420710251 -7.14594117270581 -7.1266781383091 -7.1074151039124 -7.01468405193764 -6.70154894722846 -6.38841384251922 -6.07527873781003 -5.76214363310084 -5.4490085283916 -5.13587342368242 -4.82273831897323 -4.6132355690003 -4.43827693727288 -4.26331830554546 -4.08835967381801 -3.91340104209059
-4.5286332130432 -4.56229384740191 -4.63981358210244 -4.71733331680295 -4.79485305150347 -4.872372786204 -4.94989252090452 -5.02741225560504 -5.10493199030557 -5.21804666519163 -5.34302632013955 -5.46800597508749 -5.59298563003541 -5.71796528498333 -5.84294493993127 -5.96792459487919 -6.08531503677373 -6.17993783950811 -6.27456064224249 -6.36918344497686 -6.46380624771124 -6.55842905044562 -6.65305185317999 -6.74767465591438 -6.76398096084603 -6.75418176651009 -6.74438257217415 -6.73458337783821 -6.72478418350227 -6.71498498916633 -6.70518579483039 -6.6248991330466 -6.33315006891901 -6.04140100479137 -5.74965194066378 -5.45790287653619 -5.16615381240855 -4.87440474828095 -4.58265568415336 -4.37983102798469 -4.20664784113574 -4.03346465428679 -3.86028146743781 -3.68709828058886
-4.60399433771768 -4.64154952367144 -4.7148029009501 -4.78805627822874 -4.86130965550738 -4.93456303278603 -5.00781641006468 -5.08106978734332 -5.15432316462197 -5.22296711603799 -5.29007459216647 -5.35718206829496 -5.42428954442343 -5.49139702055191 -5.5585044966804 -5.62561197280888 -5.69691849814525 -5.78082217110533 -5.86472584406539 -5.94862951702546 -6.03253318998554 -6.1164368629456 -6.20034053590567 -6.28424420886575 -6.3049686113994 -6.30463325712422 -6.30429790284905 -6.30396254857387 -6.3036271942987 -6.30329184002352 -6.30295648574835 -6.23511421415553 -5.96475119060953 -5.69438816706349 -5.4240251435175 -5.1536621199715 -4.88329909642546 -4.61293607287947 -4.34257304933347 -4.14642648696906 -3.97501874499858 -3.8036110030281 -3.6322032610576 -3.46079551908712
-4.67935546239216 -4.72080519994097 -4.78979221979775 -4.85877923965452 -4.92776625951129 -4.99675327936807 -5.06574029922484 -5.1347273190816 -5.20371433893838 -5.22788756688436 -5.23712286419339 -5.24635816150243 -5.25559345881146 -5.26482875612049 -5.27406405342953 -5.28329935073856 -5.30852195951677 -5.38170650270254 -5.4548910458883 -5.52807558907406 -5.60126013225983 -5.67444467544559 -5.74762921863135 -5.82081376181713 -5.84595626195277 -5.85508474773836 -5.86421323352395 -5.87334171930954 -5.88247020509512 -5.89159869088072 -5.9007271766663 -5.84532929526445 -5.59635231230005 -5.34737532933561 -5.09839834637121 -4.84942136340682 -4.60044438044238 -4.35146739747798 -4.10249041451358 -3.91302194595342 -3.74338964886142 -3.57375735176942 -3.40412505467738 -3.23449275758538
