data/working_set_collections/6091692-Cassins_Sparrow-MC/2000/bio7.asc
NCOLS 265 
NROWS 230 
XLLCORNER -115.5625 
YLLCORNER 24.8333333333333 
CELLSIZE 0.0833333333333333 
NODATA_value -9999 
[rows 120 to 139 of 230, columns 0 to 45 of 265]
36.9446974860297 37.0795753479004 37.214453209771 37.3493310716417 37.4842089335124 37.619086795383 37.7539646572537 37.7922541300456 37.7983474731445 37.8044408162435 37.8105341593425 37.8166275024414 37.8227208455404 37.8288141886393 37.7998725043403 37.6658257378472 37.5317789713542 37.3977322048611 37.2636854383681 37.129638671875 36.995591905382 36.8615451388889 36.7465565999349 36.6379208034939 36.529285007053 36.420649210612 36.312013414171 36.20337761773 36.0947418212891 36.0119698418511 36.0067893134223 36.0016087849935 35.9964282565646 35.9912477281358 35.986067199707 35.9808866712782 35.9757061428494 36.008576965332 36.0541315714518 36.0996861775716 36.1452407836914 36.1907953898112 36.236349995931 36.2819046020508 36.28288998074 36.1501676771376
36.7040265401205 36.8652030944824 37.0263796488444 37.1875562032064 37.3487327575684 37.5099093119303 37.6710858662923 37.7174057006836 37.7254399617513 37.733474222819 37.7415084838867 37.7495427449544 37.7575770060221 37.7656112670899 37.7390116373698 37.6085103352865 37.4780090332032 37.3475077311198 37.2170064290365 37.0865051269532 36.9560038248698 36.8255025227865 36.7260162353516 36.6368682861328 36.5477203369141 36.4585723876953 36.3694244384766 36.2802764892578 36.1911285400391 36.1263473510742 36.1346664428711 36.1429855346679 36.1513046264648 36.1596237182617 36.1679428100586 36.1762619018554 36.1845809936523 36.2122604370117 36.2463933308919 36.2805262247721 36.3146591186523 36.3487920125325 36.3829249064127 36.4170578002929 36.407302347819 36.2658818562825
36.4633555942112 36.6508308410645 36.8383060879177 37.0257813347711 37.2132565816243 37.4007318284776 37.5882070753309 37.6425572713216 37.6525324503581 37.6625076293945 37.672482808431 37.6824579874675 37.6924331665039 37.7024083455404 37.6781507703993 37.5511949327257 37.4242390950521 37.2972832573785 37.1703274197049 37.0433715820313 36.9164157443577 36.789459906684 36.7054758707682 36.6358157687717 36.5661556667752 36.4964955647787 36.4268354627821 36.3571753607856 36.2875152587891 36.2407248602973 36.2625435723199 36.2843622843424 36.306180996365 36.3279997083876 36.3498184204101 36.3716371324327 36.3934558444553 36.4159439086914 36.438655090332 36.4613662719726 36.4840774536133 36.5067886352539 36.5294998168945 36.5522109985351 36.531714714898 36.3815960354275
36.2226846483019 36.4364585876465 36.6502325269911 36.8640064663357 37.0777804056803 37.2915543450249 37.5053282843696 37.5677088419596 37.5796249389649 37.5915410359701 37.6034571329753 37.6153732299805 37.6272893269857 37.6392054239909 37.6172899034289 37.493879530165 37.3704691569011 37.2470587836372 37.1236484103733 37.0002380371094 36.8768276638455 36.7534172905816 36.6849355061849 36.6347632514106 36.5845909966363 36.534418741862 36.4842464870877 36.4340742323134 36.3839019775391 36.3551023695204 36.3904207017686 36.4257390340169 36.4610573662652 36.4963756985134 36.5316940307617 36.56701236301 36.6023306952582 36.6196273803711 36.6309168497721 36.6422063191732 36.6534957885742 36.6647852579752 36.6760747273763 36.6873641967773 36.656127081977 36.4973102145725
35.9820137023926 36.2220863342285 36.4621589660644 36.7022315979004 36.9423042297363 37.1823768615722 37.4224494934082 37.4928604125977 37.5067174275716 37.5205744425456 37.5344314575195 37.5482884724935 37.5621454874675 37.5760025024414 37.5564290364584 37.4365641276042 37.31669921875 37.1968343098959 37.0769694010417 36.9571044921875 36.8372395833334 36.7173746744792 36.6643951416016 36.6337107340495 36.6030263264974 36.5723419189453 36.5416575113932 36.5109731038411 36.480288696289 36.4694798787434 36.5182978312174 36.5671157836914 36.6159337361653 36.6647516886393 36.7135696411132 36.7623875935872 36.8112055460612 36.8233108520508 36.8231786092122 36.8230463663737 36.8229141235351 36.8227818806966 36.822649637858 36.8225173950195 36.780539449056 36.6130243937174
35.7413427564833 36.0077140808105 36.2740854051378 36.540456729465 36.8068280537923 37.0731993781195 37.3395707024468 37.4180119832357 37.4338099161784 37.4496078491211 37.4654057820638 37.4812037150065 37.4970016479492 37.5127995808919 37.4955681694879 37.3792487250434 37.262929280599 37.1466098361546 37.0302903917101 36.9139709472657 36.7976515028212 36.6813320583768 36.6438547770182 36.6326582166884 36.6214616563585 36.6102650960286 36.5990685356988 36.5878719753689 36.576675415039 36.5838573879666 36.6461749606662 36.7084925333658 36.7708101060655 36.8331276787652 36.8954452514648 36.9577628241645 37.0200803968641 37.0269943237304 37.0154403686523 37.0038864135742 36.9923324584961 36.980778503418 36.9692245483398 36.9576705932617 36.904951816135 36.7287385728624
35.6391677856445 35.9165542602539 36.1939407348632 36.4713272094726 36.748713684082 37.0261001586913 37.3034866333007 37.3792020161947 37.38769370185 37.3961853875054 37.4046770731608 37.4131687588162 37.4216604444716 37.430152130127 37.4101159837511 37.3044963412815 37.1988766988119 37.0932570563423 36.9876374138726 36.882017771403 36.7763981289334 36.6707784864638 36.6471440633138 36.6508380466037 36.6545320298937 36.6582260131836 36.6619199964735 36.6656139797634 36.6693079630534 36.6884175618489 36.7537740071614 36.8191304524739 36.8844868977864 36.949843343099 37.0151997884114 37.0805562337239 37.1459126790364 37.1525149027507 37.1395323859321 37.1265498691135 37.1135673522949 37.1005848354763 37.0876023186578 37.0746198018392 37.018571556939 36.8333261277941
35.6754887898763 35.9486068725585 36.2217249552408 36.4948430379231 36.7679611206054 37.0410792032877 37.31419728597 37.3764305114746 37.3683687845866 37.3603070576986 37.3522453308106 37.3441836039225 37.3361218770345 37.3280601501465 37.3000724792481 37.2123069763184 37.1245414733887 37.036775970459 36.9490104675293 36.8612449645996 36.7734794616699 36.6857139587402 36.6742630004883 36.6882502237956 36.7022374471029 36.7162246704101 36.7302118937174 36.7441991170247 36.758186340332 36.7831604003906 36.8410949707031 36.8990295410156 36.9569641113281 37.0148986816406 37.0728332519531 37.1307678222656 37.1887023925781 37.1998725891113 37.1954546610514 37.1910367329915 37.1866188049316 37.1822008768717 37.1777829488118 37.1733650207519 37.1213986714681 36.9267870585124
35.711809794108 35.9806594848632 36.2495091756184 36.5183588663737 36.7872085571289 37.056058247884 37.3249079386393 37.3736590067546 37.3490438673231 37.3244287278917 37.2998135884603 37.2751984490289 37.2505833095975 37.225968170166 37.190028974745 37.1201176113553 37.0502062479655 36.9802948845758 36.910383521186 36.8404721577962 36.7705607944065 36.7006494310167 36.7013819376628 36.7256624009874 36.7499428643121 36.7742233276367 36.7985037909614 36.822784254286 36.8470647176107 36.8779032389323 36.9284159342448 36.9789286295573 37.0294413248698 37.0799540201823 37.1304667154948 37.1809794108073 37.2314921061198 37.247230275472 37.2513769361708 37.2555235968696 37.2596702575683 37.2638169182671 37.2679635789659 37.2721102396647 37.2242257859972 37.0202479892307
35.7481307983398 36.0127120971679 36.277293395996 36.5418746948242 36.8064559936523 37.0710372924804 37.3356185913086 37.3708875020345 37.3297189500597 37.2885503980849 37.24738184611 37.2062132941352 37.1650447421604 37.1238761901856 37.079985470242 37.0279282463922 36.9758710225423 36.9238137986925 36.8717565748427 36.8196993509928 36.767642127143 36.7155849032932 36.7285008748372 36.7630745781792 36.7976482815213 36.8322219848633 36.8667956882053 36.9013693915473 36.9359430948893 36.9726460774739 37.0157368977864 37.0588277180989 37.1019185384114 37.1450093587239 37.1881001790364 37.2311909993489 37.2742818196614 37.2945879618327 37.3072992112901 37.3200104607476 37.3327217102051 37.3454329596625 37.35814420912 37.3708554585775 37.3270529005263 37.113708919949
35.7844518025716 36.0447647094726 36.3050776163736 36.5653905232747 36.8257034301757 37.0860163370768 37.3463292439778 37.3681159973145 37.3103940327962 37.252672068278 37.1949501037598 37.1372281392416 37.0795061747233 37.0217842102051 36.969941965739 36.9357388814291 36.9015357971192 36.8673327128093 36.8331296284994 36.7989265441895 36.7647234598796 36.7305203755697 36.7556198120117 36.8004867553711 36.8453536987305 36.8902206420898 36.9350875854492 36.9799545288086 37.024821472168 37.0673889160156 37.1030578613281 37.1387268066406 37.1743957519531 37.2100646972656 37.2457336425781 37.2814025878906 37.3170715332031 37.3419456481934 37.3632214864095 37.3844973246256 37.4057731628418 37.4270490010579 37.4483248392741 37.4696006774902 37.4298800150554 37.2071698506673
35.8207728068034 36.0768173217773 36.3328618367512 36.5889063517252 36.8449508666992 37.1009953816731 37.3570398966471 37.3653444925944 37.2910691155328 37.2167937384711 37.1425183614095 37.0682429843479 36.9939676072863 36.9196922302246 36.8598984612359 36.843549516466 36.827200571696 36.810851626926 36.794502682156 36.7781537373861 36.7618047926161 36.7454558478461 36.7827387491862 36.8378989325629 36.8930591159397 36.9482192993164 37.0033794826931 37.0585396660699 37.1136998494466 37.1621317545573 37.1903788248698 37.2186258951823 37.2468729654948 37.2751200358073 37.3033671061198 37.3316141764323 37.3598612467448 37.389303334554 37.4191437615288 37.4489841885037 37.4788246154785 37.5086650424533 37.5385054694282 37.568345896403 37.5327071295845 37.3006307813856
35.9282162984212 36.1715156555175 36.4148150126139 36.6581143697102 36.9014137268066 37.1447130839029 37.3880124409993 37.3780723571778 37.2837191263835 37.1893658955892 37.0950126647949 37.0006594340007 36.9063062032064 36.8119529724121 36.7383069356283 36.7267824808757 36.7152580261231 36.7037335713705 36.6922091166179 36.6806846618653 36.6691602071127 36.65763575236 36.6937721252442 36.7457954406738 36.7978187561035 36.8498420715332 36.9018653869629 36.9538887023926 37.0059120178223 37.051170094808 37.0761324564616 37.1010948181153 37.1260571797689 37.1510195414226 37.1759819030762 37.2009442647298 37.2259066263835 37.2621172587077 37.3020773145888 37.3420373704699 37.3819974263509 37.421957482232 37.4619175381131 37.5018775939942 37.4742852952746 37.2440359327529
36.1067822774251 36.3288597106933 36.5509371439615 36.7730145772298 36.995092010498 37.2171694437662 37.4392468770345 37.4062995910645 37.2883440653483 37.1703885396322 37.052433013916 36.9344774881999 36.8165219624838 36.6985664367676 36.605167388916 36.5854377746582 36.5657081604004 36.5459785461426 36.5262489318848 36.506519317627 36.4867897033692 36.4670600891114 36.4887199401856 36.5241762797038 36.559632619222 36.5950889587403 36.6305452982585 36.6660016377767 36.701457977295 36.7345039367676 36.7603187561036 36.7861335754395 36.8119483947754 36.8377632141114 36.8635780334473 36.8893928527833 36.9152076721192 36.9603874206543 37.0120221455892 37.0636568705241 37.115291595459 37.1669263203939 37.2185610453288 37.2701957702637 37.2546145121257 37.0373853047689
36.285348256429 36.4862037658691 36.6870592753092 36.8879147847493 37.0887702941894 37.2896258036295 37.4904813130696 37.4345268249512 37.2929690043132 37.1514111836752 37.0098533630371 36.8682955423991 36.7267377217611 36.5851799011231 36.4720278422038 36.4440930684408 36.4161582946778 36.3882235209147 36.3602887471517 36.3323539733887 36.3044191996257 36.2764844258627 36.283667755127 36.3025571187338 36.3214464823405 36.3403358459473 36.3592252095541 36.3781145731608 36.3970039367676 36.4178377787273 36.4445050557455 36.4711723327637 36.4978396097819 36.5245068868002 36.5511741638184 36.5778414408366 36.6045087178549 36.6586575826009 36.7219669765897 36.7852763705784 36.8485857645671 36.9118951585558 36.9752045525445 37.0385139465332 37.0349437289769 36.830734676785
36.4639142354329 36.6435478210449 36.8231814066569 37.0028149922689 37.1824485778808 37.3620821634928 37.5417157491048 37.4627540588379 37.297593943278 37.1324338277181 36.9672737121582 36.8021135965984 36.6369534810384 36.4717933654786 36.3388882954916 36.3027483622233 36.2666084289551 36.2304684956869 36.1943285624186 36.1581886291504 36.1220486958822 36.085908762614 36.0786155700684 36.0809379577637 36.083260345459 36.0855827331543 36.0879051208496 36.090227508545 36.0925498962403 36.1011716206869 36.1286913553874 36.1562110900879 36.1837308247884 36.211250559489 36.2387702941895 36.26629002889 36.2938097635905 36.3569277445476 36.4319118075901 36.5068958706326 36.5818799336751 36.6568639967177 36.7318480597602 36.8068321228028 36.815272945828 36.624084048801
36.6424802144368 36.8008918762206 36.9593035380045 37.1177151997884 37.2761268615722 37.4345385233561 37.59295018514 37.4909812927246 37.3022188822429 37.1134564717611 36.9246940612793 36.7359316507976 36.5471692403158 36.358406829834 36.2057487487793 36.1614036560059 36.1170585632325 36.072713470459 36.0283683776856 35.9840232849121 35.9396781921387 35.8953330993653 35.8735633850098 35.8593187967937 35.8450742085775 35.8308296203614 35.8165850321452 35.8023404439291 35.7880958557129 35.7845054626465 35.8128776550293 35.8412498474122 35.869622039795 35.8979942321778 35.9263664245606 35.9547386169434 35.9831108093262 36.0551979064942 36.1418566385905 36.2285153706869 36.3151741027832 36.4018328348796 36.4884915669759 36.5751502990723 36.5956021626791 36.4174334208171
36.8210461934407 36.9582359313964 37.0954256693522 37.2326154073079 37.3698051452636 37.5069948832194 37.6441846211751 37.5192085266114 37.3068438212077 37.0944791158041 36.8821144104004 36.6697497049968 36.4573849995931 36.2450202941895 36.0726092020671 36.0200589497884 35.9675086975098 35.9149584452312 35.8624081929525 35.8098579406739 35.7573076883952 35.7047574361166 35.6685111999512 35.6376996358236 35.606888071696 35.5760765075684 35.5452649434408 35.5144533793132 35.4836418151856 35.4678393046062 35.4970639546713 35.5262886047364 35.5555132548015 35.5847379048666 35.6139625549317 35.6431872049968 35.6724118550619 35.7534680684408 35.8518014695909 35.9501348707411 36.0484682718913 36.1468016730415 36.2451350741916 36.3434684753418 36.3759313795302 36.2107827928332
36.8008918762207 36.92185643514 37.0428209940592 37.1637855529785 37.2847501118978 37.4057146708171 37.5266792297363 37.3858668009441 37.1577953762479 36.9297239515517 36.7016525268555 36.4735811021594 36.2455096774632 36.017438252767 35.8310822380914 35.7698724534777 35.708662668864 35.6474528842503 35.5862430996365 35.5250333150228 35.4638235304091 35.4026137457954 35.3624188741049 35.3292289733887 35.2960390726726 35.2628491719564 35.2296592712403 35.1964693705241 35.163279469808 35.146598815918 35.1794459025065 35.2122929890951 35.2451400756836 35.2779871622722 35.3108342488607 35.3436813354492 35.3765284220378 35.4577842712403 35.5551763746474 35.6525684780545 35.7499605814616 35.8473526848687 35.9447447882759 36.042136891683 36.0790534125435 35.9345431857639
36.5820172627767 36.6917533874512 36.8014895121257 36.9112256368002 37.0209617614746 37.1306978861491 37.2404340108236 37.0909561157227 36.8550735473634 36.619190979004 36.3833084106446 36.1474258422853 35.9115432739259 35.6756607055665 35.4811678568523 35.4108441670736 35.340520477295 35.2701967875164 35.1998730977377 35.1295494079591 35.0592257181804 34.9889020284018 34.9552864074708 34.933906809489 34.9125272115072 34.8911476135255 34.8697680155437 34.8483884175619 34.8270088195801 34.8207839965821 34.8600234985352 34.8992630004883 34.9385025024415 34.9777420043946 35.0169815063477 35.0562210083008 35.0954605102539 35.1681465148926 35.2519813537598 35.335816192627 35.4196510314942 35.5034858703614 35.5873207092286 35.6711555480958 35.7049682617188 35.5887145996094
