data/working_set_collections/6091692-Cassins_Sparrow-MC/2000/bio7.asc
NCOLS 265 
NROWS 230 
XLLCORNER -115.5625 
YLLCORNER 24.8333333333333 
CELLSIZE 0.0833333333333333 
NODATA_value -9999 
[rows 120 to 139 of 230, columns 138 to 183 of 265]
37.9123115539551 37.9546953837077 37.9970792134603 38.0394630432129 37.9818176269532 37.8908291286893 37.7998406304254 37.7088521321615 37.6178636338976 37.5268751356337 37.4358866373698 37.364914449056 37.3539911905925 37.3430679321289 37.3321446736654 37.3212214152018 37.3102981567383 37.2993748982747 37.2884516398112 37.2434422810873 37.1870708889432 37.1306994967991 37.074328104655 37.0179567125109 36.9615853203668 36.9052139282227 36.853076087104 36.8136388990614 36.7742017110189 36.7347645229764 36.6953273349338 36.6558901468913 36.6164529588488 36.5770157708062 36.6375668843587 36.7314474317762 36.8253279791938 36.9192085266113 37.0130890740288 37.1069696214464 37.2008501688639 37.2889559427897 37.3597373962402 37.4305188496908 37.5013003031413 37.5720817565918
37.833172861735 37.8667289733887 37.9002850850423 37.933841196696 37.8750793457032 37.7855448404948 37.6960103352865 37.6064758300782 37.5169413248698 37.4274068196615 37.3378723144532 37.2684534708659 37.259381612142 37.250309753418 37.241237894694 37.2321660359701 37.2230941772461 37.2140223185222 37.2049504597982 37.1630294799805 37.1101587931315 37.0572881062826 37.0044174194336 36.9515467325847 36.8986760457357 36.8458053588867 36.7979957580567 36.7653694152832 36.7327430725098 36.7001167297363 36.6674903869629 36.6348640441895 36.602237701416 36.5696113586426 36.6255668640137 36.7110496520996 36.7965324401855 36.8820152282715 36.9674980163574 37.0529808044434 37.1384635925293 37.2186907450358 37.283150990804 37.3476112365723 37.4120714823405 37.4765317281087
37.754034169515 37.7787625630697 37.8034909566244 37.828219350179 37.7683410644532 37.6802605523004 37.5921800401476 37.5040995279948 37.416019015842 37.3279385036893 37.2398579915365 37.1719924926758 37.1647720336914 37.157551574707 37.1503311157227 37.1431106567383 37.1358901977539 37.1286697387695 37.1214492797852 37.0826166788737 37.0332466973199 36.9838767157661 36.9345067342123 36.8851367526584 36.8357667711046 36.7863967895508 36.7429154290094 36.717099931505 36.6912844340007 36.6654689364963 36.639653438992 36.6138379414876 36.5880224439833 36.562206946479 36.6135668436686 36.690651872423 36.7677369011773 36.8448219299316 36.921906958686 36.9989919874403 37.0760770161947 37.1484255472819 37.2065645853678 37.2647036234538 37.3228426615397 37.3809816996257
37.6748954772949 37.6907961527507 37.7066968282064 37.7225975036621 37.6616027832032 37.5749762641059 37.4883497450087 37.4017232259115 37.3150967068143 37.228470187717 37.1418436686198 37.0755315144857 37.0701624552409 37.0647933959961 37.0594243367513 37.0540552775065 37.0486862182617 37.0433171590169 37.0379480997721 37.0022038777669 36.9563346015083 36.9104653252496 36.8645960489909 36.8187267727322 36.7728574964735 36.7269882202149 36.687835099962 36.6688304477268 36.6498257954915 36.6308211432563 36.6118164910211 36.5928118387858 36.5738071865506 36.5548025343153 36.6015668233236 36.6702540927463 36.738941362169 36.8076286315918 36.8763159010145 36.9450031704373 37.01369043986 37.078160349528 37.1299781799316 37.1817960103353 37.2336138407389 37.2854316711426
37.5957567850749 37.6028297424317 37.6099026997884 37.6169756571452 37.5548645019532 37.4696919759115 37.3845194498698 37.2993469238282 37.2141743977865 37.1290018717448 37.0438293457032 36.9790705362956 36.9755528767904 36.9720352172852 36.96851755778 36.9649998982748 36.9614822387695 36.9579645792643 36.9544469197591 36.9217910766602 36.8794225056966 36.8370539347331 36.7946853637695 36.752316792806 36.7099482218425 36.6675796508789 36.6327547709147 36.6205609639486 36.6083671569824 36.5961733500163 36.5839795430501 36.571785736084 36.5595919291178 36.5473981221517 36.5895668029785 36.6498563130697 36.7101458231608 36.770435333252 36.8307248433431 36.8910143534342 36.9513038635254 37.0078951517741 37.0533917744954 37.0988883972168 37.1443850199382 37.1898816426595
37.5166180928548 37.5148633321126 37.5131085713705 37.5113538106283 37.4481262207032 37.364407687717 37.2806891547309 37.1969706217448 37.1132520887587 37.0295335557726 36.9458150227865 36.8826095581055 36.8809432983399 36.8792770385742 36.8776107788086 36.875944519043 36.8742782592774 36.8726119995117 36.8709457397461 36.8413782755534 36.802510409885 36.7636425442166 36.7247746785482 36.6859068128798 36.6470389472114 36.608171081543 36.5776744418674 36.5722914801704 36.5669085184733 36.5615255567763 36.5561425950792 36.5507596333822 36.5453766716851 36.5399937099881 36.5775667826335 36.629458533393 36.6813502841526 36.7332420349121 36.7851337856717 36.8370255364312 36.8889172871908 36.9376299540202 36.9768053690592 37.0159807840983 37.0551561991374 37.0943316141764
37.4378890991211 37.4324569702149 37.4270248413086 37.4215927124024 37.3586514790853 37.276540544298 37.1944296095107 37.1123186747233 37.030207739936 36.9480968051487 36.8659858703613 36.8042964511448 36.8038715786404 36.8034467061361 36.8030218336317 36.8025969611274 36.802172088623 36.8017472161187 36.8013223436144 36.7748725891113 36.7397478739421 36.7046231587728 36.6694984436035 36.6343737284343 36.599249013265 36.5641242980957 36.5382679409451 36.5402166578505 36.5421653747559 36.5441140916612 36.5460628085666 36.548011525472 36.5499602423774 36.5519089592828 36.585088857015 36.6286791483561 36.6722694396973 36.7158597310384 36.7594500223796 36.8030403137207 36.8466306050618 36.8862908257378 36.9141608344184 36.942030843099 36.9699008517795 36.9977708604601
37.3595698038737 37.3556106567383 37.3516515096029 37.3476923624675 37.2864402770996 37.2060905456543 37.125740814209 37.0453910827637 36.9650413513184 36.8846916198731 36.8043418884278 36.7441312154134 36.7443377176921 36.7445442199707 36.7447507222494 36.744957224528 36.7451637268067 36.7453702290853 36.7455767313639 36.722274017334 36.6911348978679 36.6599957784017 36.6288566589356 36.5977175394694 36.5665784200033 36.5354393005371 36.5145352681478 36.5243364969889 36.5341377258301 36.5439389546712 36.5537401835124 36.5635414123535 36.5733426411947 36.5831438700358 36.612133026123 36.647518157959 36.6829032897949 36.7182884216309 36.7536735534668 36.7890586853027 36.8244438171387 36.8538777669271 36.8654581705729 36.8770385742188 36.8886189778646 36.9001993815104
37.2812505086263 37.2787643432617 37.2762781778971 37.2737920125326 37.214229075114 37.1356405470107 37.0570520189074 36.9784634908041 36.8998749627008 36.8212864345975 36.7426979064942 36.6839659796821 36.6848038567437 36.6856417338053 36.686479610867 36.6873174879286 36.6881553649902 36.6889932420519 36.6898311191135 36.6696754455567 36.6425219217936 36.6153683980306 36.5882148742676 36.5610613505046 36.5339078267416 36.5067543029785 36.4908025953505 36.5084563361274 36.5261100769043 36.5437638176812 36.5614175584581 36.579071299235 36.5967250400119 36.6143787807888 36.6391771952311 36.6663571675618 36.6935371398926 36.7207171122233 36.747897084554 36.7750770568848 36.8022570292155 36.8214647081163 36.8167555067274 36.8120463053385 36.8073371039497 36.8026279025608
37.2029312133789 37.2019180297852 37.2009048461914 37.1998916625977 37.1420178731283 37.065190548367 36.9883632236057 36.9115358988444 36.8347085740831 36.7578812493219 36.6810539245606 36.6238007439507 36.6252699957954 36.62673924764 36.6282084994846 36.6296777513292 36.6311470031738 36.6326162550185 36.6340855068631 36.6170768737793 36.5939089457194 36.5707410176595 36.5475730895996 36.5244051615397 36.5012372334798 36.4780693054199 36.4670699225532 36.4925761752658 36.5180824279785 36.5435886806912 36.5690949334039 36.5946011861165 36.6201074388292 36.6456136915419 36.6662213643392 36.6851961771647 36.7041709899902 36.7231458028158 36.7421206156413 36.7610954284668 36.7800702412923 36.7890516493056 36.768052842882 36.7470540364583 36.7260552300347 36.7050564236111
37.1246119181315 37.1250717163086 37.1255315144857 37.1259913126628 37.0698066711426 36.9947405497233 36.9196744283041 36.8446083068848 36.7695421854655 36.6944760640463 36.619409942627 36.5636355082194 36.565736134847 36.5678367614746 36.5699373881022 36.5720380147298 36.5741386413574 36.576239267985 36.5783398946126 36.564478302002 36.5452959696452 36.5261136372884 36.5069313049316 36.4877489725749 36.4685666402181 36.4493843078613 36.4433372497559 36.4766960144043 36.5100547790527 36.5434135437012 36.5767723083496 36.610131072998 36.6434898376465 36.6768486022949 36.6932655334473 36.7040351867676 36.7148048400879 36.7255744934082 36.7363441467285 36.7471138000488 36.7578834533691 36.7566385904948 36.7193501790365 36.6820617675781 36.6447733561198 36.6074849446615
37.0462926228841 37.048225402832 37.05015818278 37.0520909627279 36.9975954691569 36.9242905510797 36.8509856330024 36.7776807149252 36.7043757968479 36.6310708787706 36.5577659606934 36.5034702724881 36.5062022738987 36.5089342753092 36.5116662767198 36.5143982781304 36.517130279541 36.5198622809516 36.5225942823622 36.5118797302246 36.496682993571 36.4814862569173 36.4662895202637 36.45109278361 36.4358960469564 36.4206993103027 36.4196045769585 36.4608158535427 36.502027130127 36.5432384067111 36.5844496832953 36.6256609598796 36.6668722364637 36.7080835130479 36.7203097025553 36.7228741963704 36.7254386901855 36.7280031840006 36.7305676778157 36.7331321716309 36.735696665446 36.724225531684 36.670647515191 36.6170694986979 36.5634914822049 36.5099134657118
36.9783109876845 36.9860041300456 36.9936972724067 37.0013904147678 36.9496907552083 36.8781934950087 36.806696234809 36.7351989746094 36.6637017144097 36.5922044542101 36.5207071940104 36.4676177978516 36.4697519938151 36.4718861897786 36.4740203857422 36.4761545817057 36.4782887776693 36.4804229736328 36.4825571695964 36.4741048177083 36.4621236165365 36.4501424153646 36.4381612141927 36.4261800130208 36.414198811849 36.4022176106771 36.4038234286838 36.4461903042263 36.4885571797689 36.5309240553114 36.5732909308539 36.6156578063965 36.658024681939 36.7003915574815 36.7057408650716 36.6987509833442 36.6917611016168 36.6847712198893 36.6777813381619 36.6707914564345 36.663801574707 36.6423767089844 36.5776468912761 36.5129170735677 36.4481872558594 36.3834574381511
36.9206670125326 36.9384078979492 36.9561487833659 36.9738896687825 36.9260925292969 36.8564493815104 36.786806233724 36.7171630859375 36.6475199381511 36.5778767903646 36.5082336425781 36.4560780843099 36.4563852945964 36.4566925048828 36.4569997151693 36.4573069254557 36.4576141357422 36.4579213460286 36.4582285563151 36.4511535644531 36.4416178385417 36.4320821126302 36.4225463867188 36.4130106608073 36.4034749348958 36.3939392089844 36.3959938049316 36.4328193664551 36.4696449279785 36.506470489502 36.5432960510254 36.5801216125488 36.6169471740723 36.6537727355957 36.6495590209961 36.6316655476888 36.6137720743815 36.5958786010742 36.577985127767 36.5600916544597 36.5421981811524 36.5110921223959 36.4403483072917 36.3696044921875 36.2988606770834 36.2281168619792
36.8630230373806 36.8908116658529 36.9186002943251 36.9463889227973 36.9024943033854 36.8347052680122 36.7669162326389 36.6991271972656 36.6313381618924 36.5635491265191 36.4957600911458 36.4445383707682 36.4430185953776 36.441498819987 36.4399790445964 36.4384592692057 36.4369394938151 36.4354197184245 36.4338999430339 36.4282023111979 36.4211120605469 36.4140218098958 36.4069315592448 36.3998413085938 36.3927510579427 36.3856608072917 36.3881641811795 36.4194484286838 36.4507326761881 36.4820169236925 36.5133011711968 36.5445854187012 36.5758696662055 36.6071539137099 36.5933771769206 36.5645801120334 36.5357830471463 36.5069859822591 36.478188917372 36.4493918524848 36.4205947875977 36.3798075358073 36.3030497233073 36.2262919108073 36.1495340983073 36.0727762858073
36.8053790622287 36.8432154337565 36.8810518052843 36.9188881768121 36.878896077474 36.8129611545139 36.7470262315538 36.6810913085938 36.6151563856337 36.5492214626736 36.4832865397136 36.4329986572266 36.4296518961589 36.4263051350912 36.4229583740234 36.4196116129557 36.416264851888 36.4129180908203 36.4095713297526 36.4052510579427 36.4006062825521 36.3959615071615 36.3913167317708 36.3866719563802 36.3820271809896 36.377382405599 36.3803345574273 36.4060774909125 36.4318204243978 36.457563357883 36.4833062913683 36.5090492248535 36.5347921583388 36.560535091824 36.5371953328451 36.4974946763781 36.457794019911 36.418093363444 36.378392706977 36.33869205051 36.298991394043 36.2485229492188 36.165751139323 36.0829793294271 36.0002075195313 35.9174357096355
36.7477350870768 36.7956192016602 36.8435033162435 36.8913874308268 36.8552978515625 36.7912170410156 36.7271362304688 36.6630554199219 36.598974609375 36.5348937988281 36.4708129882813 36.4214589436849 36.4162851969401 36.4111114501953 36.4059377034505 36.4007639567057 36.3955902099609 36.3904164632162 36.3852427164714 36.3822998046875 36.3801005045573 36.3779012044271 36.3757019042969 36.3735026041667 36.3713033040365 36.3691040039063 36.3725049336751 36.3927065531413 36.4129081726074 36.4331097920736 36.4533114115397 36.4735130310059 36.493714650472 36.5139162699382 36.4810134887695 36.4304092407227 36.3798049926758 36.3292007446289 36.2785964965821 36.2279922485352 36.1773880004883 36.1172383626303 36.0284525553386 35.9396667480469 35.8508809407553 35.7620951334636
36.6900911119249 36.7480229695638 36.8059548272027 36.8638866848416 36.8316996256511 36.7694729275174 36.7072462293837 36.64501953125 36.5827928331163 36.5205661349827 36.458339436849 36.4099192301432 36.4029184977214 36.3959177652995 36.3889170328776 36.3819163004557 36.3749155680339 36.367914835612 36.3609141031901 36.3593485514323 36.3595947265625 36.3598409016927 36.3600870768229 36.3603332519531 36.3605794270833 36.3608256022135 36.364675309923 36.37933561537 36.3939959208171 36.4086562262641 36.4233165317112 36.4379768371582 36.4526371426053 36.4672974480523 36.424831644694 36.3633238050673 36.3018159654406 36.2403081258138 36.1788002861871 36.1172924465604 36.0557846069336 35.9859537760417 35.8911539713542 35.7963541666667 35.7015543619792 35.6067545572917
36.640490383572 36.7093129475911 36.7781355116102 36.8469580756293 36.8197985331218 36.7606449551053 36.7014913770888 36.6423377990723 36.5831842210558 36.5240306430393 36.4648770650228 36.4172290378147 36.4040976630317 36.3909662882487 36.3778349134657 36.3647035386827 36.3515721638997 36.3384407891168 36.3253094143338 36.3225357055664 36.3232145521376 36.3238933987088 36.32457224528 36.3252510918511 36.3259299384223 36.3266087849935 36.3290328131782 36.3366923862033 36.3443519592285 36.3520115322537 36.3596711052789 36.367330678304 36.3749902513292 36.3826498243544 36.3354629516602 36.2699939303928 36.2045249091255 36.1390558878581 36.0735868665907 36.0081178453234 35.942648824056 35.8694261338976 35.772942437066 35.6764587402344 35.5799750434028 35.4834913465712
36.5989329020182 36.6794891357422 36.7600453694661 36.8406016031901 36.8195945739746 36.7647331237793 36.709871673584 36.6550102233887 36.6001487731934 36.5452873229981 36.4904258728027 36.4433883666992 36.4198226928711 36.396257019043 36.3726913452149 36.3491256713867 36.3255599975586 36.3019943237305 36.2784286499024 36.2718612670899 36.2709599812826 36.2700586954753 36.269157409668 36.2682561238607 36.2673548380534 36.2664535522461 36.2655774434408 36.2647768656413 36.2639762878418 36.2631757100423 36.2623751322429 36.2615745544434 36.2607739766439 36.2599733988444 36.212907409668 36.1504196166993 36.0879318237305 36.0254440307617 35.962956237793 35.9004684448243 35.8379806518555 35.767655436198 35.673817952474 35.57998046875 35.4861429850261 35.3923055013021
