data/working_set_collections/6091692-Cassins_Sparrow-MC/2000/bio7.asc
NCOLS 265 
NROWS 230 
XLLCORNER -115.5625 
YLLCORNER 24.8333333333333 
CELLSIZE 0.0833333333333333 
NODATA_value -9999 
[rows 180 to 199 of 230, columns 184 to 229 of 265]
31.9968365987142 31.923876868354 31.8509171379937 31.7527539571126 31.646189626058 31.5396252950033 31.4330609639486 31.3264966328939 31.2199323018392 31.1133679707845 31.0140452914768 30.93644756741 30.8588498433431 30.7812521192763 30.7036543952094 30.6260566711426 30.5484589470758 30.4708612230089 30.3768768310547 30.2774302164714 30.1779836018881 30.0785369873047 29.9790903727214 29.8796437581381 29.7801971435547 29.6778904385038 29.5670034620498 29.4561164855958 29.3452295091418 29.2343425326878 29.1234555562338 29.0125685797798 28.9016816033258 28.7338104248048 28.5469445122614 28.360078599718 28.1732126871746 27.9863467746312 27.7994808620878 27.6126149495444 27.4057968987361 27.1391224331328 26.8724479675295 26.6057735019262 26.339099036323 26.0724245707197
31.976734161377 31.9160499572754 31.8553657531738 31.7626014709473 31.6591438293457 31.5556861877442 31.4522285461426 31.348770904541 31.2453132629395 31.1418556213379 31.0420321146647 30.9531110127767 30.8641899108887 30.7752688090007 30.6863477071127 30.5974266052246 30.5085055033366 30.4195844014486 30.3098297119141 30.1931304931641 30.0764312744141 29.9597320556641 29.8430328369141 29.7263336181641 29.6096343994141 29.4923383076986 29.3732515970867 29.2541648864747 29.1350781758627 29.0159914652507 28.8969047546387 28.7778180440268 28.6587313334148 28.4482452392579 28.2072926839194 27.9663401285809 27.7253875732423 27.4844350179038 27.2434824625653 27.0025299072267 26.7346758524579 26.386117299398 26.0375587463381 25.6890001932782 25.3404416402184 24.9918830871584
31.9566317240397 31.9082230461968 31.859814368354 31.7724489847819 31.6720980326335 31.5717470804851 31.4713961283366 31.3710451761882 31.2706942240397 31.1703432718913 31.0700189378527 30.9697744581435 30.8695299784343 30.7692854987251 30.6690410190159 30.5687965393067 30.4685520595975 30.3683075798883 30.2427825927735 30.1088307698568 29.9748789469402 29.8409271240235 29.7069753011068 29.5730234781902 29.4390716552735 29.3067861768935 29.1794997321235 29.0522132873536 28.9249268425836 28.7976403978137 28.6703539530437 28.5430675082737 28.4157810635038 28.162680053711 27.8676408555774 27.5726016574437 27.27756245931 26.9825232611764 26.6874840630427 26.392444864909 26.0635548061797 25.6331121656632 25.2026695251467 24.7722268846302 24.3417842441138 23.9113416035972
31.9365292867025 31.9003961351183 31.8642629835341 31.7822964986166 31.6850522359212 31.5878079732259 31.4905637105306 31.3933194478353 31.29607518514 31.1988309224447 31.0980057610406 30.9864379035102 30.8748700459798 30.7633021884495 30.6517343309191 30.5401664733887 30.4285986158583 30.317030758328 30.1757354736329 30.0245310465495 29.8733266194662 29.7221221923829 29.5709177652995 29.4197133382162 29.2685089111329 29.1212340460884 28.9857478671605 28.8502616882325 28.7147755093045 28.5792893303766 28.4438031514486 28.3083169725207 28.1728307935928 27.8771148681642 27.5279890272354 27.1788631863066 26.8297373453778 26.480611504449 26.1314856635202 25.7823598225913 25.3924337599015 24.8801070319285 24.3677803039553 23.8554535759823 23.3431268480092 22.8308001200361
31.9164268493652 31.8925692240397 31.8687115987142 31.7921440124512 31.698006439209 31.6038688659668 31.5097312927246 31.4155937194824 31.3214561462403 31.2273185729981 31.1259925842285 31.003101348877 30.8802101135254 30.7573188781739 30.6344276428223 30.5115364074707 30.3886451721192 30.2657539367676 30.1086883544922 29.9402313232422 29.7717742919923 29.6033172607422 29.4348602294922 29.2664031982423 29.0979461669922 28.9356819152833 28.7919960021973 28.6483100891114 28.5046241760255 28.3609382629395 28.2172523498536 28.0735664367676 27.9298805236817 27.5915496826173 27.1883371988934 26.7851247151695 26.3819122314455 25.9786997477215 25.5754872639976 25.1722747802736 24.7213127136233 24.1271018981937 23.5328910827639 22.9386802673343 22.3444694519046 21.7502586364749
31.896324412028 31.8847423129612 31.8731602138943 31.8019915262858 31.7109606424968 31.6199297587077 31.5288988749186 31.4378679911296 31.3468371073405 31.2558062235514 31.1539794074165 31.0197647942437 30.885550181071 30.7513355678982 30.6171209547255 30.4829063415528 30.34869172838 30.2144771152073 30.0416412353516 29.855931599935 29.6702219645183 29.4845123291016 29.298802693685 29.1130930582683 28.9273834228516 28.7501297844781 28.5982441372342 28.4463584899903 28.2944728427464 28.1425871955025 27.9907015482585 27.8388159010146 27.6869302537707 27.3059844970704 26.8486853705514 26.3913862440323 25.9340871175132 25.4767879909941 25.019488864475 24.5621897379559 24.0501916673451 23.3740967644588 22.6980018615725 22.0219069586863 21.3458120558 -9999
31.8433263142904 31.8386069403755 31.8338875664605 31.7672269185384 31.6799191792806 31.5926114400228 31.505303700765 31.4179959615072 31.3306882222494 31.2433804829916 31.1424326578776 31.0005645751954 30.8586964925131 30.7168284098308 30.5749603271485 30.4330922444662 30.2912241617839 30.1493560791016 29.9651626586915 29.766860792372 29.5685589260526 29.3702570597331 29.1719551934137 28.9736533270943 28.7753514607748 28.5817216661242 28.4021080864801 28.222494506836 28.0428809271919 27.8632673475479 27.6836537679038 27.5040401882597 27.3244266086156 26.8818293253583 26.3515708075632 25.8213122897681 25.2910537719729 24.7607952541778 24.2305367363827 23.7002782185875 23.1302767435714 22.4410463968917 21.7518160502119 21.0625857035323 20.3733553568526 19.6841250101728
31.7574325561524 31.7541631062826 31.7508936564128 31.687850189209 31.6048820495606 31.5219139099121 31.4389457702637 31.3559776306153 31.2730094909668 31.1900413513184 31.091352335612 30.9455006917318 30.7996490478516 30.6537974039714 30.5079457600912 30.362094116211 30.2162424723308 30.0703908284506 29.8792526245118 29.6730189005534 29.4667851765951 29.2605514526368 29.0543177286784 28.8480840047201 28.6418502807618 28.4304575602214 28.203587849935 27.9767181396485 27.7498484293621 27.5229787190756 27.2961090087892 27.0692392985027 26.8423695882163 26.3190841674807 25.6969935099286 25.0749028523766 24.4528121948245 23.8307215372724 23.2086308797204 22.5865402221683 21.9615679423018 21.3279507954919 20.6943336486819 20.0607165018721 19.4270993550622 -9999
31.6715387980143 31.6697192721897 31.667899746365 31.6084734598796 31.5298449198405 31.4512163798015 31.3725878397624 31.2939592997233 31.2153307596843 31.1367022196452 31.0402720133464 30.8904368082683 30.7406016031901 30.590766398112 30.4409311930339 30.2910959879558 30.1412607828777 29.9914255777995 29.7933425903321 29.5791770087349 29.3650114271377 29.1508458455404 28.9366802639432 28.722514682346 28.5083491007488 28.2791934543187 28.0050676133899 27.730941772461 27.4568159315322 27.1826900906034 26.9085642496746 26.6344384087458 26.360312567817 25.7563390096031 25.0424162122941 24.3284934149851 23.614570617676 22.900647820367 22.1867250230581 21.472802225749 20.7928591410322 20.2148551940921 19.6368512471519 19.0588473002119 18.4808433532718 -9999
31.5856450398763 31.5852754380968 31.5849058363173 31.5290967305502 31.4548077901205 31.3805188496908 31.3062299092611 31.2319409688314 31.1576520284017 31.083363087972 30.9891916910808 30.8353729248047 30.6815541585287 30.5277353922527 30.3739166259766 30.2200978597006 30.0662790934245 29.9124603271485 29.7074325561524 29.4853351169163 29.2632376776802 29.0411402384441 28.819042799208 28.5969453599719 28.3748479207357 28.1279293484159 27.8065473768447 27.4851654052735 27.1637834337024 26.8424014621312 26.52101949056 26.1996375189889 25.8782555474177 25.1935938517255 24.3878389146596 23.5820839775937 22.7763290405276 21.9705741034617 21.1648191663958 20.3590642293298 19.6241503397627 19.1017595926924 18.579368845622 -9999 -9999 -9999
31.4997512817383 31.5008316040039 31.5019119262695 31.4497200012207 31.3797706604004 31.3098213195801 31.2398719787598 31.1699226379395 31.0999732971192 31.0300239562988 30.9381113688152 30.7803090413412 30.6225067138672 30.4647043863933 30.3069020589193 30.1490997314454 29.9912974039714 29.8334950764975 29.6215225219727 29.3914932250977 29.1614639282227 28.9314346313477 28.7014053344727 28.4713760375977 28.2413467407227 27.9766652425131 27.6080271402996 27.239389038086 26.8707509358725 26.502112833659 26.1334747314454 25.7648366292319 25.3961985270184 24.6308486938479 23.7332616170251 22.8356745402022 21.9380874633792 21.0405003865564 20.1429133097335 19.2453262329105 18.4554415384931 17.9886639912926 -9999 -9999 -9999 -9999
31.4138575236003 31.416387769911 31.4189180162218 31.3703432718913 31.3047335306804 31.2391237894694 31.1735140482585 31.1079043070475 31.0422945658366 30.9766848246257 30.8870310465495 30.7252451578777 30.5634592692058 30.4016733805339 30.239887491862 30.0781016031901 29.9163157145183 29.7545298258464 29.535612487793 29.2976513332791 29.0596901787653 28.8217290242514 28.5837678697375 28.3458067152236 28.1078455607097 27.8254011366104 27.4095069037545 26.9936126708985 26.5777184380427 26.1618242051868 25.7459299723309 25.330035739475 24.9141415066191 24.0681035359703 23.0786843193905 22.0892651028107 21.0998458862308 20.110426669651 -9999 -9999 -9999 -9999 -9999 -9999 -9999 -9999
31.3300239562988 31.3317773607042 31.3335307651096 31.2840250651042 31.2174329969618 31.1508409288195 31.0842488606771 31.0176567925348 30.9510647243924 30.88447265625 30.793153889974 30.627655029297 30.4621561686199 30.2966573079428 30.1311584472657 29.9656595865886 29.8001607259115 29.6346618652345 29.413314819336 29.1733517116971 28.9333886040583 28.6934254964193 28.4534623887805 28.2134992811416 27.9735361735027 27.6777598063152 27.2145436604819 26.7513275146486 26.2881113688153 25.824895222982 25.3616790771486 24.8984629313153 24.435246785482 23.5372258504235 22.4942699856232 21.4513141208229 20.4083582560224 19.3654023912221 -9999 -9999 -9999 -9999 -9999 -9999 -9999 -9999
31.248250579834 31.2470003763835 31.245750172933 31.1907653808594 31.1178690592448 31.0449727376302 30.9720764160157 30.8991800944011 30.8262837727865 30.7533874511719 30.6564798990886 30.487538655599 30.3185974121094 30.1496561686199 29.9807149251303 29.8117736816407 29.6428324381511 29.4738911946615 29.2546295166016 29.0185943603516 28.7825592041017 28.5465240478516 28.3104888916016 28.0744537353517 27.8384185791016 27.5337412516277 27.023137410482 26.5125335693361 26.0019297281903 25.4913258870445 24.9807220458986 24.4701182047528 23.959514363607 23.0382156372073 21.980018615723 20.9218215942387 19.8636245727542 -9999 -9999 -9999 -9999 -9999 -9999 -9999 -9999 -9999
31.1664772033692 31.1622233920627 31.1579695807563 31.0975056966146 31.0183051215278 30.939104546441 30.8599039713542 30.7807033962674 30.7015028211806 30.6223022460938 30.5198059082032 30.3474222819011 30.175038655599 30.0026550292969 29.8302714029949 29.6578877766928 29.4855041503907 29.3131205240886 29.0959442138673 28.8638370090062 28.631729804145 28.3996225992839 28.1675153944228 27.9354081895617 27.7033009847006 27.3897226969403 26.831731160482 26.2737396240236 25.7157480875653 25.157756551107 24.5997650146486 24.0417734781903 23.483781941732 22.5392054239911 21.4657672458228 20.3923290676545 -9999 -9999 -9999 -9999 -9999 -9999 -9999 -9999 -9999 -9999
31.0847038269043 31.077446407742 31.0701889885797 31.0042460123698 30.9187411838108 30.8332363552518 30.7477315266927 30.6622266981337 30.5767218695747 30.4912170410157 30.3831319173178 30.2073059082032 30.0314798990886 29.855653889974 29.6798278808595 29.5040018717449 29.3281758626303 29.1523498535157 28.9372589111329 28.7090796576607 28.4809004041885 28.2527211507162 28.024541897244 27.7963626437718 27.5681833902995 27.2457041422528 26.640324910482 26.0349456787111 25.4295664469403 24.8241872151695 24.2188079833986 23.6134287516278 23.008049519857 22.040195210775 20.9515158759227 -9999 -9999 -9999 -9999 -9999 -9999 -9999 -9999 -9999 -9999 -9999
31.0029304504395 30.9926694234212 30.982408396403 30.910986328125 30.8191772460938 30.7273681640625 30.6355590820313 30.54375 30.4519409179688 30.3601318359375 30.2464579264324 30.0671895345053 29.8879211425782 29.7086527506511 29.529384358724 29.3501159667969 29.1708475748699 28.9915791829428 28.7785736083985 28.5543223063152 28.3300710042319 28.1058197021485 27.8815684000652 27.6573170979819 27.4330657958985 27.1016855875653 26.448918660482 25.7961517333986 25.1433848063153 24.490617879232 23.8378509521486 23.1850840250653 22.532317097982 21.5411849975589 20.4372645060225 -9999 18.2294235229495 -9999 -9999 -9999 -9999 -9999 -9999 -9999 -9999 -9999
30.9211570739746 30.9078924391005 30.8946278042264 30.8177266438802 30.7196133083768 30.6214999728733 30.5233866373698 30.4252733018664 30.3271599663629 30.2290466308594 30.1097839355469 29.9270731608074 29.7443623860678 29.5616516113282 29.3789408365886 29.196230061849 29.0135192871094 28.8308085123699 28.6198883056641 28.3995649549697 28.1792416042753 27.9589182535808 27.7385949028864 27.5182715521919 27.2979482014975 26.9576670328778 26.257512410482 25.5573577880861 24.8572031656903 24.1570485432945 23.4568939208986 22.7567392985028 22.056584676107 21.0421747843427 19.9230131361223 -9999 -9999 -9999 -9999 -9999 -9999 -9999 -9999 -9999 -9999 -9999
30.8403701782227 30.8208796183268 30.801389058431 30.7198206583659 30.6175596449111 30.5152986314562 30.4130376180013 30.3107766045465 30.2085155910916 30.1062545776368 29.9830455356175 29.7969924079048 29.6109392801921 29.4248861524795 29.2388330247668 29.0527798970541 28.8667267693414 28.6806736416288 28.4715812683106 28.2548091464573 28.038037024604 27.8212649027507 27.6044927808974 27.3877206590441 27.1709485371908 26.8212392171226 26.0727183024091 25.3241973876955 24.575676472982 23.8271555582685 23.0786346435549 22.3301137288414 21.5815928141279 20.5655881245934 19.4604221767853 18.3552562289772 -9999 -9999 -9999 -9999 -9999 -9999 -9999 -9999 -9999 -9999
30.7605697631836 30.7316309611003 30.702692159017 30.6172683715821 30.5130162556967 30.4087641398112 30.3045120239258 30.2002599080404 30.096007792155 29.9917556762696 29.8662427266439 29.6769472757976 29.4876518249512 29.2983563741049 29.1090609232585 28.9197654724122 28.7304700215658 28.5411745707195 28.333652496338 28.1200548807781 27.9064572652182 27.6928596496583 27.4792620340984 27.2656644185385 27.0520668029786 26.6924021402997 25.8945363362633 25.0966705322267 24.2988047281903 23.5009389241539 22.7030731201174 21.905207316081 21.1073415120446 20.1114250183108 19.0494916280114 -9999 -9999 -9999 -9999 -9999 -9999 -9999 -9999 -9999 -9999 -9999
