data/working_set_collections/6091692-Cassins_Sparrow-MC/2000/bio8.asc
NCOLS 265 
NROWS 230 
XLLCORNER -115.5625 
YLLCORNER 24.8333333333333 
CELLSIZE 0.0833333333333333 
NODATA_value -9999 
[rows 100 to 119 of 230, columns 184 to 229 of 265]
21.6816584587098 21.4917349815369 21.3018115043641 21.2601540565491 21.2679186185201 21.2756831804911 21.2834477424621 21.2912123044332 21.2989768664042 21.3067414283752 21.3055420716604 21.2774509588877 21.2493598461151 21.2212687333425 21.1931776205699 21.1650865077972 21.1369953950246 21.108904282252 21.1144978523254 21.1313196500142 21.148141447703 21.1649632453918 21.1817850430806 21.1986068407694 21.2154286384582 21.2284648736318 21.2301444212596 21.2318239688873 21.2335035165151 21.2351830641429 21.2368626117706 21.2385421593984 21.2402217070262 21.3334294319153 21.4571465492248 21.5808636665344 21.704580783844 21.8282979011536 21.9520150184632 22.0757321357728 22.1278509298962 21.9651747544608 21.8024985790254 21.63982240359 21.4771462281546 21.3144700527192
21.3973721504212 21.3542067739699 21.3110413975186 21.3087782859802 21.3201492627462 21.3315202395121 21.3428912162781 21.354262193044 21.36563316981 21.3770041465759 21.3772167894575 21.3439544306861 21.3106920719147 21.2774297131432 21.2441673543718 21.2109049956004 21.177642636829 21.1443802780575 21.1432059288025 21.1527275827196 21.1622492366367 21.1717708905538 21.1812925444709 21.190814198388 21.2003358523051 21.2085601753659 21.2128925058577 21.2172248363495 21.2215571668413 21.2258894973331 21.2302218278249 21.2345541583167 21.2388864888085 21.2655765851339 21.2997192700704 21.3338619550069 21.3680046399435 21.40214732488 21.4362900098165 21.4704326947531 21.4798476590052 21.4150794612038 21.3503112634024 21.285543065601 21.2207748677996 21.1560066699982
21.3258069515228 21.3562707636091 21.3867345756954 21.4023162206014 21.4129371431139 21.4235580656263 21.4341789881388 21.4447999106513 21.4554208331638 21.4660417556763 21.4649101469252 21.4285209443834 21.3921317418416 21.3557425392999 21.3193533367581 21.2829641342163 21.2465749316745 21.2101857291328 21.2040738900502 21.2080545054542 21.2120351208581 21.216015736262 21.2199963516659 21.2239769670698 21.2279575824737 21.2319646676381 21.2360511620839 21.2401376565297 21.2442241509755 21.2483106454213 21.2523971398671 21.2564836343129 21.2605701287587 21.252237145106 21.2397643354204 21.2272915257348 21.2148187160492 21.2023459063636 21.189873096678 21.1774002869924 21.1643362787035 21.1494986746046 21.1346610705058 21.1198234664069 21.1049858623081 21.0901482582092
21.4669628620147 21.4979269504547 21.5288910388946 21.5407678604126 21.5462822596232 21.5517966588338 21.5573110580444 21.562825457255 21.5683398564656 21.5738542556762 21.5686221440633 21.5311504999796 21.493678855896 21.4562072118123 21.4187355677287 21.381263923645 21.3437922795614 21.3063206354777 21.2971017360687 21.297300418218 21.2974991003672 21.2976977825165 21.2978964646657 21.298095146815 21.2982938289642 21.2986783504486 21.2996203899383 21.3005624294281 21.3015044689178 21.3024465084076 21.3033885478973 21.3043305873871 21.3052726268768 21.2934111118317 21.2772817452749 21.2611523787181 21.2450230121613 21.2288936456045 21.2127642790476 21.1966349124908 21.1813167889913 21.1684323946635 21.1555480003357 21.1426636060079 21.1297792116801 21.1168948173523
21.6081187725067 21.6395831373003 21.6710475020938 21.6792195002238 21.6796273761325 21.6800352520413 21.68044312795 21.6808510038588 21.6812588797675 21.6816667556763 21.6723341412014 21.6337800555759 21.5952259699504 21.5566718843248 21.5181177986993 21.4795637130737 21.4410096274482 21.4024555418226 21.3901295820872 21.3865463309818 21.3829630798764 21.3793798287709 21.3757965776655 21.3722133265601 21.3686300754547 21.3653920332591 21.3631896177928 21.3609872023264 21.3587847868601 21.3565823713938 21.3543799559275 21.3521775404612 21.3499751249949 21.3345850785573 21.3147991551293 21.2950132317013 21.2752273082733 21.2554413848453 21.2356554614173 21.2158695379893 21.1982972992791 21.1873661147224 21.1764349301656 21.1655037456089 21.1545725610521 21.1436413764954
21.7492746829986 21.7812393241458 21.813203965293 21.817671140035 21.8129724926419 21.8082738452487 21.8035751978556 21.7988765504625 21.7941779030694 21.7894792556763 21.7760461383396 21.7364096111721 21.6967730840047 21.6571365568373 21.6175000296699 21.5778635025024 21.538226975335 21.4985904481676 21.4831574281057 21.4757922437456 21.4684270593855 21.4610618750254 21.4536966906653 21.4463315063053 21.4389663219452 21.4321057160695 21.4267588456472 21.4214119752248 21.4160651048024 21.4107182343801 21.4053713639577 21.4000244935354 21.394677623113 21.375759045283 21.3523165649838 21.3288740846846 21.3054316043854 21.2819891240862 21.258546643787 21.2351041634878 21.2152778095669 21.2062998347812 21.1973218599955 21.1883438852098 21.1793659104241 21.1703879356384
21.8904305934906 21.9228955109914 21.9553604284922 21.9561227798462 21.9463176091512 21.9365124384562 21.9267072677612 21.9169020970662 21.9070969263712 21.8972917556763 21.8797581354777 21.8390391667684 21.7983201980591 21.7576012293498 21.7168822606405 21.6761632919311 21.6354443232218 21.5947253545125 21.5761852741241 21.5650381565094 21.5538910388946 21.5427439212799 21.5315968036652 21.5204496860504 21.5093025684357 21.49881939888 21.4903280735016 21.4818367481232 21.4733454227447 21.4648540973663 21.4563627719879 21.4478714466095 21.4393801212311 21.4169330120087 21.3898339748383 21.3627349376678 21.3356359004974 21.308536863327 21.2814378261566 21.2543387889862 21.2322583198547 21.2252335548401 21.2182087898254 21.2111840248108 21.2041592597961 21.1971344947815
22.0315865039825 22.064551697837 22.0975168916914 22.0945744196574 22.0796627256605 22.0647510316637 22.0498393376668 22.03492764367 22.0200159496731 22.0051042556763 21.9834701326158 21.9416687223646 21.8998673121134 21.8580659018622 21.8162644916111 21.7744630813599 21.7326616711087 21.6908602608575 21.6692131201426 21.6542840692732 21.6393550184038 21.6244259675344 21.609496916665 21.5945678657956 21.5796388149261 21.5655330816905 21.553897301356 21.5422615210215 21.530625740687 21.5189899603526 21.5073541800181 21.4957183996836 21.4840826193492 21.4581069787343 21.4273513846927 21.3965957906511 21.3658401966095 21.3350846025679 21.3043290085263 21.2735734144847 21.2492388301425 21.244167274899 21.2390957196554 21.2340241644117 21.2289526091682 21.2238810539246
22.1846582094828 22.215103732215 22.2455492549472 22.2394177595774 22.2210939248403 22.2027700901031 22.184446255366 22.1661224206289 22.1477985858917 22.1294747511546 22.1047324021657 22.0607345104217 22.0167366186778 21.9727387269338 21.9287408351898 21.8847429434458 21.8407450517019 21.7967471599579 21.7723121802012 21.754398171107 21.7364841620127 21.7185701529185 21.7006561438242 21.68274213473 21.6648281256358 21.6479446993934 21.6341530217065 21.6203613440196 21.6065696663327 21.5927779886458 21.5789863109589 21.5651946332719 21.551402955585 21.5204721450806 21.4838282903035 21.4471844355265 21.4105405807495 21.3738967259725 21.3372528711955 21.3006090164185 21.272232219908 21.2686565981971 21.2650809764862 21.2615053547753 21.2579297330644 21.2543541113535
22.3496457099914 22.3745516141255 22.3994575182596 22.3906527996063 22.3706112066904 22.3505696137746 22.3305280208587 22.3104864279429 22.290444835027 22.2704032421112 22.2435449441274 22.1962365309397 22.1489281177521 22.1016197045644 22.0543112913767 22.0070028781891 21.9596944650014 21.9123860518138 21.8854824542999 21.8653804620107 21.8452784697215 21.8251764774322 21.805074485143 21.7849724928538 21.7648705005646 21.7460542519887 21.731095234553 21.7161362171173 21.7011771996816 21.6862181822459 21.6712591648102 21.6563001473745 21.6413411299387 21.6040285110474 21.5592646916707 21.5145008722941 21.4697370529175 21.4249732335409 21.3802094141642 21.3354455947876 21.301238489151 21.2987015247345 21.296164560318 21.2936275959015 21.291090631485 21.2885536670685
22.5146332105 22.5339994960361 22.5533657815721 22.5418878396352 22.5201284885406 22.4983691374461 22.4766097863515 22.4548504352569 22.4330910841624 22.4113317330678 22.3823574860891 22.3317385514577 22.2811196168264 22.230500682195 22.1798817475637 22.1292628129323 22.078643878301 22.0280249436696 21.9986527283986 21.9763627529144 21.9540727774302 21.931782801946 21.9094928264618 21.8872028509776 21.8649128754934 21.8441638045841 21.8280374473996 21.811911090215 21.7957847330305 21.779658375846 21.7635320186615 21.747405661477 21.7312793042925 21.6875848770142 21.6347010930379 21.5818173090617 21.5289335250854 21.4760497411092 21.423165957133 21.3702821731567 21.330244758394 21.3287464512719 21.3272481441498 21.3257498370277 21.3242515299055 21.3227532227834
22.6796207110087 22.6934473779466 22.7072740448846 22.6931228796641 22.6696457703908 22.6461686611175 22.6226915518443 22.599214442571 22.5757373332977 22.5522602240244 22.5211700280507 22.4672405719757 22.4133111159007 22.3593816598256 22.3054522037506 22.2515227476756 22.1975932916005 22.1436638355255 22.1118230024973 22.0873450438181 22.062867085139 22.0383891264597 22.0139111677806 21.9894332091014 21.9649552504222 21.9422733571794 21.9249796602461 21.9076859633128 21.8903922663795 21.8730985694461 21.8558048725128 21.8385111755795 21.8212174786462 21.771141242981 21.7101374944051 21.6491337458293 21.5881299972534 21.5271262486776 21.4661225001017 21.4051187515259 21.359251027637 21.3587913778093 21.3583317279816 21.3578720781538 21.3574124283261 21.3569527784983
22.8446082115173 22.8528952598571 22.861182308197 22.844357919693 22.819163052241 22.793968184789 22.768773317337 22.743578449885 22.718383582433 22.6931887149811 22.6599825700124 22.6027425924937 22.545502614975 22.4882626374562 22.4310226599375 22.3737826824188 22.3165427049001 22.2593027273814 22.2249932765961 22.1983273347219 22.1716613928477 22.1449954509735 22.1183295090993 22.0916635672251 22.0649976253509 22.0403829097748 22.0219218730926 22.0034608364105 21.9849997997284 21.9665387630463 21.9480777263641 21.929616689682 21.9111556529999 21.8546976089477 21.7855738957723 21.7164501825968 21.6473264694214 21.5782027562459 21.5090790430705 21.439955329895 21.3882572968801 21.3888363043467 21.3894153118133 21.38999431928 21.3905733267466 21.3911523342133
23.0095957120259 23.0123431417677 23.0150905715094 22.9955929597219 22.9686803340912 22.9417677084605 22.9148550828298 22.8879424571991 22.8610298315684 22.8341172059377 22.7987951119741 22.7382446130117 22.6776941140493 22.6171436150869 22.5565931161245 22.4960426171621 22.4354921181997 22.3749416192373 22.3381635506948 22.3093096256256 22.2804557005564 22.2516017754872 22.2227478504181 22.1938939253489 22.1650400002797 22.1384924623701 22.1188640859392 22.0992357095083 22.0796073330773 22.0599789566464 22.0403505802154 22.0207222037845 22.0010938273536 21.9382539749145 21.8610102971395 21.7837666193644 21.7065229415894 21.6292792638143 21.5520355860392 21.4747919082642 21.4172635661231 21.4188812308841 21.4204988956451 21.4221165604061 21.4237342251672 21.4253518899282
23.2661212285359 23.2112624910143 23.1564037534926 23.1223161538442 23.0951522668203 23.0679883797963 23.0408244927724 23.0136606057485 22.9864967187246 22.9593328317006 22.9237793816461 22.8630572424995 22.8023351033529 22.7416129642063 22.6808908250597 22.6201686859131 22.5594465467665 22.4987244076199 22.4608001708984 22.4304752349853 22.4001502990723 22.3698253631592 22.3395004272461 22.309175491333 22.2788505554199 22.2503915097978 22.2275301350488 22.2046687602997 22.1818073855506 22.1589460108015 22.1360846360524 22.1132232613034 22.0903618865543 22.0242605527242 21.9437458992004 21.8632312456767 21.7827165921529 21.7022019386292 21.6216872851054 21.5411726315816 21.4807818306817 21.4807625876533 21.4807433446248 21.4807241015964 21.480704858568 21.4806856155395
23.6141847610473 23.4496533075968 23.2851218541463 23.2245275020599 23.1985788504283 23.1726301987966 23.1466815471649 23.1207328955332 23.0947842439016 23.0688355922699 23.0349353790283 22.977180480957 22.9194255828857 22.8616706848144 22.8039157867432 22.7461608886719 22.6884059906006 22.6306510925293 22.592903137207 22.5618241628011 22.5307451883952 22.4996662139892 22.4685872395833 22.4375082651774 22.4064292907715 22.3760800520579 22.3479200204213 22.3197599887848 22.2915999571482 22.2634399255117 22.2352798938751 22.2071198622386 22.178959830602 22.1127173423767 22.0337807019552 21.9548440615336 21.8759074211121 21.7969707806905 21.718034140269 21.6390974998474 21.5788120905558 21.5744803746541 21.5701486587524 21.5658169428507 21.561485226949 21.5571535110474
23.9622482935588 23.6880441241794 23.4138399548001 23.3267388502757 23.3020054340362 23.2772720177968 23.2525386015574 23.227805185318 23.2030717690786 23.1783383528391 23.1460913764106 23.0913037194146 23.0365160624186 22.9817284054226 22.9269407484266 22.8721530914307 22.8173654344347 22.7625777774387 22.7250061035156 22.6931730906168 22.6613400777181 22.6295070648193 22.5976740519206 22.5658410390218 22.534008026123 22.501768594318 22.4683099057939 22.4348512172699 22.4013925287459 22.3679338402218 22.3344751516978 22.3010164631738 22.2675577746497 22.2011741320292 22.1238155047099 22.0464568773906 21.9690982500712 21.8917396227519 21.8143809954325 21.7370223681132 21.6768423504299 21.668198161655 21.65955397288 21.6509097841051 21.6422655953301 21.6336214065552
24.3103118260702 23.926434940762 23.5425580554539 23.4289501984914 23.4054320176442 23.3819138367971 23.3583956559499 23.3348774751027 23.3113592942556 23.2878411134084 23.2572473737929 23.2054269578722 23.1536065419515 23.1017861260308 23.0499657101101 22.9981452941894 22.9463248782688 22.8945044623481 22.8571090698242 22.8245220184326 22.791934967041 22.7593479156494 22.7267608642578 22.6941738128662 22.6615867614746 22.627457136578 22.5886997911665 22.549942445755 22.5111851003435 22.472427754932 22.4336704095205 22.394913064109 22.3561557186974 22.2896309216817 22.2138503074646 22.1380696932475 22.0622890790304 21.9865084648132 21.9107278505961 21.834947236379 21.7748726103041 21.7619159486559 21.7489592870076 21.7360026253594 21.7230459637112 21.710089302063
24.6583753585816 24.1648257573446 23.6712761561077 23.5311615467071 23.5088586012522 23.4865556557973 23.4642527103424 23.4419497648875 23.4196468194326 23.3973438739776 23.3684033711751 23.3195501963297 23.2706970214844 23.221843846639 23.1729906717936 23.1241374969482 23.0752843221029 23.0264311472575 22.9892120361328 22.9558709462484 22.9225298563639 22.8891887664795 22.855847676595 22.8225065867106 22.7891654968262 22.7531456788381 22.7090896765391 22.6650336742401 22.6209776719411 22.5769216696421 22.5328656673431 22.4888096650441 22.4447536627452 22.3780877113342 22.3038851102193 22.2296825091044 22.1554799079895 22.0812773068746 22.0070747057597 21.9328721046448 21.8729028701782 21.8556337356567 21.8383646011352 21.8210954666138 21.8038263320923 21.7865571975708
25.006438891093 24.4032165739272 23.7999942567615 23.6333728949229 23.6122851848602 23.5911974747976 23.5701097647349 23.5490220546722 23.5279343446096 23.5068466345469 23.4795593685574 23.4336734347873 23.3877875010172 23.3419015672472 23.2960156334771 23.250129699707 23.204243765937 23.1583578321669 23.1213150024414 23.0872198740641 23.0531247456868 23.0190296173096 22.9849344889323 22.950839360555 22.9167442321777 22.8788342210982 22.8294795619117 22.7801249027252 22.7307702435387 22.6814155843523 22.6320609251658 22.5827062659793 22.5333516067929 22.4665445009867 22.393919912974 22.3212953249614 22.2486707369487 22.176046148936 22.1034215609233 22.0307969729106 21.9709331300523 21.9493515226576 21.9277699152629 21.9061883078681 21.8846067004734 21.8630250930786
