data/working_set_collections/6091692-Cassins_Sparrow-MC/2000/bio8.asc
NCOLS 265 
NROWS 230 
XLLCORNER -115.5625 
YLLCORNER 24.8333333333333 
CELLSIZE 0.0833333333333333 
NODATA_value -9999 
[rows 140 to 159 of 230, columns 184 to 229 of 265]
18.9816839694977 18.9949117501577 19.0081395308177 19.3154730796813 19.720841884613 20.1262106895446 20.5315794944763 20.9369482994079 21.3423171043396 21.7476859092713 22.1109988265568 22.3481440809038 22.5852893352509 22.8224345895979 23.059579843945 23.296725098292 23.5338703526391 23.7710156069861 23.8311020215352 23.8321688228183 23.8332356241014 23.8343024253845 23.8353692266676 23.8364360279507 23.8375028292338 23.8342462115818 23.8180193371243 23.8017924626668 23.7855655882094 23.7693387137519 23.7531118392944 23.736884964837 23.7206580903795 23.3119952519736 22.7725204255848 22.2330455991959 21.693570772807 21.1540959464182 20.6146211200293 20.0751462936404 19.497252525224 18.8041019307246 18.1109513362251 17.4178007417258 16.7246501472264 16.0314995527269
19.0149768352508 19.0284059047699 19.0418349742889 19.26795129776 19.5649633725484 19.8619754473368 20.1589875221252 20.4559995969136 20.753011671702 21.0500237464905 21.3565961466895 21.6918495231204 22.0271028995514 22.3623562759823 22.6976096524132 23.0328630288442 23.3681164052751 23.703369781706 23.7904159228007 23.7947263187832 23.7990367147658 23.8033471107483 23.8076575067308 23.8119679027134 23.8162782986959 23.8174978680081 23.8094449573093 23.8013920466105 23.7933391359117 23.7852862252129 23.7772333145142 23.7691804038154 23.7611274931166 23.2034054438274 22.4624603483414 21.7215152528554 20.9805701573692 20.2396250618831 19.4986799663971 18.7577348709109 18.0796080615788 17.5899361107087 17.1002641598386 16.6105922089685 16.1209202580984 15.6312483072282
19.048269701004 19.0619000593821 19.0755304177602 19.2204295158386 19.4090848604838 19.597740205129 19.7863955497742 19.9750508944194 20.1637062390646 20.3523615837098 20.6021934668223 21.0355549653371 21.4689164638519 21.9022779623667 22.3356394608815 22.7690009593963 23.2023624579111 23.6357239564259 23.7497298240662 23.7572838147481 23.7648378054301 23.7723917961121 23.779945786794 23.787499777476 23.795053768158 23.8007495244344 23.8008705774943 23.8009916305542 23.8011126836141 23.801233736674 23.8013547897339 23.8014758427938 23.8015968958537 23.0948156356813 22.1524002710981 21.2099849065148 20.2675695419314 19.3251541773482 18.3827388127649 17.4403234481815 16.6619635979338 16.3757702906929 16.0895769834521 15.8033836762112 15.5171903689704 15.2309970617295
19.0815625667572 19.0953942139943 19.1092258612315 19.1729077339172 19.2532063484192 19.3335049629212 19.4138035774231 19.4941021919251 19.5744008064271 19.654699420929 19.8477907869551 20.3792604075537 20.9107300281525 21.4421996487511 21.9736692693497 22.5051388899485 23.0366085105471 23.5680781311458 23.7090437253316 23.719841310713 23.7306388960944 23.7414364814758 23.7522340668572 23.7630316522386 23.77382923762 23.7840011808607 23.7922961976793 23.8005912144979 23.8088862313165 23.817181248135 23.8254762649536 23.8337712817722 23.8420662985908 22.9862258275352 21.8423401938547 20.6984545601743 19.5545689264936 18.4106832928132 17.2667976591327 16.122912025452 15.2443191342886 15.161604470677 15.0788898070655 14.9961751434539 14.9134604798424 14.8307458162308
19.1319227536519 19.1472460958693 19.1625694380866 19.1854372819265 19.2108199596405 19.2362026373545 19.2615853150686 19.2869679927826 19.3123506704966 19.3377333482106 19.4898303349812 20.0220702489216 20.5543101628621 21.0865500768025 21.6187899907429 22.1510299046834 22.6832698186238 23.2155097325642 23.3586478074392 23.3720852692923 23.3855227311453 23.3989601929983 23.4123976548513 23.4258351167044 23.4392725785574 23.453402153651 23.4696080684663 23.4858139832815 23.5020198980968 23.5182258129121 23.5344317277273 23.5506376425426 23.5668435573579 22.6708013216657 21.4706763691376 20.2705514166094 19.070426464081 17.8703015115529 16.6701765590247 15.4700516064964 14.5740577167935 14.5904570155673 14.6068563143412 14.6232556131151 14.639654911889 14.6560542106628
19.1993502616882 19.2174557050069 19.2355611483256 19.2580181598663 19.2819256941477 19.3058332284291 19.3297407627106 19.353648296992 19.3775558312734 19.4014633655548 19.5283121109008 19.9639844894408 20.3996568679809 20.8353292465209 21.271001625061 21.7066740036011 22.1423463821411 22.5780187606811 22.6985420703889 22.7140156904857 22.7294893105826 22.7449629306794 22.7604365507763 22.7759101708731 22.79138379097 22.8089524428051 22.832806189855 22.856659936905 22.880513683955 22.9043674310049 22.9282211780549 22.9520749251049 22.9759286721548 22.1485421180728 21.0374087969465 19.9262754758203 18.8151421546938 17.7040088335676 16.5928755124413 15.4817421913149 14.6511793454488 14.6623279253642 14.6734765052795 14.6846250851949 14.6957736651103 14.7069222450256
19.2667777697245 19.2876653141445 19.3085528585646 19.3305990378062 19.353031428655 19.3754638195038 19.3978962103526 19.4203286012014 19.4427609920502 19.465193382899 19.5667938868204 19.90589872996 20.2450035730997 20.5841084162394 20.923213259379 21.2623181025187 21.6014229456584 21.940527788798 22.0384363333385 22.0559461116792 22.0734558900198 22.0909656683605 22.1084754467011 22.1259852250418 22.1434950033825 22.1645027319591 22.1960043112438 22.2275058905284 22.2590074698131 22.2905090490978 22.3220106283824 22.3535122076671 22.3850137869518 21.6262829144798 20.6041412247555 19.5819995350311 18.5598578453066 17.5377161555823 16.5155744658579 15.4934327761334 14.7283009741041 14.734198835161 14.7400966962178 14.7459945572747 14.7518924183316 14.7577902793884
19.3342052777608 19.3578749232822 19.3815445688036 19.403179915746 19.4241371631622 19.4450944105784 19.4660516579946 19.4870089054108 19.5079661528269 19.5289234002431 19.60527566274 19.8478129704793 20.0903502782186 20.3328875859578 20.5754248936971 20.8179622014364 21.0604995091756 21.3030368169149 21.3783305962881 21.3978765328726 21.4174224694571 21.4369684060415 21.456514342626 21.4760602792105 21.495606215795 21.5200530211131 21.5592024326325 21.5983518441519 21.6375012556712 21.6766506671906 21.71580007871 21.7549494902294 21.7940989017487 21.1040237108869 20.1708736525644 19.237723594242 18.3045735359194 17.3714234775969 16.4382734192745 15.5051233609519 14.8054226027595 14.8060697449578 14.8067168871562 14.8073640293545 14.8080111715529 14.8086583137512
19.4016327857971 19.4280845324198 19.4545362790425 19.4757607936859 19.4952428976695 19.514725001653 19.5342071056366 19.5536892096201 19.5731713136037 19.5926534175873 19.6437574386596 19.7897272109985 19.9356969833374 20.0816667556763 20.2276365280152 20.3736063003541 20.5195760726929 20.6655458450318 20.7182248592378 20.7398069540661 20.7613890488944 20.7829711437226 20.8045532385509 20.8261353333792 20.8477174282075 20.8756033102672 20.9224005540213 20.9691977977754 21.0159950415294 21.0627922852835 21.1095895290376 21.1563867727916 21.2031840165457 20.5817645072939 19.7376060803734 18.8934476534529 18.0492892265322 17.2051307996116 16.3609723726911 15.5168139457704 14.8825442314148 14.8779406547546 14.8733370780945 14.8687335014343 14.8641299247742 14.859526348114
19.4690602938334 19.4982941415575 19.5275279892815 19.5483416716258 19.5663486321767 19.5843555927276 19.6023625532786 19.6203695138295 19.6383764743805 19.6563834349314 19.6822392145792 19.7316414515177 19.7810436884562 19.8304459253947 19.8798481623332 19.9292503992717 19.9786526362102 20.0280548731487 20.0581191221874 20.0817373752595 20.1053556283316 20.1289738814037 20.1525921344758 20.1762103875479 20.19982864062 20.2311535994213 20.28559867541 20.3400437513988 20.3944888273876 20.4489339033763 20.5033789793651 20.5578240553539 20.6122691313426 20.059505303701 19.3043385081823 18.5491717126637 17.7940049171449 17.0388381216263 16.2836713261077 15.5285045305889 14.9596658600701 14.9498115645515 14.9399572690328 14.9301029735141 14.9202486779955 14.9103943824768
19.485050201416 19.5147548251682 19.5444594489204 19.5672312895457 19.5876922024621 19.6081531153785 19.6286140282949 19.6490749412113 19.6695358541277 19.6899967670441 19.706672112147 19.7119907538096 19.7173093954722 19.7226280371348 19.7279466787974 19.73326532046 19.7385839621226 19.7439026037852 19.7628843943278 19.7864205678304 19.809956741333 19.8334929148356 19.8570290883382 19.8805652618408 19.9041014353434 19.9365526888105 19.9957491821713 20.054945675532 20.1141421688927 20.1733386622535 20.2325351556142 20.2917316489749 20.3509281423356 19.8334849437079 19.1238285144172 18.4141720851264 17.7045156558356 16.9948592265448 16.2852027972541 15.5755463679633 15.0399709463119 15.0266385475794 15.0133061488469 14.9999737501144 14.9866413513819 14.9733089526494
19.4496025085449 19.477466583252 19.505330657959 19.5324296474457 19.5592736085256 19.5861175696055 19.6129615306854 19.6398054917653 19.6666494528452 19.6934934139252 19.7170561313629 19.7307751178741 19.7444941043854 19.7582130908966 19.7719320774078 19.7856510639191 19.7993700504303 19.8130890369415 19.8325206756592 19.853856531779 19.8751923878987 19.8965282440185 19.9178641001383 19.9391999562581 19.9605358123779 19.9918005784352 20.0528520743052 20.1139035701752 20.1749550660451 20.2360065619151 20.297058057785 20.358109553655 20.4191610495249 19.9037034273149 19.196076099078 18.4884487708412 17.7808214426042 17.0731941143673 16.3655667861305 15.6579394578935 15.1234594901403 15.1084216038386 15.0933837175369 15.0783458312352 15.0633079449336 15.0482700586319
19.4141548156738 19.4401783413357 19.4662018669976 19.4976280053457 19.5308550145891 19.5640820238325 19.597309033076 19.6305360423194 19.6637630515628 19.6969900608063 19.7274401505788 19.7495594819387 19.7716788132985 19.7937981446584 19.8159174760183 19.8380368073781 19.860156138738 19.8822754700978 19.9021569569905 19.9212924957275 19.9404280344645 19.9595635732015 19.9786991119385 19.9978346506754 20.0169701894124 20.0470484680599 20.1099549664391 20.1728614648183 20.2357679631975 20.2986744615766 20.3615809599558 20.424487458335 20.4873939567142 19.9739219109218 19.2683236837389 18.5627254565559 17.8571272293728 17.1515290021898 16.4459307750068 15.7403325478237 15.2069480339686 15.1902046600978 15.1734612862269 15.1567179123561 15.1399745384852 15.1232311646144
19.3787071228027 19.4028900994195 19.4270730760362 19.4628263632456 19.5024364206526 19.5420464780596 19.5816565354665 19.6212665928735 19.6608766502804 19.7004867076874 19.7378241697947 19.7683438460032 19.7988635222117 19.8293831984202 19.8599028746287 19.8904225508372 19.9209422270457 19.9514619032542 19.9717932383219 19.9887284596761 20.0056636810303 20.0225989023844 20.0395341237386 20.0564693450928 20.0734045664469 20.1022963576846 20.167057858573 20.2318193594614 20.2965808603498 20.3613423612382 20.4261038621266 20.490865363015 20.5556268639034 20.0441403945288 19.3405712683997 18.6370021422706 17.9334330161414 17.2298638900122 16.5262947638831 15.8227256377539 15.2904365777969 15.2719877163569 15.2535388549169 15.2350899934769 15.2166411320368 15.1981922705968
19.3432594299316 19.3656018575033 19.3879442850749 19.4280247211456 19.4740178267161 19.5200109322866 19.566004037857 19.6119971434275 19.657990248998 19.7039833545685 19.7482081890106 19.7871282100677 19.8260482311249 19.864968252182 19.9038882732391 19.9428082942962 19.9817283153534 20.0206483364105 20.0414295196533 20.0561644236247 20.070899327596 20.0856342315674 20.1003691355387 20.1151040395101 20.1298389434814 20.1575442473093 20.224160750707 20.2907772541046 20.3573937575022 20.4240102608998 20.4906267642975 20.5572432676951 20.6238597710927 20.1143588781358 19.4128188530606 18.7112788279853 18.00973880291 17.3081987778347 16.6066587527595 15.9051187276841 15.3739251216253 15.3537707726161 15.3336164236069 15.3134620745977 15.2933077255885 15.2731533765793
19.3078117370605 19.328313615587 19.3488154941135 19.3932230790456 19.4455992327796 19.4979753865136 19.5503515402476 19.6027276939816 19.6551038477156 19.7074800014496 19.7585922082265 19.8059125741323 19.853232940038 19.9005533059438 19.9478736718495 19.9951940377553 20.0425144036611 20.0898347695668 20.1110658009847 20.1236003875732 20.1361349741618 20.1486695607503 20.1612041473389 20.1737387339274 20.1862733205159 20.212792136934 20.2812636428409 20.3497351487477 20.4182066546546 20.4866781605614 20.5551496664683 20.6236211723751 20.692092678282 20.1845773617428 19.4850664377214 18.7855555137 18.0860445896786 17.3865336656572 16.6870227416358 15.9875118176143 15.4574136654536 15.4355538288752 15.4136939922968 15.3918341557185 15.3699743191401 15.3481144825617
19.2973107179006 19.3137266106076 19.3301425033145 19.3742659409841 19.4276252269745 19.4809845129649 19.5343437989553 19.5877030849457 19.6410623709361 19.6944216569265 19.747650220659 19.8004866176181 19.8533230145772 19.9061594115363 19.9589958084954 20.0118322054545 20.0646686024136 20.1175049993727 20.143233648936 20.1599263827006 20.1766191164652 20.1933118502299 20.2100045839945 20.2266973177592 20.2433900515238 20.2733596271938 20.34315972858 20.4129598299662 20.4827599313524 20.5525600327385 20.6223601341247 20.6921602355109 20.7619603368971 20.2996118148169 19.6598804182477 19.0201490216786 18.3804176251094 17.7406862285402 17.1009548319711 16.4612234354019 15.9760475926927 15.9545384115641 15.9330292304355 15.9115200493069 15.8900108681783 15.8685016870497
19.3117563724518 19.3218408425649 19.331925312678 19.371153306961 19.4200958093007 19.4690383116404 19.5179808139801 19.5669233163198 19.6158658186595 19.6648083209991 19.7153822263082 19.7708503405253 19.8263184547424 19.8817865689595 19.9372546831767 19.9927227973938 20.0481909116109 20.103659025828 20.1379330635071 20.1651424090067 20.1923517545064 20.2195611000061 20.2467704455058 20.2739797910054 20.3011891365051 20.3392467180888 20.4098490079244 20.48045129776 20.5510535875956 20.6216558774312 20.6922581672668 20.7628604571024 20.833462746938 20.4594622373582 19.9372607946397 19.4150593519212 18.8928579092026 18.3706564664841 17.8484550237656 17.326253581047 16.929826903343 16.9107245206831 16.8916221380232 16.8725197553633 16.8534173727034 16.8343149900435
19.326202027003 19.3299550745222 19.3337081220415 19.368040672938 19.412566391627 19.4570921103159 19.5016178290049 19.5461435476939 19.5906692663828 19.6351949850718 19.6831142319573 19.7412140634325 19.7993138949076 19.8574137263828 19.9155135578579 19.9736133893331 20.0317132208082 20.0898130522834 20.1326324780782 20.1703584353129 20.2080843925476 20.2458103497823 20.283536307017 20.3212622642517 20.3589882214864 20.4051338089837 20.4765382872687 20.5479427655538 20.6193472438388 20.6907517221239 20.7621562004089 20.833560678694 20.904965156979 20.6193126598994 20.2146411710316 19.8099696821637 19.4052981932958 19.0006267044279 18.5959552155601 18.1912837266921 17.8836062139934 17.8669106298021 17.8502150456109 17.8335194614197 17.8168238772285 17.8001282930373
19.3406476815542 19.3380693064796 19.335490931405 19.364928038915 19.4050369739532 19.4451459089915 19.4852548440297 19.525363779068 19.5654727141062 19.6055816491445 19.6508462376065 19.7115777863396 19.7723093350728 19.833040883806 19.8937724325392 19.9545039812724 20.0152355300055 20.0759670787387 20.1273318926493 20.175574461619 20.2238170305888 20.2720595995585 20.3203021685282 20.3685447374979 20.4167873064677 20.4710208998786 20.5432275666131 20.6154342333475 20.687640900082 20.7598475668165 20.832054233551 20.9042609002855 20.97646756702 20.7791630824407 20.4920215474235 20.2048800124062 19.917738477389 19.6305969423717 19.3434554073545 19.0563138723372 18.8373855246436 18.8230967389211 18.8088079531986 18.794519167476 18.7802303817535 18.765941596031
