data/working_set_collections/6091692-Cassins_Sparrow-MC/2000/bio8.asc
NCOLS 265 
NROWS 230 
XLLCORNER -115.5625 
YLLCORNER 24.8333333333333 
CELLSIZE 0.0833333333333333 
NODATA_value -9999 
[rows 60 to 79 of 230, columns 92 to 137 of 265]
8.07390543884695 7.78169722292149 7.48948900699609 7.19728079107068 6.90507257514522 6.37109539409477 5.75652855800257 5.14196172191027 4.52739488581808 3.91282804972588 3.29826121363358 2.68369437754139 2.5514813539049 3.8663297676374 5.18117818136967 6.49602659510194 7.81087500883444 9.12572342256671 10.440571836299 11.7554202500315 12.5162293593087 13.0923587004342 13.6684880415598 14.2446173826852 14.8207467238107 15.3968760649362 15.9730054060617 16.5058144940269 16.9086628225113 17.3115111509958 17.7143594794802 18.1172078079646 18.5200561364491 18.9229044649335 19.3257527934179 19.7006084601083 20.066133239534 20.4316580189597 20.7971827983855 21.1627075778112 21.5282323572369 21.8937571366627 22.2138989183637 22.3978917068904 22.5818844954172 22.7658772839439
9.21109333833047 8.87336715857173 8.53564097881305 8.19791479905437 7.86018861929563 7.46123528182495 7.04187289178359 6.62251050174216 6.2031481117008 5.78378572165944 5.364423331618 4.94506094157664 4.89086404939429 5.93216365079038 6.97346325218629 8.0147628535822 9.05606245497829 10.0973620563742 11.1386616577701 12.1799612591662 12.8616218090056 13.4234026749927 13.9851835409799 14.546964406967 15.1087452729541 15.6705261389413 16.2323070049284 16.7576408545175 17.1736336549122 17.5896264553069 18.0056192557016 18.4216120560962 18.837604856491 19.2535976568856 19.6695904572803 20.0514442920684 20.4219184716541 20.7923926512399 21.1628668308257 21.5333410104114 21.9038151899972 22.274289369583 22.5947060426075 22.7649501959482 22.9351943492888 23.1054385026295
10.3482812378141 9.96503709422206 9.5817929506301 9.19854880703815 8.81530466344612 8.55137516955523 8.32721722556472 8.10305928157417 7.87890133758366 7.65474339359315 7.4305854496026 7.20642750561209 7.23024674488388 7.99799753394354 8.76574832300307 9.53349911206259 10.3012499011223 11.0690006901818 11.8367514792413 12.604502268301 13.2070142587025 13.7544466495512 14.3018790404001 14.8493114312488 15.3967438220976 15.9441762129465 16.4916086037952 17.0094672150081 17.438604487313 17.867741759618 18.2968790319229 18.7260163042279 19.1551535765329 19.5842908488378 20.0134281211427 20.4022801240284 20.7777037037742 21.15312728352 21.5285508632659 21.9039744430117 22.2793980227575 22.6548216025033 22.9755131668514 23.1320086850059 23.2885042031605 23.4449997213151
11.4854691372977 11.0567070298724 10.6279449224472 10.1991828150219 9.77042070759661 9.64151505728551 9.61256155934585 9.58360806140618 9.55465456346652 9.52570106552686 9.4967475675872 9.46779406964754 9.56962944037347 10.0638314170967 10.5580333938198 11.052235370543 11.5464373472662 12.0406393239894 12.5348413007125 13.0290432774357 13.5524067083993 14.0854906241097 14.6185745398203 15.1516584555307 15.6847423712411 16.2178262869516 16.750910202662 17.2612935754987 17.7035753197139 18.1458570639291 18.5881388081443 19.0304205523595 19.4727022965748 19.91498404079 20.3572657850052 20.7531159559885 21.1334889358943 21.5138619158002 21.8942348957061 22.2746078756119 22.6549808555178 23.0353538354237 23.3563202910952 23.4990671740637 23.6418140570322 23.7845609400007
12.6226570367812 12.1483769655226 11.6740968942641 11.1998168230056 10.725536751747 10.7316549450157 10.8979058931269 11.0641568412381 11.2304077893492 11.3966587374604 11.5629096855716 11.7291606336828 11.9090121358629 12.1296653002497 12.3503184646365 12.5709716290232 12.7916247934101 13.0122779577968 13.2329311221836 13.4535842865705 13.8977991580962 14.4165345986682 14.9352700392404 15.4540054798125 15.9727409203846 16.4914763609567 17.0102118015288 17.5131199359892 17.9685461521147 18.4239723682402 18.8793985843657 19.3348248004912 19.7902510166167 20.2456772327422 20.7011034488676 21.1039517879485 21.4892741680144 21.8745965480803 22.2599189281462 22.6452413082121 23.030563688278 23.415886068344 23.7371274153391 23.8661256631214 23.9951239109038 24.1241221586862
13.7598449362648 13.240046901173 12.7202488660812 12.2004508309894 11.6806527958975 11.821794832746 12.183250226908 12.5447056210701 12.9061610152321 13.2676164093941 13.6290718035562 13.9905271977182 14.2483948313524 14.1954991834028 14.1426035354532 14.0897078875036 14.036812239554 13.9839165916044 13.9310209436548 13.8781252957052 14.243191607793 14.7475785732268 15.2519655386606 15.7563525040943 16.260739469528 16.7651264349619 17.2695134003956 17.7649462964798 18.2335169845155 18.7020876725514 19.1706583605871 19.6392290486228 20.1077997366586 20.5763704246943 21.0449411127301 21.4547876199085 21.8450594001345 22.2353311803604 22.6256029605864 23.0158747408124 23.4061465210383 23.7964183012643 24.1179345395829 24.2331841521792 24.3484337647755 24.4636833773718
13.9996609952717 13.4585907989079 12.9175206025443 12.3764504061807 11.835380209817 12.0207553863525 12.4482790205214 12.8758026546903 13.3033262888591 13.7308499230279 14.1583735571968 14.5858971913656 14.8824324078031 14.7860023710464 14.6895723342896 14.5931422975329 14.4967122607761 14.4002822240194 14.3038521872627 14.2074221505059 14.5409987449645 15.0179108831616 15.4948230213588 15.971735159556 16.4486472977531 16.9255594359503 17.4024715741475 17.8795074727799 18.3569146527183 18.8343218326568 19.3117290125952 19.7891361925336 20.266543372472 20.7439505524104 21.2213577323488 21.6430539449055 22.0461798350015 22.4493057250975 22.8524316151936 23.2555575052896 23.6586833953856 24.0618092854817 24.3916426870558 24.5015986230638 24.6115545590718 24.7215104950798
13.3421052138013 12.8040086587272 12.2659121036532 11.7278155485791 11.189718993505 11.328536605835 11.6929922739665 12.0574479420981 12.4219036102296 12.7863592783611 13.1508149464926 13.5152706146241 13.8111248652142 13.9011748631797 13.9912248611451 14.0812748591106 14.1713248570761 14.2613748550415 14.351424853007 14.4414748509724 14.7912205696105 15.2275315284728 15.6638424873351 16.1001534461974 16.5364644050597 16.9727753639221 17.4090863227844 17.8568034648894 18.3387391567229 18.8206748485564 19.3026105403899 19.7845462322234 20.2664819240569 20.7484176158904 21.2303533077239 21.6687507629394 22.0926354726155 22.5165201822915 22.9404048919677 23.3642896016438 23.7881743113198 24.212059020996 24.5582518577575 24.6713690757751 24.7844862937927 24.8976035118102
12.6845494323309 12.1494265185464 11.6143036047619 11.0791806909775 10.544057777193 10.6363178253174 10.9377055274116 11.2390932295058 11.5404809316 11.8418686336942 12.1432563357884 12.4446440378826 12.7398173226251 13.0163473553129 13.2928773880005 13.5694074206882 13.8459374533759 14.1224674860636 14.3989975187513 14.675527551439 15.0414423942565 15.4371521737839 15.8328619533114 16.2285717328389 16.6242815123663 17.0199912918938 17.4157010714212 17.8340994569989 18.3205636607275 18.8070278644561 19.2934920681846 19.7799562719132 20.2664204756418 20.7528846793703 21.2393488830989 21.6944475809732 22.1390911102294 22.5837346394855 23.0283781687418 23.4730216979979 23.9176652272541 24.3623087565103 24.7248610284593 24.8411395284864 24.9574180285135 25.0736965285407
12.0269936508605 11.4948443783655 10.9626951058707 10.4305458333759 9.89839656088101 9.94409904479984 10.1824187808567 10.4207385169136 10.6590582529704 10.8973779890273 11.1356977250842 11.374017461141 11.6685097800361 12.1315198474461 12.594529914856 13.0575399822658 13.5205500496758 13.9835601170857 14.4465701844956 14.9095802519056 15.2916642189025 15.6467728190951 16.0018814192877 16.3569900194803 16.7120986196729 17.0672072198655 17.4223158200581 17.8113954491084 18.3023881647321 18.7933808803558 19.2843735959794 19.775366311603 20.2663590272267 20.7573517428503 21.2483444584739 21.7201443990071 22.1855467478433 22.6509490966796 23.1163514455159 23.5817537943521 24.0471561431883 24.5125584920246 24.8914701991611 25.0109099811977 25.1303497632344 25.2497895452711
11.3694378693901 10.8402622381848 10.3110866069796 9.78191097577436 9.25273534456906 9.25188026428232 9.42713203430185 9.60238380432141 9.77763557434094 9.95288734436047 10.12813911438 10.3033908843996 10.5972022374471 11.2466923395793 11.8961824417114 12.5456725438435 13.1951626459757 13.8446527481078 14.4941428502399 15.1436329523721 15.5418860435485 15.8563934644062 16.170900885264 16.4854083061218 16.7999157269795 17.1144231478373 17.428930568695 17.788691441218 18.2842126687366 18.7797338962554 19.2752551237741 19.7707763512928 20.2662975788116 20.7618188063302 21.2573400338489 21.7458412170409 22.2320023854572 22.7181635538736 23.2043247222899 23.6904858907063 24.1766470591226 24.662808227539 25.0580793698628 25.180680433909 25.3032814979553 25.4258825620015
10.7118820879197 10.185680098004 9.65947810808836 9.13327611817275 8.60707412825706 8.55966148376473 8.67184528774693 8.78402909172916 8.89621289571137 9.00839669969358 9.1205805036758 9.23276430765801 9.52589469485809 10.3618648317125 11.1978349685669 12.0338051054212 12.8697752422756 13.7057453791299 14.5417155159842 15.3776856528387 15.7921078681945 16.0660141097174 16.3399203512403 16.6138265927632 16.8877328342861 17.161639075809 17.4355453173319 17.7659874333275 18.2660371727412 18.7660869121551 19.2661366515688 19.7661863909826 20.2662361303964 20.7662858698102 21.266335609224 21.7715380350748 22.2784580230712 22.7853780110676 23.292297999064 23.7992179870604 24.3061379750568 24.8130579630533 25.2246885405646 25.3504508866204 25.4762132326761 25.6019755787319
10.4641091108323 9.95918583075209 9.45426255067195 8.94933927059182 8.4444159905116 8.37767249743139 8.45698893335125 8.53630536927113 8.61562180519099 8.69493824111085 8.77425467703073 8.85357111295059 9.14159733984181 10.055752939648 10.969908539454 11.88406413926 12.7982197390661 13.7123753388721 14.6265309386781 15.5406865384842 15.9582780202229 16.2103481292724 16.4624182383219 16.7144883473714 16.9665584564208 17.2186285654703 17.4706986745198 17.7789843877155 18.2559169133503 18.7328494389851 19.2097819646199 19.6867144902546 20.1636470158894 20.6405795415242 21.1175120671589 21.630999581019 22.1566720909542 22.6823446008893 23.2080171108245 23.7336896207597 24.2593621306948 24.78503464063 25.2118841648102 25.342264731725 25.4726452986399 25.6030258655548
10.6261189381282 10.1607794364294 9.69543993473057 9.23010043303178 8.7647609313329 8.70591330528252 8.78256297111504 8.85921263694757 8.93586230278008 9.0125119686126 9.08916163444513 9.16581130027764 9.44431017239863 10.3283566633859 11.212403154373 12.0964496453601 12.9804961363473 13.8645426273344 14.7485891183215 15.6326356093088 16.0403964996337 16.2893955230712 16.5383945465087 16.7873935699462 17.0363925933837 17.2853916168213 17.5343906402587 17.8276823043822 18.2538518905638 18.6800214767455 19.1061910629272 19.5323606491088 19.9585302352905 20.3846998214721 20.8108694076537 21.3242258548736 21.8666445891062 22.4090633233387 22.9514820575714 23.4939007918039 24.0363195260365 24.5787382602691 25.0196662425995 25.156121969223 25.2925776958466 25.4290334224701
10.7881287654242 10.3623730421066 9.9366173187892 9.51086159547176 9.08510587215424 9.03415411313369 9.10813700887886 9.18211990462404 9.25610280036921 9.33008569611437 9.40406859185955 9.47805148760472 9.74702300495548 10.6009603871238 11.454897769292 12.3088351514602 13.1627725336286 14.0167099157967 14.8706472979649 15.7245846801333 16.1225149790445 16.3684429168701 16.6143708546956 16.8602987925211 17.1062267303466 17.3521546681722 17.5980826059977 17.8763802210489 18.2517868677774 18.627193514506 19.0026001612345 19.378006807963 19.7534134546915 20.12882010142 20.5042267481485 21.0174521287282 21.5766170872581 22.1357820457881 22.6949470043182 23.2541119628481 23.8132769213781 24.3724418799082 24.8274483203888 24.969979206721 25.1125100930532 25.2550409793854
10.9501385927201 10.5639666477839 10.1777947028478 9.79162275791174 9.40545081297557 9.36239492098485 9.43371104664267 9.50502717230051 9.57634329795833 9.64765942361615 9.71897554927398 9.7902916749318 10.0497358375123 10.8735641108618 11.6973923842111 12.5212206575604 13.3450489309098 14.1688772042591 14.9927054776084 15.8165337509578 16.2046334584554 16.4474903106689 16.6903471628824 16.933204015096 17.1760608673095 17.4189177195231 17.6617745717366 17.9250781377156 18.249721844991 18.5743655522664 18.8990092595418 19.2236529668171 19.5482966740926 19.872940381368 20.1975840886433 20.7106784025827 21.2865895854101 21.8625007682375 22.438411951065 23.0143231338924 23.5902343167198 24.1661454995472 24.6352303981781 24.7838364442189 24.9324424902598 25.0810485363006
11.112148420016 10.7655602534612 10.4189720869065 10.0723839203517 9.72579575379688 9.69063572883599 9.75928508440646 9.82793443997695 9.89658379554742 9.96523315111789 10.0338825066884 10.1025318622588 10.3524486700691 11.1461678345997 11.9398869991301 12.7336061636605 13.527325328191 14.3210444927214 15.1147636572518 15.9084828217823 16.2867519378662 16.5265377044677 16.7663234710693 17.0061092376708 17.2458950042724 17.485680770874 17.7254665374755 17.9737760543823 18.2476568222045 18.5215375900268 18.7954183578491 19.0692991256713 19.3431798934936 19.6170606613159 19.8909414291382 20.4039046764373 20.9965620835621 21.5892194906869 22.1818768978118 22.7745343049366 23.3671917120614 23.9598491191863 24.4430124759674 24.5976936817169 24.7523748874664 24.9070560932159
11.274158247312 10.9671538591385 10.6601494709651 10.3531450827917 10.0461406946182 10.0188765366872 10.0848591221703 10.1508417076534 10.2168242931365 10.2828068786197 10.3487894641028 10.4147720495859 10.655161502626 11.4187715583376 12.1823816140491 12.9459916697606 13.7096017254722 14.4732117811837 15.2368218368952 16.0004318926068 16.368870417277 16.6055850982665 16.8422997792561 17.0790144602457 17.3157291412353 17.5524438222249 17.7891585032145 18.0224739710489 18.2455917994181 18.4687096277872 18.6918274561564 18.9149452845255 19.1380631128947 19.3611809412638 19.584298769633 20.0971309502919 20.7065345817141 21.3159382131363 21.9253418445586 22.5347454759809 23.1441491074031 23.7535527388254 24.2507945537567 24.4115509192149 24.5723072846731 24.7330636501312
11.8140973276562 11.5381482415728 11.2621991554895 10.9862500694062 10.7103009833229 10.6688435554503 10.705550013648 10.7422564718457 10.7789629300434 10.8156693882411 10.8523758464389 10.8890823046366 11.0921730094484 11.7944164541031 12.4966598987578 13.1989033434124 13.9011467880672 14.6033902327218 15.3056336773765 16.0078771220312 16.3617017110189 16.5993866814507 16.8370716518826 17.0747566223144 17.3124415927463 17.5501265631782 17.78781153361 18.0138574759165 18.204986333847 18.3961151917775 18.587244049708 18.7783729076385 18.969501765569 19.1606306234995 19.35175948143 19.8528417746225 20.457241879569 21.0616419845156 21.6660420894622 22.2704421944087 22.8748422993553 23.4792424043019 23.9743191507128 24.1414258215162 24.3085324923198 24.4756391631232
12.7319656610488 12.4785434007643 12.2251211404799 11.9716988801955 11.718276619911 11.6405367851256 11.6213577588398 11.602178732554 11.5829997062682 11.5638206799824 11.5446416536966 11.5254626274108 11.6634831905363 12.2731025218962 12.8827218532561 13.4923411846159 14.1019605159758 14.7115798473357 15.3211991786955 15.9308185100555 16.2652458190918 16.5079424540201 16.7506390889486 16.9933357238769 17.2360323588053 17.4787289937337 17.7214256286621 17.947926568985 18.1258404254913 18.3037542819977 18.481668138504 18.6595819950103 18.8374958515167 19.0154097080231 19.1933235645294 19.6710371494293 20.248683977127 20.8263308048247 21.4039776325225 21.9816244602203 22.559271287918 23.1369181156158 23.6135862668356 23.787318388621 23.9610505104065 24.134782632192
