data/working_set_collections/6091692-Cassins_Sparrow-MC/2000/bio9.asc
NCOLS 265 
NROWS 230 
XLLCORNER -115.5625 
YLLCORNER 24.8333333333333 
CELLSIZE 0.0833333333333333 
NODATA_value -9999 
[rows 100 to 119 of 230, columns 184 to 229 of 265]
4.85014288425445 4.83806335926055 4.82598383426665 4.80840693712234 4.78899758259454 4.76958822806675 4.75017887353896 4.73076951901117 4.71136016448338 4.69195080995558 4.66890126864115 4.63493116696675 4.60096106529235 4.56699096361795 4.53302086194356 4.49905076026916 4.46508065859476 4.43111055692037 4.42925481796263 4.43810386657714 4.44695291519164 4.45580196380614 4.46465101242064 4.47350006103515 4.48234910964965 4.49141870737075 4.50114995241164 4.51088119745254 4.52061244249343 4.53034368753432 4.54007493257521 4.54980617761611 4.559537422657 4.5694570660591 4.57943950891493 4.58942195177077 4.5994043946266 4.60938683748244 4.61936928033827 4.62935172319411 4.6357113957405 4.63120275735854 4.62669411897658 4.62218548059462 4.61767684221266 4.6131682038307
4.91213455994923 4.9048284292221 4.89752229849497 4.88295056422551 4.8659569621086 4.8489633599917 4.8319697578748 4.8149761557579 4.79798255364099 4.78098895152409 4.75899461640252 4.72199808226691 4.6850015481313 4.6480050139957 4.61100847986009 4.57401194572448 4.53701541158888 4.50001887745328 4.49405654271443 4.49843894110785 4.50282133950127 4.50720373789469 4.5115861362881 4.51596853468152 4.52035093307494 4.52711342573165 4.54101620117822 4.5549189766248 4.56882175207137 4.58272452751794 4.59662730296452 4.61053007841109 4.62443285385766 4.63682674169539 4.64871766699684 4.66060859229828 4.67249951759973 4.68439044290117 4.69628136820262 4.70817229350407 4.71646678050358 4.71397195259729 4.711477124691 4.70898229678471 4.70648746887842 4.70399264097212
5.01167535384495 5.00612601306702 5.00057667228909 4.98572294712066 4.96776776048871 4.94981257385677 4.93185738722482 4.91390220059288 4.89594701396094 4.87799182732899 4.85505755212572 4.81718601120843 4.77931447029113 4.74144292937384 4.70357138845656 4.66569984753926 4.62782830662197 4.58995676570468 4.58211446205774 4.58428190416759 4.58644934627744 4.58861678838729 4.59078423049714 4.59295167260698 4.59511911471683 4.60033639934326 4.61470321151944 4.62907002369561 4.64343683587179 4.65780364804796 4.67217046022414 4.68653727240031 4.70090408457649 4.7131230076154 4.72462596760855 4.7361289276017 4.74763188759485 4.759134847588 4.77063780758115 4.7821407675743 4.79062761598162 4.79006612963146 4.78950464328129 4.78894315693113 4.78838167058096 4.7878201842308
5.1487652659416 5.14195611079532 5.13514695564904 5.11672408580778 5.09442997773487 5.07213586966195 5.04984176158903 5.02754765351612 5.0052535454432 4.98295943737029 4.95709007581074 4.92049495379129 4.88389983177184 4.84730470975239 4.81070958773294 4.77411446571349 4.73751934369404 4.70092422167459 4.69342857599256 4.69563275575636 4.69783693552015 4.70004111528395 4.70224529504774 4.70444947481153 4.70665365457533 4.7110876282056 4.72221098343529 4.73333433866499 4.74445769389468 4.75558104912438 4.76670440435408 4.77782775958377 4.78895111481347 4.79834586381911 4.80716441075005 4.815982957681 4.82480150461195 4.8336200515429 4.84243859847385 4.8512571454048 4.85819390217462 4.85948528846104 4.86077667474745 4.86206806103387 4.86335944732029 4.86465083360671
5.28585517803826 5.27778620852363 5.26971723900899 5.24772522449492 5.22109219498103 5.19445916546715 5.16782613595326 5.14119310643937 5.11456007692548 5.08792704741159 5.05912259949578 5.02380389637417 4.98848519325255 4.95316649013095 4.91784778700934 4.88252908388773 4.84721038076612 4.81189167764451 4.8047426899274 4.80698360734514 4.80922452476288 4.81146544218062 4.81370635959836 4.81594727701609 4.81818819443383 4.82183885706794 4.82971875535115 4.83759865363437 4.84547855191759 4.85335845020081 4.86123834848402 4.86911824676724 4.87699814505046 4.88356872002282 4.88970285389157 4.89583698776032 4.90197112162907 4.90810525549781 4.91423938936656 4.92037352323531 4.92576018836762 4.92890444729062 4.93204870621362 4.93519296513662 4.93833722405962 4.94148148298262
5.42294509013492 5.41361630625194 5.40428752236895 5.37872636318206 5.3477544122272 5.31678246127234 5.28581051031748 5.25483855936262 5.22386660840776 5.1928946574529 5.16115512318081 5.12711283895704 5.09307055473327 5.0590282705095 5.02498598628574 4.99094370206196 4.9569014178382 4.92285913361443 4.91605680386224 4.91833445893392 4.9206121140056 4.92288976907729 4.92516742414897 4.92744507922065 4.92972273429234 4.93259008593028 4.93722652726702 4.94186296860376 4.9464994099405 4.95113585127723 4.95577229261397 4.96040873395071 4.96504517528745 4.96879157622654 4.97224129703309 4.97569101783963 4.97914073864618 4.98259045945273 4.98604018025927 4.98948990106582 4.99332647456062 4.99832360612021 5.00332073767979 5.00831786923937 5.01331500079896 5.01831213235854
5.56003500223158 5.54944640398024 5.53885780572889 5.50972750186919 5.47441662947335 5.43910575707752 5.40379488468169 5.36848401228586 5.33317313989003 5.29786226749419 5.26318764686583 5.23042178153991 5.19765591621398 5.16489005088805 5.13212418556212 5.09935832023619 5.06659245491027 5.03382658958434 5.02737091779707 5.0296853105227 5.03199970324832 5.03431409597395 5.03662848869958 5.0389428814252 5.04125727415083 5.04334131479261 5.04473429918287 5.04612728357313 5.04752026796339 5.04891325235365 5.05030623674391 5.05169922113417 5.05309220552443 5.05401443243025 5.0547797401746 5.05554504791894 5.05631035566329 5.05707566340763 5.05784097115198 5.05860627889632 5.06089276075362 5.06774276494978 5.07459276914595 5.08144277334212 5.08829277753828 5.09514278173445
5.69712491432824 5.68527650170854 5.67342808908885 5.64072864055632 5.60107884671952 5.56142905288272 5.52177925904591 5.48212946520911 5.4424796713723 5.40282987753549 5.36522017055087 5.33373072412278 5.30224127769469 5.27075183126661 5.23926238483852 5.20777293841043 5.17628349198235 5.14479404555426 5.13868503173191 5.14103616211148 5.14338729249105 5.14573842287062 5.14808955325019 5.15044068362976 5.15279181400933 5.15409254365496 5.15224207109874 5.15039159854252 5.1485411259863 5.14669065343008 5.14484018087386 5.14298970831764 5.14113923576142 5.13923728863397 5.13731818331611 5.13539907799826 5.1334799726804 5.13156086736254 5.12964176204469 5.12772265672683 5.12845904694662 5.13716192377937 5.14586480061212 5.15456767744487 5.16327055427762 5.17197343111037
5.84127671321232 5.82656931214861 5.8118619110849 5.77701199054717 5.73544789685143 5.69388380315568 5.65231970945993 5.61075561576419 5.56919152206844 5.52762742837269 5.48866206142637 5.4574928747283 5.42632368803023 5.39515450133217 5.3639853146341 5.33281612793603 5.30164694123797 5.27047775453991 5.26393882433572 5.2656099796295 5.26728113492328 5.26895229021707 5.27062344551085 5.27229460080463 5.27396575609841 5.27406991455289 5.26947308248942 5.26487625042596 5.2602794183625 5.25568258629904 5.25108575423557 5.24648892217211 5.24189209010865 5.23694107135136 5.23187199036279 5.22680290937423 5.22173382838566 5.2166647473971 5.21159566640853 5.20652658541996 5.26553735468115 5.51678767469179 5.76803799470248 6.01928831471313 6.27053863472377 6.52178895473446
5.9924903988838 5.97332483530043 5.95415927171705 5.91857755184172 5.87752377986906 5.83647000789641 5.79541623592375 5.7543624639511 5.71330869197844 5.67225492000578 5.63351331949232 5.60170823335646 5.56990314722059 5.53809806108473 5.50629297494887 5.474487888813 5.44268280267714 5.41087771654128 5.4031322956085 5.40340676307676 5.40368123054502 5.40395569801328 5.40423016548155 5.40450463294981 5.40477910041807 5.4032734274864 5.39642733335493 5.38958123922346 5.38273514509199 5.37588905096052 5.36904295682905 5.36219686269758 5.35535076856611 5.34712578058241 5.33844116131463 5.32975654204685 5.32107192277907 5.31238730351129 5.30370268424351 5.29501806497573 5.47212768395722 6.20662001768715 6.94111235141722 7.67560468514715 8.41009701887709 9.14458935260715
6.14370408455529 6.12008035845225 6.09645663234921 6.06014311313628 6.01959966288671 5.97905621263715 5.93851276238758 5.89796931213802 5.85742586188845 5.81688241163888 5.77836457755829 5.74592359198463 5.71348260641097 5.6810416208373 5.64860063526364 5.61615964968998 5.58371866411632 5.55127767854266 5.54232576688129 5.54120354652403 5.54008132616677 5.53895910580951 5.53783688545225 5.53671466509499 5.53559244473773 5.53247694041992 5.52338158422045 5.51428622802097 5.50519087182149 5.49609551562202 5.48700015942254 5.47790480322307 5.46880944702359 5.45731048981347 5.44501033226648 5.43271017471948 5.42041001717248 5.40810985962549 5.39580970207849 5.38350954453149 5.6787180132333 6.89645236068257 8.11418670813205 9.33192105558132 10.5496554030306 11.7673897504801
6.29491777022678 6.26683588160408 6.23875399298137 6.20170867443084 6.16167554590436 6.12164241737789 6.08160928885141 6.04157616032494 6.00154303179846 5.96150990327198 5.92321583562426 5.8901389506128 5.85706206560134 5.82398518058988 5.79090829557842 5.75783141056696 5.7247545255555 5.69167764054404 5.68151923815408 5.6790003299713 5.67648142178852 5.67396251360574 5.67144360542296 5.66892469724018 5.6664057890574 5.66168045335345 5.65033583508596 5.63899121681848 5.627646598551 5.61630198028351 5.60495736201603 5.59361274374855 5.58226812548106 5.56749519904453 5.55157950321832 5.53566380739211 5.5197481115659 5.50383241573969 5.48791671991348 5.47200102408726 5.88530834250939 7.58628470367799 9.28726106484689 10.9882374260155 12.6892137871841 14.390190148353
6.44613145589826 6.41359140475589 6.38105135361352 6.34327423572539 6.303751428922 6.26422862211862 6.22470581531523 6.18518300851185 6.14566020170846 6.10613739490507 6.06806709369022 6.03435430924096 6.0006415247917 5.96692874034244 5.93321595589318 5.89950317144392 5.86579038699466 5.8320776025454 5.82071270942686 5.81679711341856 5.81288151741026 5.80896592140195 5.80505032539365 5.80113472938535 5.79721913337705 5.79088396628696 5.77729008595147 5.76369620561598 5.75010232528049 5.736508444945 5.72291456460951 5.70932068427402 5.69572680393853 5.67767990827559 5.65814867417016 5.63861744006474 5.61908620595931 5.59955497185388 5.58002373774845 5.56049250364302 6.09189867178546 8.27611704667335 10.4603354215616 12.6445537964495 14.8287721713374 17.0129905462257
6.59734514156976 6.56034692790772 6.52334871424568 6.48483979701994 6.44582731193965 6.40681482685936 6.36780234177906 6.32878985669877 6.28977737161847 6.25076488653817 6.21291835175619 6.17856966786913 6.14422098398207 6.10987230009502 6.07552361620796 6.0411749323209 6.00682624843384 5.97247756454679 5.95990618069965 5.95459389686583 5.949281613032 5.94396932919818 5.93865704536436 5.93334476153054 5.92803247769672 5.92008747922048 5.90424433681699 5.88840119441349 5.87255805200999 5.8567149096065 5.840871767203 5.8250286247995 5.80918548239601 5.78786461750665 5.76471784512201 5.74157107273737 5.71842430035272 5.69527752796808 5.67213075558344 5.64898398319879 6.29848900106154 8.96594938966878 11.6334097782765 14.3008701668837 16.9683305554909 19.6357909440986
6.72297036647796 6.68767339653439 6.65237642659081 6.61542595624923 6.57792431910832 6.54042268196741 6.5029210448265 6.46541940768559 6.42791777054468 6.39041613340377 6.35398290289772 6.32075489229625 6.28752688169478 6.25429887109332 6.22107086049185 6.18784284989038 6.15461483928891 6.12138682868745 6.10855405330656 6.10251968966588 6.0964853260252 6.09045096238452 6.08441659874385 6.07838223510317 6.07234787146249 6.06299609740574 6.04369209210077 6.02438808679579 6.00508408149082 5.98578007618585 5.96647607088088 5.94717206557591 5.92786806027094 6.08421599070222 6.29911456637897 6.51401314205571 6.72891171773249 6.94381029340924 7.15870886908598 7.37360744476277 8.20067580275964 10.864253507719 13.5278312126788 16.1914089176381 18.8549866225975 21.5185643275573
6.82300713062285 6.79557081063587 6.76813449064889 6.73503271341322 6.700042450428 6.66505218744277 6.63006192445753 6.59507166147231 6.56008139848708 6.52509113550184 6.4912607471148 6.46090998252231 6.43055921792982 6.40020845333733 6.36985768874485 6.33950692415235 6.30915615955987 6.27880539496738 6.2666563272476 6.26057449181872 6.25449265638985 6.24841082096097 6.2423289855321 6.23624715010323 6.23016531467435 6.21960982084272 6.19563335180281 6.17165688276289 6.14768041372297 6.12370394468306 6.09972747564314 6.07575100660322 6.05177453756331 6.56673402786235 7.26133883794117 7.95594364801998 8.65054845809892 9.34515326817774 10.0397580782566 10.7343628883355 11.7984590768803 13.9710294008244 16.1435997247688 18.3161700487128 20.4887403726569 22.6613106966013
6.92304389476775 6.90346822473737 6.88389255470699 6.85463947057723 6.82216058174768 6.78968169291813 6.75720280408858 6.72472391525903 6.69224502642948 6.65976613759993 6.62853859133189 6.60106507274838 6.57359155416487 6.54611803558136 6.51864451699785 6.49117099841434 6.46369747983083 6.43622396124732 6.42475860118864 6.41862929397157 6.4124999867545 6.40637067953743 6.40024137232037 6.3941120651033 6.38798275788623 6.37622354427972 6.34757461150486 6.31892567873 6.29027674595513 6.26162781318028 6.23297888040541 6.20432994763055 6.17568101485569 7.04925206502252 8.22356310950345 9.39787415398438 10.5721851984655 11.7464962429464 12.9208072874274 14.0951183319085 15.3962423510013 17.07780529393 18.759368236859 20.4409311797877 22.1224941227164 23.8040570656454
7.02308065891265 7.01136563883886 6.99965061876508 6.97424622774123 6.94427871306737 6.9143111983935 6.88434368371963 6.85437616904576 6.82440865437189 6.79444113969802 6.76581643554898 6.74122016297445 6.71662389039992 6.69202761782539 6.66743134525086 6.64283507267633 6.6182388001018 6.59364252752727 6.58286087512968 6.57668409612442 6.57050731711916 6.5643305381139 6.55815375910863 6.55197698010337 6.54580020109811 6.53283726771672 6.49951587120691 6.4661944746971 6.4328730781873 6.39955168167749 6.36623028516768 6.33290888865788 6.29958749214808 7.53177010218269 9.18578738106573 10.8398046599488 12.4938219388321 14.1478392177151 15.8018564965982 17.4558737754815 18.9940256251222 20.1845811870356 21.3751367489492 22.5656923108626 23.7562478727759 24.9468034346895
7.12311742305754 7.11926305294035 7.11540868282316 7.09385298490523 7.06639684438704 7.03894070386885 7.01148456335066 6.98402842283247 6.95657228231429 6.92911614179609 6.90309427976606 6.88137525320051 6.85965622663496 6.83793720006941 6.81621817350386 6.7944991469383 6.77278012037275 6.7510610938072 6.74096314907071 6.73473889827726 6.7285146474838 6.72229039669034 6.71606614589689 6.70984189510343 6.70361764430997 6.6894509911537 6.65145713090895 6.6134632706642 6.57546941041945 6.5374755501747 6.49948168992995 6.4614878296852 6.42349396944045 8.01428813934282 10.1480116526279 12.281735165913 14.4154586791985 16.5491821924836 18.6829057057688 20.8166292190542 22.5918088992429 23.291357080141 23.9909052610392 24.6904534419372 25.3900016228353 26.0895498037335
7.22315418720244 7.22716046704185 7.23116674688126 7.21345974206923 7.18851497570672 7.16357020934422 7.13862544298171 7.1136806766192 7.08873591025669 7.06379114389418 7.04037212398315 7.02153034342659 7.00268856287001 6.98384678231344 6.96500500175686 6.94616322120029 6.92732144064372 6.90847966008715 6.89906542301176 6.89279370043011 6.88652197784846 6.8802502552668 6.87397853268515 6.8677068101035 6.86143508752185 6.8460647145907 6.803398390611 6.7607320666313 6.71806574265161 6.67539941867192 6.63273309469222 6.59006677071253 6.54740044673283 8.49680617650299 11.1102359241902 13.7236656718774 16.3370954195651 18.9505251672524 21.5639549149396 24.1773846626273 26.1895921733639 26.3981329732466 26.6066737731294 26.8152145730121 27.0237553728948 27.2322961727776
