data/working_set_collections/6091692-Cassins_Sparrow-MC/2000/bio9.asc
NCOLS 265 
NROWS 230 
XLLCORNER -115.5625 
YLLCORNER 24.8333333333333 
CELLSIZE 0.0833333333333333 
NODATA_value -9999 
[rows 160 to 179 of 230, columns 92 to 137 of 265]
17.856321144104 18.0842840194702 18.3122468948364 18.5402097702026 18.7681726455688 18.9000262737274 18.9998434861501 19.0996606985728 19.1994779109955 19.2992951234181 19.3991123358408 19.4989295482635 19.552863407135 19.4691472053528 19.3854310035706 19.3017148017883 19.2179986000061 19.1342823982239 19.0505661964417 18.9668499946594 17.9586473941805 16.6422826608025 15.3259179274243 14.0095531940463 12.6931884606682 11.37682372729 10.060458993912 9.07372560501103 9.07588624954228 9.07804689407353 9.08020753860477 9.08236818313602 9.08452882766727 9.08668947219852 9.08885011672977 8.9787140846253 8.83114582697556 8.68357756932583 8.53600931167607 8.38844105402633 8.2408727963766 8.09330453872684 8.01840571562446 8.16151519616442 8.30462467670439 8.44773415724435
17.7519003762139 18.005273797777 18.25864721934 18.512020640903 18.7653940624661 18.9093157291412 19.0167534775204 19.1241912258996 19.2316289742787 19.3390667226579 19.4465044710371 19.5539422194163 19.6140537155999 19.5321864551968 19.4503191947937 19.3684519343906 19.2865846739875 19.2047174135844 19.1228501531813 19.0409828927782 18.001591062546 16.6430243757039 15.2844576888616 13.9258910020195 12.5673243151774 11.2087576283351 9.85019094149298 8.83297592798872 8.83981593449914 8.84665594100955 8.85349594751997 8.86033595403038 8.8671759605408 8.87401596705122 8.88085597356163 8.7922698338827 8.67187497880729 8.55148012373188 8.43108526865645 8.31069041358104 8.19029555850563 8.0699007034302 8.00909163951871 8.1270399490992 8.2449882586797 8.36293656826018
17.5686931769053 17.8453405539195 18.1219879309336 18.3986353079478 18.675282684962 18.8272089481354 18.9375615066952 19.0479140652551 19.1582666238149 19.2686191823748 19.3789717409346 19.4893242994944 19.5546929518382 19.4851098855337 19.4155268192292 19.3459437529246 19.2763606866201 19.2067776203156 19.1371945540111 19.0676114877065 18.022958548864 16.6532823191752 15.2836060894862 13.9139298597974 12.5442536301086 11.1745774004196 9.8049011707308 8.77931944264303 8.78602121935948 8.79272299607592 8.79942477279237 8.80612654950881 8.81282832622526 8.8195301029417 8.82623187965815 8.75447833140691 8.65657300816642 8.55866768492593 8.46076236168542 8.36285703844493 8.26495171520444 8.16704639196393 8.1176122731632 8.2135917676819 8.30957126220062 8.40555075671932
17.3066995461782 17.6044842878978 17.9022690296173 18.2000537713368 18.4978385130564 18.6537059307099 18.7622675736745 18.8708292166392 18.9793908596039 19.0879525025686 19.1965141455333 19.3050757884979 19.3747811158499 19.3279174963634 19.2810538768769 19.2341902573904 19.1873266379039 19.1404630184174 19.0935993989309 19.0467357794444 18.0227498531344 16.6730564912163 15.323363129298 13.97366976738 12.6239764054619 11.2742830435436 9.92458968162558 8.91275614897408 8.91450210412341 8.91624805927275 8.91799401442208 8.91973996957141 8.92148592472074 8.92323187987008 8.92497783501941 8.86533957719803 8.78523991505305 8.70514025290807 8.62504059076308 8.5449409286181 8.46484126647312 8.38474160432813 8.34396761655802 8.42117065191263 8.49837368726726 8.57557672262187
17.044705915451 17.363628021876 17.682550128301 18.0014722347259 18.3203943411509 18.4802029132843 18.5869736406538 18.6937443680234 18.8005150953929 18.9072858227624 19.0140565501319 19.1208272775014 19.1948692798615 19.170725107193 19.1465809345246 19.1224367618561 19.0982925891876 19.0741484165192 19.0500042438507 19.0258600711823 18.0225411574048 16.6928306632575 15.3631201691099 14.0334096749626 12.7036991808152 11.3739886866677 10.0442781925204 9.04619285530512 9.04298298888735 9.03977312246957 9.03656325605179 9.03335338963401 9.03014352321623 9.02693365679846 9.02372379038068 8.97620082298914 8.91390682193968 8.85161282089021 8.78931881984074 8.72702481879127 8.66473081774181 8.60243681669233 8.57032295995284 8.62874953614336 8.6871761123339 8.74560268852442
16.7827122847239 17.1227717558543 17.4628312269846 17.802890698115 18.1429501692454 18.3066998958588 18.4116797076331 18.5166595194075 18.6216393311819 18.7266191429562 18.8315989547306 18.9365787665049 19.0149574438731 19.0135327180227 19.0121079921723 19.0106832663218 19.0092585404714 19.007833814621 19.0064090887706 19.0049843629201 18.0223324616752 16.7126048352986 15.4028772089218 14.0931495825452 12.7834219561686 11.4736943297917 10.1639667034151 9.17962956163616 9.17146387365127 9.16329818566638 9.15513249768149 9.1469668096966 9.13880112171171 9.13063543372682 9.12246974574193 9.08706206878025 9.0425737288263 8.99808538887234 8.95359704891838 8.90910870896443 8.86462036901047 8.82013202905651 8.79667830334764 8.83632842037408 8.87597853740052 8.91562865442696
16.5207186539967 16.8819154898326 17.2431123256683 17.6043091615041 17.9655059973399 18.1331968784332 18.2363857746124 18.3395746707916 18.4427635669708 18.54595246315 18.6491413593292 18.7523302555084 18.8350456078848 18.8563403288524 18.87763504982 18.8989297707876 18.9202244917552 18.9415192127228 18.9628139336904 18.984108654658 18.0221237659457 16.7323790073398 15.4426342487337 14.1528894901278 12.8631447315219 11.5733999729158 10.2836552143099 9.3130662679672 9.2999447584152 9.2868232488632 9.2737017393112 9.2605802297592 9.2474587202072 9.2343372106552 9.2212157011032 9.19792331457137 9.17124063571293 9.14455795685449 9.11787527799604 9.0911925991376 9.06450992027916 9.03782724142071 9.02303364674246 9.04390730460481 9.06478096246716 9.0856546203295
16.2587250232696 16.6410592238108 17.023393424352 17.4057276248931 17.7880618254344 17.9596938610077 18.0610918415917 18.1624898221758 18.2638878027598 18.3652857833438 18.4666837639279 18.5680817445119 18.6551337718964 18.699147939682 18.7431621074677 18.7871762752533 18.831190443039 18.8752046108246 18.9192187786102 18.9632329463959 18.0219150702161 16.7521531793809 15.4823912885455 14.2126293977104 12.9428675068752 11.6731056160398 10.4033437252047 9.44650297429825 9.42842564317914 9.41034831206002 9.39227098094091 9.3741936498218 9.35611631870269 9.33803898758357 9.31996165646446 9.30878456036248 9.29990754259955 9.29103052483663 9.2821535070737 9.27327648931077 9.26439947154784 9.25552245378491 9.24938899013728 9.25148618883554 9.2535833875338 9.25568058623206
15.9746724075741 16.3469486925337 16.7192249774933 17.0915012624529 17.4637775474125 17.6385566711427 17.7475034077963 17.8564501444499 17.9653968811036 18.0743436177572 18.1832903544109 18.2922370910645 18.3683478249445 18.3459505505033 18.3235532760622 18.301156001621 18.2787587271798 18.2563614527387 18.2339641782975 18.2115669038564 17.3464604536697 16.200450944901 15.0544414361321 13.9084319273634 12.7624224185947 11.6164129098258 10.4704034010571 9.60564366711507 9.58463325765395 9.56362284819282 9.54261243873169 9.52160202927057 9.50059161980944 9.47958121034831 9.45857080088718 9.45762615998582 9.46337010860439 9.46911405722296 9.47485800584153 9.4806019544601 9.48634590307866 9.49208985169723 9.49484057426447 9.48861161867772 9.48238266309097 9.47615370750422
15.6685608069102 15.9995838960012 16.3306069850922 16.6616300741831 16.9926531632742 17.1697853088379 17.295620473226 17.421455637614 17.547290802002 17.67312596639 17.798961130778 17.9247962951661 17.9746877670289 17.796748161316 17.6188085556032 17.4408689498903 17.2629293441774 17.0849897384646 16.9070501327517 16.7291105270388 15.9957599163059 15.0772723038995 14.158784691493 13.2402970790866 12.3218094666802 11.4033218542736 10.4848342418672 9.79048834641772 9.76856760183968 9.74664685726163 9.72472611268359 9.70280536810555 9.6808846235275 9.65896387894946 9.63704313437142 9.64444811344143 9.66162833372748 9.67880855401353 9.69598877429958 9.71316899458563 9.73034921487168 9.74752943515773 9.7593883991241 9.75528359413143 9.75117878913875 9.74707398414607
15.3624492062462 15.6522190994687 15.941988992691 16.2317588859134 16.5215287791358 16.7010139465332 16.8437375386556 16.986461130778 17.1291847229004 17.2719083150228 17.4146319071452 17.5573554992676 17.5810277091134 17.2475457721288 16.9140638351442 16.5805818981597 16.247099961175 15.9136180241905 15.5801360872059 15.2466541502213 14.6450593789422 13.9540936628981 13.2631279468538 12.5721622308097 11.8811965147656 11.1902307987214 10.4992650826773 9.97533302572036 9.9525019460254 9.92967086633044 9.90683978663548 9.88400870694053 9.86117762724556 9.83834654755061 9.81551546785565 9.83127006689704 9.85988655885057 9.8885030508041 9.91711954275763 9.94573603471116 9.97435252666469 10.0029690186182 10.0239362239837 10.0219555695851 10.0199749151865 10.0179942607879
15.0563376055823 15.3048543029362 15.55337100029 15.8018876976437 16.0504043949976 16.2322425842286 16.3918546040853 16.5514666239421 16.7110786437989 16.8706906636556 17.0303026835124 17.1899147033692 17.1873676511978 16.6983433829415 16.2093191146853 15.720294846429 15.2312705781727 14.7422463099165 14.2532220416603 13.7641977734039 13.2943588415785 12.8309150218967 12.3674712022148 11.904027382533 11.4405835628511 10.9771397431692 10.5136959234874 10.160177705023 10.1364362902111 10.1126948753992 10.0889534605874 10.0652120457755 10.0414706309636 10.0177292161517 9.99398780133986 10.0180920203526 10.0581447839736 10.0981975475947 10.1382503112157 10.1783030748367 10.2183558384577 10.2584086020787 10.2884840488433 10.2886275450388 10.2887710412343 10.2889145374298
14.7502260049184 14.9574895064036 15.1647530078888 15.372016509374 15.5792800108592 15.7634712219239 15.939971669515 16.1164721171062 16.2929725646973 16.4694730122884 16.6459734598796 16.8224739074707 16.7937075932823 16.1491409937542 15.5045743942263 14.8600077946984 14.2154411951703 13.5708745956424 12.9263079961145 12.2817413965864 11.9436583042147 11.7077363808952 11.4718144575757 11.2358925342561 10.9999706109366 10.764048687617 10.5281267642975 10.3450223843256 10.3203706343968 10.295718884468 10.2710671345393 10.2464153846105 10.2217636346817 10.1971118847529 10.1724601348241 10.2049139738082 10.2564030090967 10.3078920443852 10.3593810796737 10.4108701149622 10.4623591502507 10.5138481855392 10.553031873703 10.5552995204925 10.5575671672821 10.5598348140716
14.4441144042545 14.6101247098711 14.7761350154877 14.9421453211043 15.1081556267209 15.2946998596192 15.4880887349447 15.6814776102702 15.8748664855957 16.0682553609212 16.2616442362468 16.4550331115723 16.4000475353667 15.599938604567 14.7998296737673 13.9997207429677 13.1996118121679 12.3995028813683 11.5993939505687 10.7992850197689 10.592957766851 10.5845577398938 10.5761577129365 10.5677576859793 10.5593576590221 10.5509576320649 10.5425576051076 10.5298670636283 10.5043049785826 10.4787428935369 10.4531808084912 10.4276187234455 10.4020566383997 10.376494553354 10.3509324683083 10.3917359272639 10.4546612342198 10.5175865411758 10.5805118481318 10.6434371550877 10.7063624620437 10.7692877689997 10.8175796985626 10.8219714959462 10.8263632933298 10.8307550907135
14.2920349227057 14.4227652761671 14.5534956296285 14.6842259830899 14.8149563365513 14.9944795926412 15.1902671496073 15.3860547065735 15.5818422635396 15.7776298205058 15.9734173774719 16.1692049344381 16.10016626517 15.2366489171983 14.3731315692268 13.5096142212552 12.6460968732835 11.7825795253119 10.9190621773404 10.0555448293687 9.92689219315844 10.0431944608688 10.1594967285792 10.2757989962895 10.3921012639999 10.5084035317103 10.6247057994206 10.7049494425455 10.677017211914 10.6490849812825 10.621152750651 10.5932205200195 10.565288289388 10.5373560587565 10.509423828125 10.5463985681533 10.6050089650684 10.6636193619834 10.7222297588984 10.7808401558134 10.8394505527284 10.8980609496434 10.9459477265676 10.9616636435191 10.9773795604706 10.9930954774221
14.2939875602722 14.3954112052917 14.4968348503113 14.5982584953308 14.6996821403504 14.86281042099 15.046506913503 15.230203406016 15.413899898529 15.5975963910421 15.7812928835551 15.9649893760681 15.8940637826922 15.0592719316484 14.2244800806047 13.3896882295611 12.5548963785173 11.7201045274736 10.8853126764299 10.0505208253861 9.94546158313749 10.0836465438207 10.2218315045039 10.360016465187 10.4982014258702 10.6363863865534 10.7745713472366 10.8702695210775 10.8385073343913 10.8067451477051 10.7749829610189 10.7432207743327 10.7114585876465 10.6796964009603 10.6479342142741 10.6689018964767 10.7074462016423 10.7459905068079 10.7845348119736 10.8230791171392 10.8616234223048 10.9001677274704 10.9381359577179 10.974375963211 11.0106159687042 11.0468559741974
14.2959401978387 14.3680571344164 14.4401740709941 14.5122910075717 14.5844079441494 14.7311412493388 14.9027466773987 15.0743521054586 15.2459575335185 15.4175629615784 15.5891683896383 15.7607738176982 15.6879613002143 14.8818949460984 14.0758285919827 13.2697622378669 12.463695883751 11.6576295296353 10.8515631755195 10.0454968214036 9.96403097311653 10.1240986267725 10.2841662804285 10.4442339340845 10.6043015877405 10.7643692413966 10.9244368950525 11.0355895996094 10.9999974568685 10.9644053141276 10.9288131713867 10.8932210286458 10.8576288859049 10.822036743164 10.7864446004232 10.7914052248001 10.8098834382163 10.8283616516325 10.8468398650487 10.8653180784649 10.8837962918811 10.9022745052973 10.9303241888682 10.987088282903 11.0438523769379 11.1006164709727
14.2978928354051 14.340703063541 14.3835132916768 14.4263235198127 14.4691337479486 14.5994720776876 14.7589864412943 14.9185008049011 15.0780151685079 15.2375295321147 15.3970438957215 15.5565582593282 15.4818588177365 14.7045179605485 13.9271771033607 13.1498362461728 12.3724953889848 11.5951545317969 10.817813674609 10.040472817421 9.98260036309557 10.1645507097244 10.3465010563532 10.528451402982 10.7104017496108 10.8923520962397 11.0743024428685 11.2009096781413 11.1614875793457 11.1220654805501 11.0826433817545 11.043221282959 11.0037991841634 10.9643770853678 10.9249549865722 10.9139085531235 10.9123206747903 10.9107327964571 10.9091449181239 10.9075570397907 10.9059691614575 10.9043812831243 10.9225124200185 10.999800602595 11.0770887851715 11.154376967748
14.2998454729716 14.3133489926656 14.3268525123596 14.3403560320536 14.3538595517477 14.4678029060364 14.61522620519 14.7626495043437 14.9100728034973 15.057496102651 15.2049194018046 15.3523427009583 15.2757563352587 14.5271409749986 13.7785256147386 13.0299102544786 12.2812948942185 11.5326795339586 10.7840641736986 10.0354488134385 10.0011697530746 10.2050027926762 10.4088358322779 10.6126688718795 10.8165019114812 11.0203349510828 11.2241679906844 11.3662297566732 11.3229777018229 11.2797256469726 11.2364735921224 11.1932215372721 11.1499694824219 11.1067174275716 11.0634653727213 11.0364118814468 11.0147579113642 10.9931039412816 10.971449971199 10.9497960011164 10.9281420310338 10.9064880609512 10.9147006511688 11.012512922287 11.1103251934051 11.2081374645233
14.3017981105381 14.2859949217902 14.2701917330424 14.2543885442946 14.2385853555468 14.3361337343852 14.4714659690857 14.6067982037862 14.7421304384867 14.8774626731873 15.0127949078878 15.1481271425883 15.0696538527809 14.3497639894487 13.6298741261166 12.9099842627845 12.1900943994523 11.4702045361202 10.7503146727882 10.030424809456 10.0197391430537 10.2454548756281 10.4711706082026 10.696886340777 10.9226020733515 11.148317805926 11.3740335385004 11.5315498352051 11.4844678243001 11.4373858133952 11.3903038024902 11.3432217915853 11.2961397806803 11.2490577697754 11.2019757588704 11.1589152097702 11.1171951479382 11.0754750861062 11.0337550242742 10.9920349624422 10.9503149006102 10.9085948387782 10.9068888823191 11.0252252419789 11.1435616016388 11.2618979612986
