data/working_set_collections/6091692-Cassins_Sparrow-MC/2000/bio9.asc
NCOLS 265 
NROWS 230 
XLLCORNER -115.5625 
YLLCORNER 24.8333333333333 
CELLSIZE 0.0833333333333333 
NODATA_value -9999 
[rows 0 to 19 of 230, columns 184 to 229 of 265]
-2.24068754414718 -2.31469667785698 -2.38870581156677 -2.47137901087602 -2.55694023205174 -2.64250145322746 -2.72806267440319 -2.81362389557891 -2.89918511675463 -2.98474633793037 -3.06927091479302 -3.15068555871645 -3.2321002026399 -3.31351484656334 -3.39492949048678 -3.47634413441023 -3.55775877833366 -3.6391734222571 -3.68745531439782 -3.72469295594428 -3.76193059749074 -3.7991682390372 -3.83640588058366 -3.87364352213012 -3.91088116367659 -3.97434519264431 -4.11648838387593 -4.25863157510757 -4.40077476633918 -4.54291795757079 -4.68506114880243 -4.82720434003405 -4.96934753126566 -5.05437416632971 -5.12036194933786 -5.186349732346 -5.25233751535416 -5.31832529836231 -5.38431308137046 -5.45030086437862 -5.50896722608143 -5.54566932386823 -5.58237142165503 -5.61907351944182 -5.65577561722862 -5.69247771501542
-2.09443399608135 -2.16343135138352 -2.2324287066857 -2.31236496269703 -2.39594751894473 -2.47953007519244 -2.56311263144016 -2.64669518768787 -2.73027774393558 -2.8138603001833 -2.89749045968055 -2.98126342892646 -3.06503639817238 -3.14880936741828 -3.23258233666419 -3.31635530591011 -3.40012827515602 -3.48390124440192 -3.53657639622689 -3.57888560891152 -3.62119482159615 -3.66350403428078 -3.70581324696541 -3.74812245965004 -3.79043167233467 -3.85568137566247 -3.98975255091982 -4.1238237261772 -4.25789490143456 -4.39196607669192 -4.5260372519493 -4.66010842720666 -4.79417960246402 -4.88010257482529 -4.94997614622116 -5.01984971761703 -5.08972328901291 -5.15959686040878 -5.22947043180465 -5.29934400320053 -5.36253654559454 -5.40568600098292 -5.44883545637131 -5.4919849117597 -5.53513436714808 -5.57828382253647
-1.94818044801554 -2.01216602491009 -2.07615160180463 -2.15335091451805 -2.23495480583774 -2.31655869715744 -2.39816258847714 -2.47976647979684 -2.56137037111653 -2.64297426243624 -2.7257100045681 -2.81184129913648 -2.89797259370487 -2.98410388827324 -3.07023518284162 -3.15636647741001 -3.24249777197838 -3.32862906654676 -3.38569747805597 -3.43307826187876 -3.48045904570156 -3.52783982952437 -3.57522061334717 -3.62260139716997 -3.66998218099277 -3.73701755868063 -3.86301671796373 -3.98901587724685 -4.11501503652996 -4.24101419581306 -4.36701335509618 -4.49301251437928 -4.61901167366239 -4.70583098332088 -4.77959034310448 -4.85334970288807 -4.92710906267167 -5.00086842245526 -5.07462778223886 -5.14838714202246 -5.21610586510765 -5.26570267809762 -5.31529949108761 -5.36489630407758 -5.41449311706755 -5.46408993005753
-1.80192689994972 -1.86090069843663 -1.91987449692355 -1.99433686633905 -2.07396209273073 -2.15358731912242 -2.23321254551411 -2.31283777190579 -2.39246299829748 -2.47208822468917 -2.55392954945564 -2.64241916934649 -2.73090878923734 -2.81939840912819 -2.90788802901903 -2.99637764890989 -3.08486726880073 -3.17335688869158 -3.23481855988503 -3.287270914846 -3.33972326980697 -3.39217562476795 -3.44462797972891 -3.49708033468988 -3.54953268965086 -3.61835374169878 -3.73628088500763 -3.85420802831649 -3.97213517162534 -4.09006231493418 -4.20798945824305 -4.3259166015519 -4.44384374486074 -4.53155939181646 -4.60920453998778 -4.68684968815909 -4.76449483633042 -4.84213998450173 -4.91978513267305 -4.99743028084437 -5.06967518462076 -5.12571935521232 -5.18176352580389 -5.23780769639545 -5.29385186698701 -5.34989603757859
-1.65567335188389 -1.70963537196318 -1.76359739204248 -1.83532281816006 -1.91296937962373 -1.9906159410874 -2.06826250255108 -2.14590906401475 -2.22355562547842 -2.3012021869421 -2.38214909434318 -2.47299703955649 -2.56384498476982 -2.65469292998313 -2.74554087519644 -2.83638882040977 -2.92723676562309 -3.0180847108364 -3.0839396417141 -3.14146356781324 -3.19898749391237 -3.25651142001152 -3.31403534611066 -3.3715592722098 -3.42908319830894 -3.49968992471693 -3.60954505205152 -3.71940017938613 -3.82925530672072 -3.93911043405531 -4.04896556138992 -4.15882068872451 -4.2686758160591 -4.35728780031204 -4.43881873687108 -4.52034967343012 -4.60188060998917 -4.6834115465482 -4.76494248310724 -4.84647341966629 -4.92324450413386 -4.98573603232701 -5.04822756052017 -5.11071908871332 -5.17321061690648 -5.23570214509964
-1.50941980381808 -1.55837004548975 -1.60732028716141 -1.67630876998108 -1.75197666651673 -1.82764456305239 -1.90331245958806 -1.97898035612372 -2.05464825265938 -2.13031614919505 -2.21036863923073 -2.30357490976651 -2.39678118030231 -2.48998745083809 -2.58319372137387 -2.67639999190967 -2.76960626244545 -2.86281253298123 -2.93306072354318 -2.99565622078049 -3.05825171801779 -3.12084721525511 -3.18344271249242 -3.24603820972972 -3.30863370696704 -3.3810261077351 -3.48280921909543 -3.58459233045578 -3.68637544181612 -3.78815855317645 -3.8899416645368 -3.99172477589713 -4.09350788725747 -4.18301620880764 -4.2684329337544 -4.35384965870115 -4.43926638364793 -4.52468310859468 -4.61009983354144 -4.69551655848822 -4.77681382364697 -4.84575270944172 -4.91469159523647 -4.98363048103121 -5.05256936682595 -5.1215082526207
-1.42451171676317 -1.46998301148414 -1.5154543062051 -1.58109909494717 -1.65346838169626 -1.72583766844536 -1.79820695519447 -1.87057624194356 -1.94294552869266 -2.01531481544176 -2.09190135697522 -2.18113966286181 -2.2703779687484 -2.35961627463499 -2.44885458052157 -2.53809288640817 -2.62733119229475 -2.71656949818133 -2.78784956435363 -2.85314355062114 -2.91843753688865 -2.98373152315617 -3.04902550942368 -3.11431949569119 -3.17961348195871 -3.25264346069759 -3.34888141685061 -3.44511937300364 -3.54135732915666 -3.63759528530968 -3.73383324146271 -3.83007119761573 -3.92630915376874 -4.01610854864121 -4.10376175642013 -4.19141496419906 -4.279068171978 -4.36672137975693 -4.45437458753585 -4.54202779531479 -4.62661047379176 -4.70198156436284 -4.77735265493393 -4.85272374550501 -4.92809483607609 -5.00346592664719
-1.40094909071922 -1.44447426994641 -1.4879994491736 -1.54969379305839 -1.61744452516237 -1.68519525726635 -1.75294598937034 -1.82069672147432 -1.8884474535783 -1.95619818568229 -2.0267472475767 -2.10569129884241 -2.18463535010814 -2.26357940137385 -2.34252345263957 -2.42146750390529 -2.50041155517101 -2.57935560643672 -2.64830616414547 -2.71392555733522 -2.77954495052496 -2.84516434371471 -2.91078373690446 -2.9764031300942 -3.04202252328396 -3.11454198360442 -3.20776164531706 -3.30098130702972 -3.39420096874236 -3.487420630455 -3.58064029216766 -3.6738599538803 -3.76707961559294 -3.85656481981277 -3.94480520486831 -4.03304558992385 -4.1212859749794 -4.20952636003494 -4.29776674509047 -4.38600713014602 -4.47263445456822 -4.55442259709039 -4.63621073961258 -4.71799888213475 -4.79978702465692 -4.8815751671791
-1.37738646467526 -1.41896552840868 -1.4605445921421 -1.51828849116961 -1.58142066862847 -1.64455284608734 -1.70768502354621 -1.77081720100508 -1.83394937846395 -1.89708155592282 -1.96159313817818 -2.03024293482303 -2.09889273146788 -2.16754252811273 -2.23619232475757 -2.30484212140243 -2.37349191804727 -2.44214171469212 -2.50876276393732 -2.5747075640493 -2.64065236416128 -2.70659716427327 -2.77254196438525 -2.83848676449723 -2.90443156460922 -2.97644050651126 -3.06664187378353 -3.15684324105581 -3.24704460832808 -3.33724597560034 -3.42744734287263 -3.51764871014489 -3.60785007741716 -3.69702109098435 -3.7858486533165 -3.87467621564865 -3.96350377798081 -4.05233134031296 -4.14115890264511 -4.22998646497727 -4.3186584353447 -4.40686362981796 -4.49506882429123 -4.58327401876449 -4.67147921323776 -4.75968440771103
-1.35382383863131 -1.39345678687095 -1.43308973511059 -1.48688318928082 -1.54539681209457 -1.60391043490832 -1.66242405772209 -1.72093768053584 -1.77945130334959 -1.83796492616335 -1.89643902877966 -1.95479457080363 -2.01315011282762 -2.07150565485159 -2.12986119687557 -2.18821673889955 -2.24657228092353 -2.3049278229475 -2.36921936372916 -2.43548957076338 -2.50175977779759 -2.56802998483181 -2.63430019186603 -2.70057039890024 -2.76684060593447 -2.83833902941809 -2.92552210224998 -3.01270517508189 -3.09988824791378 -3.18707132074567 -3.27425439357758 -3.36143746640947 -3.44862053924136 -3.53747736215592 -3.62689210176468 -3.71630684137344 -3.80572158098221 -3.89513632059097 -3.98455106019973 -4.0739657998085 -4.16468241612116 -4.25930466254551 -4.35392690896988 -4.44854915539423 -4.54317140181858 -4.63779364824295
-1.33026121258735 -1.36794804533322 -1.40563487807909 -1.45547788739204 -1.50937295556067 -1.56326802372931 -1.61716309189796 -1.6710581600666 -1.72495322823523 -1.77884829640388 -1.83128491938114 -1.87934620678424 -1.92740749418735 -1.97546878159046 -2.02353006899356 -2.07159135639668 -2.11965264379978 -2.16771393120289 -2.229675963521 -2.29627157747745 -2.3628671914339 -2.42946280539036 -2.49605841934681 -2.56265403330325 -2.62924964725971 -2.70023755232492 -2.78440233071644 -2.86856710910797 -2.95273188749949 -3.036896665891 -3.12106144428253 -3.20522622267405 -3.28939100106556 -3.37793363332748 -3.46793555021285 -3.55793746709822 -3.64793938398361 -3.73794130086898 -3.82794321775435 -3.91794513463974 -4.01070639689762 -4.11174569527306 -4.21278499364852 -4.31382429202396 -4.41486359039941 -4.51590288877487
-1.3066985865434 -1.34243930379549 -1.37818002104759 -1.42407258550326 -1.47334909902678 -1.5226256125503 -1.57190212607384 -1.62117863959736 -1.67045515312088 -1.71973166664441 -1.76613080998262 -1.80389784276485 -1.8416648755471 -1.87943190832933 -1.91719894111157 -1.95496597389381 -1.99273300667605 -2.03050003945828 -2.09013256331286 -2.15705358419154 -2.22397460507022 -2.29089562594891 -2.3578166468276 -2.42473766770628 -2.49165868858497 -2.56213607523177 -2.64328255918291 -2.72442904313406 -2.8055755270852 -2.88672201103634 -2.9678684949875 -3.04901497893864 -3.13016146288978 -3.21838990449906 -3.30897899866104 -3.39956809282303 -3.49015718698502 -3.580746281147 -3.67133537530899 -3.76192446947098 -3.8567303776741 -3.96418672800063 -4.07164307832718 -4.17909942865371 -4.28655577898024 -4.39401212930679
-1.26426262110472 -1.2988351939453 -1.33340776678588 -1.37716693977515 -1.42398831281397 -1.47080968585279 -1.51763105889161 -1.56445243193043 -1.61127380496925 -1.65809517800808 -1.70149349603388 -1.73462264902062 -1.76775180200736 -1.8008809549941 -1.83401010798083 -1.86713926096757 -1.90026841395431 -1.93339756694105 -1.99039200246334 -2.05534153216414 -2.12029106186495 -2.18524059156576 -2.25019012126657 -2.31513965096738 -2.38008918066819 -2.44916041460301 -2.53059676123989 -2.61203310787677 -2.69346945451365 -2.77490580115052 -2.85634214778741 -2.93777849442428 -3.01921484106115 -3.10523074467976 -3.19277316729227 -3.28031558990477 -3.36785801251729 -3.45540043512979 -3.5429428577423 -3.63048528035482 -3.72328761021295 -3.831869661808 -3.94045171340306 -4.04903376499811 -4.15761581659315 -4.26619786818822
-1.2029533162713 -1.23713571578264 -1.27131811529398 -1.31476095020771 -1.36129059692223 -1.40782024363676 -1.45434989035129 -1.50087953706582 -1.54740918378034 -1.59393883049488 -1.63737297753493 -1.67152062555154 -1.70566827356815 -1.73981592158476 -1.77396356960137 -1.80811121761799 -1.8422588656346 -1.87640651365121 -1.93045428097248 -1.99113542139529 -2.05181656181811 -2.11249770224094 -2.17317884266376 -2.23385998308658 -2.2945411235094 -2.36131057043869 -2.44634493688741 -2.53137930333614 -2.61641366978485 -2.70144803623357 -2.7864824026823 -2.87151676913101 -2.95655113557973 -3.03845615386962 -3.11931805610656 -3.20017995834349 -3.28104186058044 -3.36190376281737 -3.44276566505431 -3.52362756729126 -3.6103780945142 -3.71479449669518 -3.81921089887618 -3.92362730105717 -4.02804370323815 -4.13246010541915
-1.1416440114379 -1.17543623761998 -1.20922846380207 -1.25235496064027 -1.29859288103051 -1.34483080142074 -1.39106872181098 -1.43730664220121 -1.48354456259144 -1.52978248298168 -1.57325245903598 -1.60841860208246 -1.64358474512895 -1.67875088817544 -1.71391703122192 -1.74908317426841 -1.78424931731489 -1.81941546036137 -1.87051655948162 -1.92692931062645 -1.98334206177128 -2.03975481291612 -2.09616756406095 -2.15258031520578 -2.20899306635062 -2.27346072627438 -2.36209311253493 -2.45072549879551 -2.53935788505606 -2.62799027131662 -2.71662265757719 -2.80525504383775 -2.89388743009831 -2.97168156305949 -3.04586294492085 -3.12004432678222 -3.1942257086436 -3.26840709050496 -3.34258847236633 -3.4167698542277 -3.49746857881545 -3.59771933158238 -3.69797008434931 -3.79822083711624 -3.89847158988316 -3.9987223426501
-1.08033470660448 -1.11373675945732 -1.14713881231016 -1.18994897107283 -1.23589516513877 -1.28184135920471 -1.32778755327066 -1.3737337473366 -1.41967994140254 -1.46562613546848 -1.50913194053703 -1.54531657861338 -1.58150121668975 -1.6176858547661 -1.65387049284246 -1.69005513091882 -1.72623976899518 -1.76242440707153 -1.81057883799076 -1.8627231998576 -1.91486756172444 -1.9670119235913 -2.01915628545814 -2.07130064732498 -2.12344500919183 -2.18561088211005 -2.27784128818245 -2.37007169425487 -2.46230210032727 -2.55453250639967 -2.64676291247208 -2.73899331854448 -2.83122372461688 -2.90490697224935 -2.97240783373514 -3.03990869522094 -3.10740955670675 -3.17491041819254 -3.24241127967834 -3.30991214116415 -3.3845590631167 -3.48064416646956 -3.57672926982244 -3.6728143731753 -3.76889947652815 -3.86498457988103
-1.01902540177107 -1.05203728129466 -1.08504916081825 -1.12754298150539 -1.17319744924704 -1.21885191698868 -1.26450638473034 -1.31016085247198 -1.35581532021363 -1.40146978795528 -1.44501142203808 -1.4822145551443 -1.51941768825054 -1.55662082135677 -1.593823954463 -1.63102708756924 -1.66823022067546 -1.70543335378169 -1.7506411164999 -1.79851708908875 -1.84639306167761 -1.89426903426647 -1.94214500685532 -1.99002097944418 -2.03789695203304 -2.09776103794573 -2.19358946382997 -2.28941788971423 -2.38524631559847 -2.48107474148271 -2.57690316736697 -2.67273159325121 -2.76856001913545 -2.8381323814392 -2.89895272254943 -2.95977306365966 -3.0205934047699 -3.08141374588012 -3.14223408699035 -3.20305442810059 -3.27164954741795 -3.36356900135674 -3.45548845529556 -3.54740790923435 -3.63932736317315 -3.73124681711196
-0.95771609693766 -0.990337803132006 -1.02295950932635 -1.06513699193796 -1.11049973335531 -1.15586247477266 -1.20122521619002 -1.24658795760737 -1.29195069902473 -1.33731344044209 -1.38089090353913 -1.41911253167523 -1.45733415981134 -1.49555578794744 -1.53377741608355 -1.57199904421965 -1.61022067235576 -1.64844230049186 -1.69070339500904 -1.73431097831991 -1.77791856163078 -1.82152614494165 -1.86513372825252 -1.90874131156339 -1.95234889487426 -2.00991119378142 -2.1093376394775 -2.2087640851736 -2.30819053086968 -2.40761697656577 -2.50704342226187 -2.60646986795795 -2.70589631365403 -2.77135779062907 -2.82549761136373 -2.87963743209838 -2.93377725283305 -2.98791707356771 -3.04205689430237 -3.09619671503703 -3.1587400317192 -3.24649383624394 -3.33424764076869 -3.42200144529342 -3.50975524981816 -3.59750905434291
-0.899663230528435 -0.931899680445591 -0.964136130362746 -1.00661148379246 -1.05249980505969 -1.09838812632692 -1.14427644759416 -1.19016476886139 -1.23605309012863 -1.28194141139587 -1.32638473974333 -1.36649308933151 -1.4066014389197 -1.44670978850788 -1.48681813809606 -1.52692648768425 -1.56703483727243 -1.60714318686061 -1.64867852926254 -1.69068953593571 -1.73270054260889 -1.77471154928207 -1.81672255595524 -1.85873356262842 -1.9007445693016 -1.95657269292406 -2.0538521673944 -2.15113164186476 -2.24841111633511 -2.34569059080546 -2.44297006527582 -2.54024953974616 -2.63752901421651 -2.70021223425865 -2.75136336949136 -2.80251450472407 -2.85366563995679 -2.9048167751895 -2.95596791042221 -3.00711904565493 -3.06608276565869 -3.1484842399756 -3.23088571429252 -3.31328718860943 -3.39568866292634 -3.47809013724327
-0.844866802543401 -0.876722913235424 -0.908579023927446 -0.951966457068917 -0.999197664360199 -1.04642887165148 -1.09366007894277 -1.14089128623405 -1.18812249352534 -1.23535370081663 -1.28149293065071 -1.32435622811317 -1.36721952557563 -1.41008282303809 -1.45294612050056 -1.49580941796302 -1.53867271542548 -1.58153601288794 -1.6245665192604 -1.66765276193618 -1.71073900461196 -1.75382524728774 -1.79691148996352 -1.8399977326393 -1.88308397531509 -1.93774553537367 -2.0271330475807 -2.11652055978774 -2.20590807199476 -2.29529558420179 -2.38468309640883 -2.47407060861586 -2.56345812082289 -2.62469571232795 -2.67654999693234 -2.72840428153673 -2.78025856614113 -2.83211285074551 -2.8839671353499 -2.9358214199543 -2.99367774923641 -3.06954021255174 -3.14540267586708 -3.2212651391824 -3.29712760249772 -3.37299006581306
