data/working_set_collections/6091692-Cassins_Sparrow-MC/2000/bio9.asc
NCOLS 265 
NROWS 230 
XLLCORNER -115.5625 
YLLCORNER 24.8333333333333 
CELLSIZE 0.0833333333333333 
NODATA_value -9999 
[rows 80 to 99 of 230, columns 184 to 229 of 265]
3.88474031488099 3.96702609790694 4.0493118809329 4.10690765579541 4.15627342793675 4.2056392000781 4.25500497221945 4.3043707443608 4.35373651650214 4.40310228864349 4.43402052455477 4.40959615177577 4.38517177899677 4.36074740621777 4.33632303343878 4.31189866065977 4.28747428788078 4.26304991510178 4.25795763929683 4.25930939581657 4.26066115233631 4.26201290885605 4.2633646653758 4.26471642189554 4.26606817841528 4.26479940878019 4.25566906068059 4.24653871258098 4.23740836448138 4.22827801638178 4.21914766828218 4.21001732018257 4.20088697208297 4.18495027422904 4.16674479312366 4.14853931201828 4.1303338309129 4.11212834980752 4.09392286870214 4.07571738759675 4.06088050802547 4.0561494330565 4.05141835808752 4.04668728311855 4.04195620814958 4.0372251331806
3.894108881553 3.95301232404178 4.01191576653055 4.08273002902666 4.15751456485853 4.23229910069039 4.30708363652227 4.38186817235414 4.45665270818601 4.53143724401789 4.5811110443539 4.55545263820223 4.52979423205057 4.5041358258989 4.47847741974724 4.45281901359557 4.42716060744391 4.40150220129224 4.39547809163728 4.39599874748122 4.39651940332517 4.39704005916912 4.39756071501306 4.39808137085701 4.39860202670096 4.39586925837727 4.38337621755069 4.3708831767241 4.35839013589752 4.34589709507094 4.33340405424435 4.32091101341776 4.30841797259118 4.29122005105018 4.2724538359377 4.25368762082523 4.23492140571275 4.21615519060028 4.19738897548781 4.17862276037533 4.16378096143404 4.16071241100628 4.15764386057853 4.15457531015077 4.15150675972302 4.14843820929526
3.90347744822501 3.93899855017662 3.97451965212822 4.05855240225791 4.1587557017803 4.25895900130269 4.35916230082509 4.45936560034748 4.55956889986987 4.65977219939228 4.72820156415302 4.70130912462869 4.67441668510435 4.64752424558002 4.62063180605569 4.59373936653135 4.56684692700702 4.53995448748269 4.53299854397771 4.53268809914587 4.53237765431402 4.53206720948217 4.53175676465032 4.53144631981847 4.53113587498663 4.52693910797435 4.51108337442078 4.49522764086721 4.47937190731365 4.46351617376008 4.44766044020651 4.43180470665294 4.41594897309938 4.39748982787131 4.37816287875174 4.35883592963217 4.3395089805126 4.32018203139304 4.30085508227347 4.2815281331539 4.26668141484259 4.26527538895605 4.26386936306952 4.26246333718298 4.26105731129644 4.25965128540991
3.91284601489702 3.92498477631145 3.93712353772587 4.03437477548915 4.15999683870207 4.28561890191498 4.41124096512792 4.53686302834083 4.66248509155374 4.78810715476668 4.87529208395215 4.84716561105515 4.81903913815815 4.79091266526115 4.76278619236415 4.73465971946715 4.70653324657015 4.67840677367315 4.67051899631816 4.66937745081052 4.66823590530288 4.66709435979523 4.66595281428759 4.66481126877995 4.6636697232723 4.65800895757144 4.63879053129089 4.61957210501034 4.60035367872979 4.58113525244924 4.56191682616868 4.54269839988813 4.52347997360758 4.50375960469245 4.48387192156579 4.46398423843913 4.44409655531246 4.4242088721858 4.40432118905914 4.38443350593248 4.36958186825115 4.36983836690583 4.37009486556052 4.3703513642152 4.37060786286988 4.37086436152457
3.93548921744028 3.93503439426422 3.93457957108815 4.0400861918926 4.1809132940239 4.32174039615521 4.46256749828654 4.60339460041784 4.74422170254915 4.88504880468047 4.98402501742045 4.95744856198629 4.93087210655212 4.90429565111796 4.8777191956838 4.85114274024963 4.82456628481547 4.7979898293813 4.78853617509205 4.78479012118445 4.78104406727684 4.77729801336923 4.77355195946163 4.76980590555402 4.76605985164641 4.75422636667887 4.7181305885315 4.68203481038412 4.64593903223675 4.60984325408937 4.57374747594199 4.53765169779462 4.50155591964724 4.47915802796684 4.4613260984421 4.44349416891736 4.42566223939262 4.40783030986788 4.38999838034314 4.3721664508184 4.35873091287085 4.35848454965487 4.35823818643889 4.35799182322292 4.35774546000694 4.35749909679097
3.97140705585479 3.96914740403493 3.96688775221506 4.07568665146825 4.2215050677458 4.36732348402336 4.51314190030095 4.6589603165785 4.80477873285606 4.95059714913365 5.0544003645579 5.03215797742207 5.00991559028625 4.98767320315042 4.9654308160146 4.94318842887877 4.92094604174295 4.89870365460713 4.88705008029936 4.87892611026763 4.87080214023589 4.86267817020415 4.85455420017241 4.84643023014068 4.83830626010894 4.81559133529664 4.74910354614259 4.68261575698854 4.61612796783449 4.54964017868045 4.48315238952639 4.41666460037235 4.35017681121831 4.32368509769443 4.31052540938062 4.29736572106682 4.28420603275302 4.27104634443922 4.25788665612541 4.24472696781161 4.23412854870163 4.23121393720311 4.2282993257046 4.22538471420608 4.22247010270757 4.21955549120905
4.0073248942693 4.00326041380564 3.99919593334198 4.1112871110439 4.26209684146771 4.41290657189152 4.56371630231536 4.71452603273917 4.86533576316299 5.01614549358682 5.12477571169535 5.10686739285786 5.08895907402038 5.07105075518289 5.05314243634541 5.03523411750792 5.01732579867044 4.99941747983296 4.98556398550668 4.97306209935081 4.96056021319494 4.94805832703907 4.9355564408832 4.92305455472733 4.91055266857146 4.8769563039144 4.78007650375369 4.68319670359295 4.58631690343224 4.48943710327152 4.39255730311079 4.29567750295007 4.19879770278936 4.168212167422 4.15972472031914 4.15123727321627 4.1427498261134 4.13426237901054 4.12577493190767 4.11728748480481 4.1095261845324 4.10394332475134 4.09836046497029 4.09277760518924 4.08719474540819 4.08161188562713
4.04324273268381 4.03737342357635 4.03150411446889 4.14688757061955 4.30268861518962 4.45848965975968 4.61429070432978 4.77009174889984 4.92589279346991 5.08169383804 5.1951510588328 5.18157680829366 5.16800255775451 5.15442830721537 5.14085405667622 5.12727980613708 5.11370555559793 5.10013130505879 5.084077890714 5.067198088434 5.050318286154 5.033438483874 5.016558681594 4.99967887931399 4.98279907703399 4.93832127253217 4.81104946136478 4.68377765019737 4.55650583902998 4.42923402786259 4.30196221669518 4.17469040552779 4.0474185943604 4.01273923714957 4.00892403125765 4.00510882536572 4.00129361947379 3.99747841358186 3.99366320768994 3.98984800179801 3.98492382036317 3.97667271229958 3.96842160423598 3.96017049617239 3.9519193881088 3.94366828004521
4.07916057109832 4.07148643334706 4.0638122955958 4.1824880301952 4.34328038891152 4.50407274762784 4.66486510634419 4.8256574650605 4.98644982377682 5.14724218249317 5.26552640597025 5.25628622372944 5.24704604148863 5.23780585924783 5.22856567700703 5.21932549476622 5.21008531252542 5.20084513028461 5.18259179592131 5.16133407751718 5.14007635911305 5.11881864070891 5.09756092230478 5.07630320390065 5.05504548549651 4.99968624114993 4.84202241897587 4.68435859680178 4.52669477462773 4.36903095245367 4.21136713027958 4.05370330810552 3.89603948593147 3.85726630687716 3.85812334219617 3.85898037751518 3.85983741283419 3.8606944481532 3.86155148347221 3.86240851879122 3.86032145619395 3.84940209984782 3.83848274350169 3.82756338715556 3.81664403080943 3.8057246744633
4.11507840951283 4.10559944311777 4.09612047672272 4.21808848977086 4.38387216263343 4.549655835496 4.7154395083586 4.88122318122117 5.04700685408375 5.21279052694635 5.3359017531077 5.33099563916523 5.32608952522277 5.3211834112803 5.31627729733784 5.31137118339537 5.30646506945291 5.30155895551044 5.28110570112863 5.25547006660037 5.2298344320721 5.20419879754384 5.17856316301557 5.15292752848731 5.12729189395904 5.06105120976769 4.87299537658696 4.6849395434062 4.49688371022547 4.30882787704474 4.12077204386398 3.93271621068325 3.74466037750252 3.70179337660474 3.70732265313468 3.71285192966463 3.71838120619458 3.72391048272453 3.72943975925447 3.73496903578442 3.73571909202472 3.72213148739605 3.70854388276738 3.69495627813871 3.68136867351005 3.66778106888137
4.16954924662907 4.157236331039 4.14492341544893 4.25564471085863 4.40737740993496 4.55911010901129 4.71084280808765 4.86257550716398 5.01430820624031 5.16604090531666 5.27878874142967 5.27458198865257 5.27037523587547 5.26616848309837 5.26196173032127 5.25775497754417 5.25354822476707 5.24934147198997 5.23096968730293 5.20787622531258 5.18478276332222 5.16168930133186 5.1385958393415 5.11550237735115 5.09240891536079 5.02832192579911 4.84125435352332 4.6541867812475 4.4671192089717 4.28005163669591 4.09298406442009 3.9059164921443 3.71884891986851 3.67757662932077 3.68490276601578 3.69222890271079 3.69955503940581 3.70688117610082 3.71420731279584 3.72153344949085 3.72332576447062 3.70851661430464 3.69370746413866 3.67889831397268 3.6640891638067 3.64928001364071
4.24257308244704 4.22639709711074 4.21022111177444 4.29515669345853 4.41379613081611 4.5324355681737 4.6510750055313 4.76971444288888 4.88835388024647 5.00699331760407 5.09418737093611 5.0870452721914 5.07990317344669 5.07276107470198 5.06561897595727 5.05847687721256 5.05133477846785 5.04419267972314 5.03218375444416 5.01855255365375 5.00492135286335 4.99129015207294 4.97765895128253 4.96402775049213 4.95039654970172 4.90149838924414 4.74679934978491 4.59210031032566 4.43740127086643 4.28270223140721 4.12800319194796 3.97330415248873 3.81860511302951 3.78461606502531 3.79086368083952 3.79711129665373 3.80335891246794 3.80960652828215 3.81585414409636 3.82210175991057 3.82314147353171 3.80855748057364 3.79397348761557 3.7793894946575 3.76480550169943 3.75022150874136
4.31559691826502 4.29555786318249 4.27551880809995 4.33466867605843 4.42021485169727 4.5057610273361 4.59130720297495 4.67685337861378 4.76239955425262 4.84794572989147 4.90958600044253 4.89950855573021 4.88943111101789 4.87935366630557 4.86927622159325 4.85919877688093 4.84912133216861 4.83904388745629 4.83339782158537 4.82922888199491 4.82505994240446 4.820891002814 4.81672206322354 4.81255312363309 4.80838418404263 4.77467485268915 4.6523443460465 4.53001383940382 4.40768333276116 4.2853528261185 4.16302231947583 4.04069181283317 3.91836130619051 3.89165550072986 3.89682459566327 3.90199369059667 3.90716278553007 3.91233188046348 3.91750097539688 3.92267007033029 3.9229571825928 3.90859834684265 3.89423951109249 3.87988067534234 3.86552183959218 3.85116300384202
4.38862075408299 4.36471862925423 4.34081650442547 4.37418065865833 4.42663357257842 4.4790864864985 4.5315394004186 4.58399231433868 4.63644522825877 4.68889814217886 4.72498462994896 4.71197183926903 4.69895904858909 4.68594625790916 4.67293346722923 4.6599206765493 4.64690788586937 4.63389509518944 4.63461188872657 4.63990521033607 4.64519853194557 4.65049185355506 4.65578517516456 4.66107849677405 4.66637181838355 4.64785131613417 4.55788934230808 4.46792736848198 4.37796539465589 4.2880034208298 4.19804144700369 4.10807947317761 4.01811749935151 3.99869493643442 4.00278551048701 4.00687608453961 4.01096665859221 4.01505723264481 4.01914780669741 4.02323838075001 4.0227728916539 4.00863921311166 3.99450553456941 3.98037185602717 3.96623817748493 3.95210449894268
4.46164458990096 4.43387939532597 4.40611420075098 4.41369264125823 4.43305229345957 4.45241194566091 4.47177159786225 4.49113125006359 4.51049090226493 4.52985055446627 4.5403832594554 4.52443512280786 4.50848698616031 4.49253884951277 4.47659071286523 4.46064257621769 4.44469443957015 4.42874630292261 4.4358259558678 4.45058153867724 4.46533712148669 4.48009270429614 4.49484828710558 4.50960386991503 4.52435945272448 4.5210277795792 4.46343433856967 4.40584089756014 4.34824745655062 4.29065401554109 4.23306057453156 4.17546713352204 4.11787369251251 4.10573437213896 4.10874642531075 4.11175847848255 4.11477053165434 4.11778258482613 4.12079463799793 4.12380669116972 4.12258860071499 4.10868007938066 4.09477155804633 4.080863036712 4.06695451537767 4.05304599404334
4.53466842571894 4.50304016139772 4.4714118970765 4.45320462385813 4.43947101434072 4.42573740482331 4.4120037953059 4.39827018578849 4.38453657627108 4.37080296675367 4.35578188896182 4.33689840634667 4.31801492373152 4.29913144111636 4.28024795850121 4.26136447588606 4.24248099327091 4.22359751065575 4.23704002300901 4.2612578670184 4.2854757110278 4.3096935550372 4.3339113990466 4.35812924305599 4.3823470870654 4.39420424302421 4.36897933483126 4.3437544266383 4.31852951844534 4.29330461025239 4.26807970205943 4.24285479386647 4.21762988567352 4.21277380784351 4.2147073401345 4.21664087242549 4.21857440471648 4.22050793700746 4.22244146929845 4.22437500158944 4.22240430977608 4.20872094564967 4.19503758152325 4.18135421739683 4.16767085327041 4.153987489144
4.60217618147532 4.57100307941437 4.53982997735341 4.51023242870966 4.48116006453832 4.45208770036697 4.42301533619562 4.39394297202428 4.36487060785293 4.33579824368158 4.30852787759568 4.28666350576612 4.26479913393656 4.242934762107 4.22107039027744 4.19920601844787 4.17734164661831 4.15547727478875 4.17004791895547 4.19676356845431 4.22347921795314 4.25019486745197 4.27691051695081 4.30362616644964 4.33034181594848 4.34863983392715 4.34168495734532 4.3347300807635 4.32777520418167 4.32082032759984 4.31386545101801 4.30691057443618 4.29995569785435 4.29997836351394 4.30232687658733 4.30467538966072 4.30702390273411 4.3093724158075 4.31172092888089 4.31406944195429 4.31268985668817 4.30012597640355 4.28756209611892 4.27499821583429 4.26243433554967 4.24987045526504
4.6641678571701 4.63776814937591 4.61136844158172 4.58477605581283 4.55811944405237 4.53146283229191 4.50480622053145 4.478149608771 4.45149299701054 4.42483638525008 4.39862122535705 4.37373042106628 4.3488396167755 4.32394881248473 4.29905800819396 4.27416720390319 4.24927639961242 4.22438559532165 4.23484964370726 4.25709864298501 4.27934764226276 4.30159664154051 4.32384564081826 4.34609464009601 4.36834363937377 4.38433455228805 4.3815512061119 4.37876785993575 4.37598451375961 4.37320116758346 4.37041782140731 4.36763447523116 4.36485112905501 4.36734803915023 4.37160503466923 4.37586203018823 4.38011902570723 4.38437602122623 4.38863301674523 4.39289001226424 4.39344524145125 4.38289517164229 4.37234510183333 4.36179503202437 4.35124496221541 4.34069489240645
4.72615953286488 4.70453321933746 4.68290690581003 4.659319682916 4.63507882356643 4.61083796421686 4.58659710486729 4.56235624551772 4.53811538616816 4.51387452681858 4.48871457311842 4.46079733636644 4.43288009961445 4.40496286286248 4.3770456261105 4.34912838935851 4.32121115260654 4.29329391585456 4.29965136845905 4.31743371751572 4.33521606657239 4.35299841562906 4.37078076468573 4.38856311374239 4.40634546279906 4.42002927064895 4.42141745487848 4.42280563910802 4.42419382333755 4.42558200756708 4.42697019179661 4.42835837602614 4.42974656025568 4.43471771478652 4.44088319275113 4.44704867071574 4.45321414868036 4.45937962664497 4.46554510460958 4.4717105825742 4.47420062621434 4.46566436688104 4.45712810754775 4.44859184821446 4.44005558888117 4.43151932954787
4.78815120855967 4.77129828929901 4.75444537003835 4.73386331001917 4.71203820308049 4.69021309614181 4.66838798920313 4.64656288226445 4.62473777532577 4.60291266838709 4.57880792087978 4.5478642516666 4.51692058245341 4.48597691324022 4.45503324402703 4.42408957481384 4.39314590560065 4.36220223638747 4.36445309321085 4.37776879204643 4.39108449088202 4.4044001897176 4.41771588855319 4.43103158738877 4.44434728622436 4.45572398900985 4.46128370364506 4.46684341828028 4.47240313291549 4.4779628475507 4.48352256218592 4.48908227682113 4.49464199145634 4.50208739042281 4.51016135083304 4.51823531124326 4.52630927165348 4.53438323206371 4.54245719247393 4.55053115288416 4.55495601097742 4.54843356211979 4.54191111326217 4.53538866440454 4.52886621554692 4.52234376668929
