resources/Exp000_Example-Run/Run01_M2/TimeSeries/1990/selection_set/evpsoil_avg.asc
NCOLS 265 
NROWS 230 
XLLCORNER -115.5625 
YLLCORNER 24.8333333333333 
CELLSIZE 0.0833333333333333 
NODATA_value -9999 
[rows 140 to 159 of 230, columns 46 to 91 of 265]
28.7148628234863 29.1568069458008 29.5987529754639 30.0406970977783 30.4826412200928 30.9245853424072 30.8127670288086 30.5163593292236 30.2199535369873 29.9235458374023 29.627140045166 29.3307342529297 29.0343265533447 28.776029586792 28.6320571899414 28.4880867004395 28.3441143035889 28.2001419067383 28.0561714172363 27.9121990203857 27.7682285308838 27.5500469207764 27.30712890625 27.0642108917236 26.8212928771973 26.5783767700195 26.3354587554932 26.0925407409668 25.8844604492188 25.7808933258057 25.6773262023926 25.5737590789795 25.4701919555664 25.3666248321533 25.2630577087402 25.1594905853271 25.0500755310059 24.9387092590332 24.8273429870605 24.7159786224365 24.6046123504639 24.4932479858398 24.3818817138672 24.2541561126709 24.0773468017578 23.9005374908447
29.0498752593994 29.4080619812012 29.7662506103516 30.1244373321533 30.4826240539551 30.8408107757568 30.7300910949707 30.4630661010742 30.1960430145264 29.9290199279785 29.661994934082 29.3949718475342 29.1279487609863 28.8817157745361 28.6978588104248 28.5139999389648 28.3301429748535 28.1462860107422 27.9624271392822 27.7785701751709 27.5947132110596 27.3721790313721 27.136754989624 26.9013290405273 26.6659049987793 26.4304809570312 26.1950550079346 25.9596309661865 25.7478809356689 25.6071605682373 25.466438293457 25.3257179260254 25.1849956512451 25.0442752838135 24.9035530090332 24.7628307342529 24.625940322876 24.4903259277344 24.3547096252441 24.2190952301025 24.0834808349609 23.9478664398193 23.8122520446777 23.6736488342285 23.5260829925537 23.3785171508789
29.3848876953125 29.6593170166016 29.9337482452393 30.2081775665283 30.4826068878174 30.7570381164551 30.6474151611328 30.4097728729248 30.1721324920654 29.9344921112061 29.696849822998 29.4592094421387 29.2215690612793 28.9874019622803 28.7636585235596 28.5399150848389 28.3161716461182 28.0924282073975 27.8686847686768 27.6449413299561 27.4211978912354 27.1943130493164 26.966381072998 26.7384490966797 26.5105171203613 26.282585144043 26.0546531677246 25.8267211914062 25.6113033294678 25.4334278106689 25.2555503845215 25.0776748657227 24.8997993469238 24.721923828125 24.5440483093262 24.3661727905273 24.2018051147461 24.0419406890869 23.8820781707764 23.7222137451172 23.562349319458 23.4024848937988 23.2426204681396 23.0931415557861 22.9748191833496 22.8564968109131
29.7199001312256 29.910572052002 30.101245880127 30.2919178009033 30.4825916290283 30.6732635498047 30.5647392272949 30.3564796447754 30.1482219696045 29.9399642944336 29.7317066192627 29.5234489440918 29.3151893615723 29.0930881500244 28.829460144043 28.5658302307129 28.3022003173828 28.0385704040527 27.7749404907227 27.5113105773926 27.2476806640625 27.0164451599121 26.7960052490234 26.5755672454834 26.3551273345947 26.1346893310547 25.914249420166 25.693811416626 25.474723815918 25.259693145752 25.0446643829346 24.8296337127686 24.6146030426025 24.3995742797852 24.1845436096191 23.9695129394531 23.7776699066162 23.5935573577881 23.40944480896 23.2253303527832 23.0412178039551 22.8571033477783 22.6729907989502 22.5126361846924 22.4235553741455 22.3344764709473
29.9661674499512 30.1115455627441 30.2569255828857 30.4023036956787 30.5476818084717 30.6930618286133 30.594388961792 30.4143657684326 30.2343425750732 30.0543212890625 29.8742980957031 29.6942749023438 29.5142517089844 29.3068256378174 29.0171890258789 28.7275505065918 28.4379138946533 28.1482772827148 27.8586406707764 27.5690021514893 27.2793655395508 27.043384552002 26.825288772583 26.6071929931641 26.3890972137451 26.1710014343262 25.9529056549072 25.7348098754883 25.5104541778564 25.2673187255859 25.0241851806641 24.7810497283936 24.537914276123 24.2947807312012 24.0516452789307 23.8085117340088 23.5922718048096 23.3849964141846 23.1777210235596 22.9704437255859 22.7631683349609 22.5558929443359 22.3486175537109 22.1748065948486 22.1013870239258 22.0279655456543
30.1236915588379 30.2622394561768 30.4007873535156 30.5393352508545 30.6778831481934 30.8164310455322 30.7363662719727 30.5834312438965 30.4304962158203 30.2775611877441 30.124626159668 29.9716911315918 29.8187561035156 29.6286125183105 29.326847076416 29.0250797271729 28.7233142852783 28.4215469360352 28.1197814941406 27.8180160522461 27.5162487030029 27.2751312255859 27.0542278289795 26.8333263397217 26.6124229431152 26.3915214538574 26.170618057251 25.9497165679932 25.7184925079346 25.4563026428223 25.19411277771 24.9319248199463 24.669734954834 24.4075450897217 24.145357131958 23.8831672668457 23.6456069946289 23.4162559509277 23.1869049072266 22.9575538635254 22.7282047271729 22.4988536834717 22.2695026397705 22.0796527862549 22.0083103179932 21.9369678497314
30.2812175750732 30.4129333496094 30.5446491241455 30.6763668060303 30.8080825805664 30.9397983551025 30.8783435821533 30.7524948120117 30.6266479492188 30.5008010864258 30.3749523162842 30.2491054534912 30.1232585906982 29.9503993988037 29.6365032196045 29.3226089477539 29.0087127685547 28.6948184967041 28.3809242248535 28.0670280456543 27.7531337738037 27.5068778991699 27.2831687927246 27.0594596862793 26.835750579834 26.6120414733887 26.3883323669434 26.164623260498 25.9265308380127 25.6452865600586 25.3640422821045 25.0827980041504 24.8015537261963 24.5203113555908 24.2390670776367 23.9578227996826 23.6989421844482 23.4475154876709 23.1960906982422 22.9446640014648 22.6932392120361 22.4418125152588 22.1903877258301 21.9845008850098 21.9152355194092 21.8459701538086
30.43874168396 30.563627243042 30.688512802124 30.8133983612061 30.9382820129395 31.0631675720215 31.0203189849854 30.9215602874756 30.8227996826172 30.7240409851074 30.625280380249 30.5265216827393 30.4277610778809 30.2721862792969 29.9461612701416 29.620138168335 29.2941131591797 28.968090057373 28.6420650482178 28.3160400390625 27.9900169372559 27.7386245727539 27.5121078491211 27.2855930328369 27.0590763092041 26.8325614929199 26.6060447692871 26.3795299530029 26.1345691680908 25.8342704772949 25.533971786499 25.2336730957031 24.9333744049072 24.6330757141113 24.3327770233154 24.0324783325195 23.7522773742676 23.4787769317627 23.2052764892578 22.9317741394043 22.6582736968994 22.3847732543945 22.111270904541 21.8893489837646 21.8221607208252 21.7549724578857
30.5962657928467 30.7143211364746 30.8323745727539 30.9504280090332 31.0684833526611 31.1865367889404 31.162296295166 31.0906238555908 31.0189533233643 30.9472808837891 30.8756084442139 30.8039360046387 30.7322654724121 30.59397315979 30.2558193206787 29.9176654815674 29.5795135498047 29.2413597106934 28.903205871582 28.5650539398193 28.226900100708 27.9703712463379 27.7410488128662 27.5117263793945 27.2824039459229 27.0530815124512 26.8237590789795 26.5944366455078 26.3426055908203 26.0232524871826 25.7038993835449 25.3845462799072 25.0651931762695 24.7458400726318 24.4264869689941 24.1071338653564 23.8056125640869 23.5100364685059 23.2144603729248 22.9188842773438 22.6233081817627 22.3277320861816 22.0321559906006 21.7941951751709 21.7290840148926 21.6639728546143
30.753791809082 30.8650150299072 30.9762363433838 31.087459564209 31.1986827850342 31.3099060058594 31.3042736053467 31.2596893310547 31.2151050567627 31.1705207824707 31.1259365081787 31.0813522338867 31.0367679595947 30.9157581329346 30.5654773712158 30.2151947021484 29.8649120330811 29.5146312713623 29.1643486022949 28.8140659332275 28.4637832641602 28.2021160125732 27.9699878692627 27.7378597259521 27.505729675293 27.2736015319824 27.0414714813232 26.8093433380127 26.5506439208984 26.2122364044189 25.8738288879395 25.53542137146 25.1970138549805 24.8586044311523 24.5201969146729 24.1817893981934 23.8589496612549 23.5412979125977 23.2236461639404 22.9059944152832 22.588342666626 22.2706909179688 21.9530391693115 21.6990432739258 21.6360092163086 21.5729751586914
30.7747592926025 30.9033832550049 31.0320091247559 31.1606349945068 31.2892589569092 31.4178848266602 31.4152545928955 31.36887550354 31.3224945068359 31.2761135101318 31.2297325134277 31.1833515167236 31.1369724273682 31.0160446166992 30.6714782714844 30.3269119262695 29.9823455810547 29.6377792358398 29.293212890625 28.9486465454102 28.6040782928467 28.3355331420898 28.0923271179199 27.8491191864014 27.6059131622314 27.3627071380615 27.1195011138916 26.876293182373 26.6084861755371 26.2668762207031 25.9252662658691 25.5836563110352 25.2420463562012 24.9004364013672 24.5588245391846 24.2172145843506 23.8876781463623 23.5621681213379 23.2366561889648 22.9111442565918 22.5856323242188 22.2601222991943 21.9346103668213 21.67551612854 21.6156730651855 21.5558280944824
30.6591701507568 30.8294296264648 30.9996910095215 31.1699504852295 31.3402118682861 31.5104713439941 31.4952411651611 31.4181804656982 31.3411197662354 31.2640590667725 31.1869983673096 31.109935760498 31.0328750610352 30.8948287963867 30.5738220214844 30.2528171539307 29.9318103790283 29.610803604126 29.2897987365723 28.9687919616699 28.6477851867676 28.3706169128418 28.1080627441406 27.8455085754395 27.5829524993896 27.3203983306885 27.0578422546387 26.7952880859375 26.5161323547363 26.1871719360352 25.858211517334 25.5292510986328 25.2002906799316 24.8713302612305 24.5423717498779 24.2134113311768 23.8918037414551 23.5726470947266 23.253490447998 22.9343338012695 22.615177154541 22.2960224151611 21.9768657684326 21.7236137390137 21.6680736541748 21.6125335693359
30.5435810089111 30.7554759979248 30.9673728942871 31.1792678833008 31.3911647796631 31.6030597686768 31.5752277374268 31.4674873352051 31.3597450256348 31.2520046234131 31.1442623138428 31.0365219116211 30.9287796020508 30.7736129760742 30.476167678833 30.1787204742432 29.881275177002 29.5838298797607 29.2863826751709 28.9889373779297 28.6914920806885 28.4057025909424 28.12380027771 27.8418960571289 27.5599918365479 27.2780895233154 26.9961853027344 26.714282989502 26.4237766265869 26.1074676513672 25.7911567687988 25.4748477935791 25.1585369110107 24.8422260284424 24.5259170532227 24.2096061706543 23.8959274291992 23.5831260681152 23.2703247070312 22.9575233459473 22.6447219848633 22.3319225311279 22.0191211700439 21.7717113494873 21.7204742431641 21.6692390441895
30.4279918670654 30.6815223693848 30.9350547790527 31.1885852813721 31.4421157836914 31.6956481933594 31.6552143096924 31.5167922973633 31.3783702850342 31.2399482727051 31.1015281677246 30.9631061553955 30.8246841430664 30.6523971557617 30.378511428833 30.1046257019043 29.8307399749756 29.5568542480469 29.2829685211182 29.0090847015381 28.7351989746094 28.440788269043 28.1395359039307 27.8382835388184 27.5370330810547 27.2357807159424 26.9345283508301 26.6332759857178 26.3314228057861 26.0277633666992 25.7241020202637 25.4204425811768 25.1167831420898 24.8131217956543 24.5094623565674 24.2058029174805 23.900053024292 23.5936069488525 23.2871608734131 22.9807147979736 22.6742687225342 22.3678207397461 22.0613746643066 21.8198070526123 21.772876739502 21.725944519043
30.3124027252197 30.6075687408447 30.9027347564697 31.1979026794434 31.4930686950684 31.7882347106934 31.735200881958 31.5660991668701 31.3969955444336 31.2278938293457 31.0587921142578 30.8896903991699 30.720588684082 30.5311813354492 30.280855178833 30.0305309295654 29.7802047729492 29.5298805236816 29.2795543670654 29.0292301177979 28.7789039611816 28.4758739471436 28.1552734375 27.8346729278564 27.5140724182129 27.1934719085693 26.8728713989258 26.5522708892822 26.2390670776367 25.9480571746826 25.6570472717285 25.3660373687744 25.0750274658203 24.7840175628662 24.4930076599121 24.201997756958 23.9041767120361 23.6040859222412 23.3039951324463 23.0039043426514 22.7038135528564 22.4037208557129 22.103630065918 21.8679046630859 21.8252773284912 21.7826499938965
30.196813583374 30.5336151123047 30.8704166412354 31.2072200775146 31.5440216064453 31.880823135376 31.815185546875 31.6154041290283 31.4156227111816 31.2158393859863 31.0160579681396 30.8162746429443 30.6164932250977 30.4099655151367 30.1832008361816 29.9564342498779 29.7296695709229 29.5029048919678 29.2761402130127 29.0493755340576 28.8226108551025 28.5109577178955 28.1710090637207 27.8310604095459 27.4911117553711 27.1511631011963 26.8112144470215 26.4712657928467 26.1467132568359 25.8683528900146 25.5899925231934 25.3116340637207 25.0332736968994 24.7549133300781 24.4765529632568 24.1981925964355 23.9083023071289 23.6145648956299 23.3208293914795 23.0270938873291 22.7333583831787 22.4396209716797 22.1458854675293 21.9160022735596 21.8776779174805 21.8393535614014
30.0213317871094 30.3997821807861 30.7782325744629 31.1566848754883 31.535135269165 31.9135856628418 31.8294563293457 31.5911312103271 31.3528060913086 31.1144828796387 30.8761577606201 30.6378345489502 30.3995094299316 30.1749095916748 29.9914855957031 29.8080596923828 29.6246356964111 29.4412117004395 29.2577857971191 29.0743618011475 28.8909378051758 28.5942611694336 28.2598342895508 27.9254093170166 27.5909824371338 27.256555557251 26.9221286773682 26.587703704834 26.2671051025391 25.9879951477051 25.7088851928711 25.4297733306885 25.1506633758545 24.8715534210205 24.5924434661865 24.3133316040039 24.0273170471191 23.7390003204346 23.45068359375 23.1623649597168 22.8740482330322 22.5857315063477 22.2974147796631 22.0731391906738 22.0409832000732 22.0088291168213
29.7859554290771 30.2060699462891 30.626184463501 31.0462970733643 31.4664115905762 31.8865261077881 31.7780075073242 31.4932804107666 31.2085514068604 30.9238224029541 30.6390953063965 30.3543663024902 30.0696392059326 29.8260154724121 29.7057113647461 29.5854072570801 29.4651012420654 29.3447971343994 29.2244930267334 29.1041870117188 28.9838829040527 28.7257823944092 28.4217491149902 28.1177158355713 27.813684463501 27.509651184082 27.2056179046631 26.9015846252441 26.6002445220947 26.3069839477539 26.0137214660645 25.7204608917236 25.4271984100342 25.1339378356934 24.8406753540039 24.5474128723145 24.2612228393555 23.977388381958 23.6935539245605 23.4097194671631 23.1258869171143 22.8420524597168 22.5582180023193 22.3393115997314 22.3151931762695 22.291072845459
29.5505809783936 30.012357711792 30.4741344451904 30.9359111785889 31.3976879119873 31.8594646453857 31.7265605926514 31.3954277038574 31.0642948150635 30.7331638336182 30.4020309448242 30.0708999633789 29.739767074585 29.477123260498 29.4199371337891 29.3627529144287 29.3055686950684 29.2483825683594 29.191198348999 29.13401222229 29.0768280029297 28.8573017120361 28.5836639404297 28.3100242614746 28.0363845825195 27.7627449035645 27.489107131958 27.2154674530029 26.9333839416504 26.6259727478027 26.3185596466064 26.0111465454102 25.7037334442139 25.3963203430176 25.0889072418213 24.7814960479736 24.4951286315918 24.2157764434814 23.9364261627197 23.6570739746094 23.3777236938477 23.0983715057373 22.8190212249756 22.6054859161377 22.5894012451172 22.5733165740967
29.3152046203613 29.8186454772949 30.3220844268799 30.8255233764648 31.3289642333984 31.8324031829834 31.6751117706299 31.2975749969482 30.9200401306152 30.5425052642822 30.1649684906006 29.7874336242676 29.4098968505859 29.1282291412354 29.1341648101807 29.1400985717773 29.1460342407227 29.1519680023193 29.1579036712646 29.16383934021 29.1697731018066 28.9888229370117 28.7455768585205 28.5023326873779 28.2590866088867 28.0158405303955 27.7725944519043 27.5293502807617 27.2665233612061 26.9449596405029 26.6233959197998 26.3018321990967 25.9802684783936 25.6587047576904 25.3371410369873 25.0155773162842 24.7290344238281 24.4541664123535 24.1792964935303 23.9044284820557 23.6295604705811 23.3546924591064 23.0798225402832 22.8716602325439 22.8636093139648 22.8555603027344
