resources/Exp000_Example-Run/Run01_M2/TimeSeries/1990/selection_set/evpsoil_avg.asc
NCOLS 265 
NROWS 230 
XLLCORNER -115.5625 
YLLCORNER 24.8333333333333 
CELLSIZE 0.0833333333333333 
NODATA_value -9999 
[rows 180 to 199 of 230, columns 184 to 229 of 265]
34.8720397949219 35.4653854370117 36.0587310791016 36.4661483764648 36.8115844726562 37.1570205688477 37.5024604797363 37.8478965759277 38.1933326721191 38.5387687683105 38.9235954284668 39.4265899658203 39.9295845031738 40.4325790405273 40.9355735778809 41.4385681152344 41.9415626525879 42.4445571899414 42.3438415527344 42.0418853759766 41.739933013916 41.4379768371582 41.1360244750977 40.8340682983398 40.5321159362793 40.349781036377 40.5263061523438 40.7028312683105 40.8793563842773 41.0558815002441 41.2324066162109 41.4089317321777 41.5854568481445 41.8380241394043 42.1159362792969 42.3938484191895 42.671760559082 42.9496688842773 43.2275810241699 43.5054931640625 43.6466979980469 43.3777694702148 43.1088447570801 42.8399200439453 42.5709953308105 42.3020668029785
34.7218132019043 35.2997894287109 35.8777694702148 36.2694778442383 36.5990982055664 36.9287185668945 37.2583389282227 37.5879592895508 37.9175796508789 38.247200012207 38.6173820495605 39.109260559082 39.6011390686035 40.093017578125 40.5848960876465 41.076774597168 41.5686531066895 42.0605316162109 41.9776382446289 41.7031517028809 41.4286689758301 41.1541862487793 40.8796997070312 40.6052169799805 40.3307304382324 40.1805572509766 40.4033050537109 40.6260566711426 40.8488082885742 41.0715599060059 41.2943115234375 41.5170593261719 41.7398109436035 41.9334373474121 42.1173553466797 42.3012771606445 42.4851951599121 42.6691131591797 42.8530311584473 43.0369491577148 43.1333503723145 42.9671974182129 42.8010482788086 42.634895324707 42.4687461853027 42.3025932312012
34.5715827941895 35.1341934204102 35.6968040466309 36.0728073120117 36.3866119384766 36.7004127502441 37.014217376709 37.3280181884766 37.6418228149414 37.9556274414062 38.3111686706543 38.7919311523438 39.2726936340332 39.7534561157227 40.2342185974121 40.7149772644043 41.1957397460938 41.6765022277832 41.6114349365234 41.3644180297852 41.1174049377441 40.8703918457031 40.6233787536621 40.3763618469238 40.1293487548828 40.0113334655762 40.2803077697754 40.5492858886719 40.8182601928711 41.0872383117676 41.3562126159668 41.6251907348633 41.8941650390625 42.0288543701172 42.1187782287598 42.2087020874023 42.2986297607422 42.3885536193848 42.4784774780273 42.5684051513672 42.620002746582 42.5566253662109 42.4932518005371 42.429874420166 42.3664970397949 42.3031196594238
34.4213523864746 34.9685974121094 35.5158386230469 35.8761367797852 36.1741256713867 36.472110748291 36.7700958251953 37.0680809020996 37.3660697937012 37.6640548706055 38.004955291748 38.4746017456055 38.9442481994629 39.413890838623 39.8835372924805 40.3531837463379 40.8228302001953 41.2924766540527 41.2452278137207 41.0256843566895 40.8061408996582 40.586597442627 40.3670539855957 40.1475105285645 39.9279670715332 39.8421096801758 40.1573104858398 40.4725112915039 40.787712097168 41.1029167175293 41.4181175231934 41.7333183288574 42.0485191345215 42.124267578125 42.1202011108398 42.1161308288574 42.1120643615723 42.1079940795898 42.1039276123047 42.0998573303223 42.1066551208496 42.146053314209 42.1854515075684 42.2248497009277 42.2642478942871 42.3036460876465
34.2711219787598 34.8029975891113 35.3348731994629 35.6794700622559 35.9616394042969 36.2438049316406 36.5259742736816 36.8081436157227 37.0903129577637 37.3724822998047 37.6987419128418 38.1572685241699 38.6157989501953 39.0743293762207 39.5328598022461 39.9913902282715 40.4499168395996 40.908447265625 40.8790245056152 40.6869506835938 40.4948768615723 40.3028030395508 40.1107330322266 39.9186592102051 39.7265853881836 39.6728858947754 40.0343132019043 40.3957405090332 40.7571678161621 41.1185913085938 41.4800186157227 41.8414459228516 42.2028732299805 42.2196846008301 42.1216201782227 42.0235595703125 41.9254989624023 41.8274383544922 41.7293739318848 41.6313133239746 41.5933113098145 41.735481262207 41.8776550292969 42.0198287963867 42.1620025634766 42.3041763305664
34.1208953857422 34.6374015808105 35.1539077758789 35.4827995300293 35.7491493225098 36.0155029296875 36.281852722168 36.5482063293457 36.8145561218262 37.0809097290039 37.3925285339355 37.8399391174316 38.287353515625 38.7347679138184 39.1821823120117 39.6295928955078 40.0770072937012 40.5244216918945 40.5128211975098 40.348217010498 40.1836166381836 40.0190124511719 39.8544082641602 39.6898040771484 39.5251998901367 39.503662109375 39.9113159179688 40.3189659118652 40.726619720459 41.1342697143555 41.5419235229492 41.9495735168457 42.3572273254395 42.3150978088379 42.1230430603027 41.9309883117676 41.7389335632324 41.5468788146973 41.3548240661621 41.162769317627 41.079963684082 41.3249092102051 41.5698585510254 41.8148078918457 42.0597534179688 -9999
33.9623489379883 34.4547424316406 34.9471397399902 35.2704925537109 35.5374984741211 35.8045043945312 36.0715103149414 36.3385162353516 36.6055221557617 36.8725280761719 37.1876525878906 37.6471405029297 38.1066284179688 38.5661163330078 39.0256042480469 39.4850921630859 39.944580078125 40.4040641784668 40.3974456787109 40.2354545593262 40.0734672546387 39.9114761352539 39.7494850158691 39.5874977111816 39.4255065917969 39.4061088562012 39.8144836425781 40.2228622436523 40.6312370300293 41.0396156311035 41.4479904174805 41.8563690185547 42.2647438049316 42.2295036315918 42.0463905334473 41.8632774353027 41.6801643371582 41.4970512390137 41.3139381408691 41.1308212280273 41.0610466003418 41.3312759399414 41.6015090942383 41.8717422485352 42.141975402832 42.4122047424316
33.795482635498 34.2550239562988 34.7145690917969 35.042552947998 35.3266830444336 35.6108131408691 35.8949432373047 36.1790733337402 36.4632034301758 36.7473335266113 37.0841217041016 37.5788726806641 38.0736236572266 38.5683746337891 39.0631256103516 39.5578804016113 40.0526313781738 40.5473823547363 40.5328979492188 40.3486633300781 40.1644287109375 39.9801979064941 39.7959632873535 39.6117324829102 39.4274978637695 39.3802223205566 39.743824005127 40.1074256896973 40.4710235595703 40.8346252441406 41.1982269287109 41.5618286132812 41.9254302978516 41.9629020690918 41.8916625976562 41.820426940918 41.7491912841797 41.6779518127441 41.6067161560059 41.5354766845703 41.5365562438965 41.754581451416 41.9726104736328 42.1906356811523 42.4086608886719 -9999
33.6286201477051 34.0553092956543 34.4819984436035 34.8146095275879 35.1158676147461 35.417121887207 35.718376159668 36.0196304321289 36.3208847045898 36.622142791748 36.9805870056152 37.5106048583984 38.0406188964844 38.5706367492676 39.1006507873535 39.6306686401367 40.1606826782227 40.6907005310059 40.6683464050293 40.4618721008301 40.2553939819336 40.0489196777344 39.8424415588379 39.6359672546387 39.4294891357422 39.3543395996094 39.6731643676758 39.9919891357422 40.3108139038086 40.629638671875 40.9484634399414 41.2672882080078 41.5861129760742 41.6962966918945 41.7369346618652 41.7775764465332 41.8182144165039 41.8588562011719 41.8994941711426 41.9401321411133 42.0120658874512 42.1778869628906 -9999 -9999 42.675350189209 -9999
33.4617538452148 33.8555908203125 34.2494239807129 34.586669921875 34.9050483703613 35.2234306335449 35.5418090820312 35.8601875305176 36.1785697937012 36.4969482421875 36.8770523071289 37.4423332214355 38.0076141357422 38.5728950500488 39.1381759643555 39.7034568786621 40.2687377929688 40.8340187072754 40.8037986755371 40.5750770568848 40.3463592529297 40.1176376342773 39.8889198303223 39.6601982116699 39.4314804077148 39.3284530639648 39.6025009155273 39.8765487670898 40.1506004333496 40.4246482849121 40.6986961364746 40.9727478027344 41.2467956542969 41.4296951293945 41.5822105407715 41.7347259521484 41.8872413635254 42.0397567749023 42.1922721862793 42.3447875976562 42.4875793457031 42.6011924743652 42.7148094177246 -9999 -9999 -9999
33.2948913574219 33.6558723449707 34.0168533325195 34.3587265014648 34.6942329406738 35.0297355651855 35.3652420043945 35.7007484436035 36.0362510681152 36.3717575073242 36.7735214233398 37.3740653991699 37.974609375 38.5751571655273 39.1757011413574 39.7762451171875 40.3767890930176 40.9773330688477 40.9392471313477 40.6882858276367 40.4373245239258 40.1863594055176 39.9353981018066 39.6844329833984 39.4334716796875 39.3025665283203 39.5318412780762 39.7611122131348 39.9903869628906 40.2196578979492 40.4489326477051 40.6782035827637 40.9074783325195 41.1630897521973 41.4274826049805 41.6918754577637 41.9562644958496 42.2206573486328 -9999 -9999 42.9630889892578 -9999 -9999 -9999 -9999 -9999
33.1280250549316 33.4561538696289 33.7842826843262 34.130786895752 34.4834175109863 34.8360443115234 35.1886749267578 35.5413055419922 35.8939323425293 36.2465629577637 36.6699867248535 37.3057975769043 37.9416046142578 38.5774154663086 39.2132225036621 39.8490333557129 40.4848442077637 41.1206512451172 41.0746994018555 40.8014945983887 40.5282859802246 40.2550811767578 39.981876373291 39.708667755127 39.4354629516602 39.276683807373 39.461181640625 39.6456756591797 39.8301734924316 40.0146713256836 40.1991653442383 40.3836631774902 40.5681610107422 40.8964881896973 41.2727546691895 41.6490249633789 42.0252914428711 42.4015617370605 -9999 -9999 -9999 -9999 -9999 -9999 -9999 -9999
32.8411636352539 33.1335487365723 33.4259338378906 33.7956924438477 34.1912384033203 34.586784362793 34.9823303222656 35.3778762817383 35.7734222412109 36.1689720153809 36.630744934082 37.291202545166 37.95166015625 38.6121215820312 39.2725791931152 39.9330368041992 40.5934944152832 41.2539520263672 41.2105140686035 40.9324378967285 40.6543655395508 40.376293182373 40.098217010498 39.8201446533203 39.5420722961426 39.3626899719238 39.4793930053711 39.5960922241211 39.7127952575684 39.8294944763184 39.9461975097656 40.0628967285156 40.1795997619629 40.5537452697754 41.0137023925781 41.4736633300781 41.9336204528809 42.3935813903809 -9999 -9999 -9999 -9999 -9999 -9999 -9999 -9999
32.4343070983887 32.688060760498 32.9418144226074 33.353443145752 33.817699432373 34.2819557189941 34.7462120056152 35.2104644775391 35.6747207641602 36.1389770507812 36.6557922363281 37.3302841186523 38.0047760009766 38.679271697998 39.3537635803223 40.0282554626465 40.7027473449707 41.3772392272949 41.3466873168945 41.0811233520508 40.8155555725098 40.549991607666 40.2844276428223 40.0188598632812 39.7532958984375 39.5605926513672 39.5864791870117 39.612361907959 39.6382484436035 39.664134979248 39.6900215148926 39.7159042358398 39.7417907714844 40.1348609924316 40.6503257751465 41.1657905578613 41.6812553405762 -9999 -9999 -9999 -9999 -9999 -9999 -9999 -9999 -9999
32.0274505615234 32.2425727844238 32.457691192627 32.9111938476562 33.4441604614258 33.977123260498 34.5100898742676 35.0430564880371 35.5760192871094 36.1089859008789 36.6808395385742 37.3693656921387 38.0578918457031 38.7464179992676 39.4349479675293 40.1234741210938 40.8120002746582 41.5005264282227 41.4828643798828 41.2298049926758 40.976749420166 40.723690032959 40.4706344604492 40.2175750732422 39.9645195007324 39.7584915161133 39.6935615539551 39.6286315917969 39.5637016296387 39.4987754821777 39.4338455200195 39.3689155578613 39.3039855957031 39.7159805297852 40.2869491577148 -9999 -9999 -9999 -9999 -9999 -9999 -9999 -9999 -9999 -9999 -9999
31.6205959320068 31.797082901001 31.9735679626465 32.4689445495605 33.0706214904785 33.6722946166992 34.2739677429199 34.8756446838379 35.4773178100586 36.0789909362793 36.7058868408203 37.408447265625 38.1110076904297 38.8135681152344 39.5161285400391 40.218692779541 40.9212532043457 41.6238136291504 41.6190414428711 41.378490447998 41.137939453125 40.8973922729492 40.6568412780762 40.4162902832031 40.1757431030273 39.9563941955566 39.8006477355957 39.6449012756348 39.4891586303711 39.3334121704102 39.1776695251465 39.0219230651855 38.8661766052246 39.2970962524414 39.9235725402832 -9999 -9999 -9999 -9999 -9999 -9999 -9999 -9999 -9999 -9999 -9999
31.2137393951416 31.3515930175781 31.4894466400146 32.0266990661621 32.6970825195312 33.3674659729004 34.0378494262695 34.7082328796387 35.3786163330078 36.048999786377 36.7309341430664 37.4475288391113 38.1641235351562 38.8807182312012 39.5973129272461 40.313907623291 41.0305023193359 41.7470970153809 41.7552146911621 41.5271759033203 41.2991333007812 41.0710906982422 40.8430480957031 40.6150054931641 40.3869667053223 40.1542930603027 39.9077339172363 39.6611747741699 39.4146118164062 39.1680526733398 38.9214935302734 38.6749305725098 38.4283714294434 38.8782157897949 39.5601959228516 -9999 40.9241523742676 -9999 -9999 -9999 -9999 -9999 -9999 -9999 -9999 -9999
30.8068828582764 30.9061031341553 31.0053253173828 31.5844497680664 32.323543548584 33.0626335144043 33.8017272949219 34.5408210754395 35.279914855957 36.0190048217773 36.7559814453125 37.4866104125977 38.2172393798828 38.947868347168 39.6784973144531 40.4091262817383 41.1397552490234 41.8703842163086 41.8913917541504 41.6758575439453 41.4603233337402 41.2447891235352 41.0292549133301 40.8137245178223 40.5981903076172 40.3521957397461 40.014820098877 39.6774444580078 39.3400688171387 39.0026893615723 38.6653137207031 38.327938079834 37.9905624389648 38.4593315124512 39.1968193054199 -9999 -9999 -9999 -9999 -9999 -9999 -9999 -9999 -9999 -9999 -9999
30.5173091888428 30.5912780761719 30.665246963501 31.2651252746582 32.0403060913086 32.8154907226562 33.5906715393066 34.365852355957 35.1410331726074 35.9162178039551 36.6618423461914 37.3187942504883 37.9757423400879 38.6326942443848 39.2896461486816 39.9465980529785 40.6035499572754 41.2605018615723 41.2234954833984 40.9551696777344 40.6868476867676 40.4185218811035 40.1501960754395 39.8818702697754 39.6135482788086 39.3113899230957 38.9077262878418 38.5040664672852 38.1004066467285 37.6967468261719 37.2930870056152 36.8894271850586 36.4857635498047 37.0864105224609 38.0218200683594 38.9572334289551 -9999 -9999 -9999 -9999 -9999 -9999 -9999 -9999 -9999 -9999
30.3450164794922 30.4071159362793 30.4692153930664 31.0687274932861 31.8473777770996 32.6260299682617 33.4046783447266 34.1833305358887 34.9619827270508 35.7406311035156 36.4485092163086 36.9440727233887 37.4396362304688 37.9351959228516 38.4307594299316 38.9263229370117 39.4218864440918 39.9174461364746 39.7515258789062 39.3651123046875 38.9786987304688 38.59228515625 38.205867767334 37.8194541931152 37.4330406188965 37.0318756103516 36.5864601135254 36.1410446166992 35.6956329345703 35.2502174377441 34.804801940918 34.3593902587891 33.9139747619629 34.7594451904297 36.0352058410645 -9999 -9999 -9999 -9999 -9999 -9999 -9999 -9999 -9999 -9999 -9999
