resources/Exp000_Example-Run/Run01_M2/TimeSeries/1990/selection_set/evpsoil_avg.asc
NCOLS 265 
NROWS 230 
XLLCORNER -115.5625 
YLLCORNER 24.8333333333333 
CELLSIZE 0.0833333333333333 
NODATA_value -9999 
[rows 180 to 199 of 230, columns 46 to 91 of 265]
25.1113471984863 26.0388526916504 26.9663600921631 27.8938655853271 28.8213729858398 29.7488784790039 29.5926971435547 29.0752849578857 28.5578727722168 28.0404624938965 27.5230503082275 27.0056381225586 26.4882278442383 26.2779312133789 26.9889793395996 27.7000274658203 28.411075592041 29.1221237182617 29.8331737518311 30.5442218780518 31.2552700042725 31.3439388275146 31.2251453399658 31.1063537597656 30.9875621795654 30.8687705993652 30.7499771118164 30.6311855316162 30.4508476257324 30.0858726501465 29.7208976745605 29.3559226989746 28.9909477233887 28.6259727478027 28.2609977722168 27.8960227966309 27.7989521026611 27.7911834716797 27.7834148406982 27.7756462097168 27.7678775787354 27.7601089477539 27.7523403167725 28.0628452301025 29.3281764984131 30.593505859375
24.5087013244629 25.4796009063721 26.4505023956299 27.4214019775391 28.3923015594482 29.3632030487061 29.2844409942627 28.8557949066162 28.4271469116211 27.998498916626 27.5698509216309 27.1412029266357 26.7125549316406 26.5533351898193 27.2023983001709 27.8514595031738 28.5005207061768 29.1495838165283 29.7986450195312 30.4477081298828 31.0967693328857 31.2042217254639 31.1311359405518 31.0580501556396 30.9849643707275 30.9118785858154 30.8387928009033 30.7657070159912 30.6305599212646 30.309232711792 29.9879055023193 29.6665782928467 29.345251083374 29.0239238739014 28.7025966644287 28.3812694549561 28.306282043457 28.3134059906006 28.3205280303955 28.3276519775391 28.3347759246826 28.3418998718262 28.3490238189697 28.6412296295166 29.7886810302734 30.9361324310303
23.9060554504395 24.9203510284424 25.9346446990967 26.948938369751 27.9632320404053 28.9775257110596 28.9761867523193 28.636302947998 28.2964191436768 27.9565353393555 27.6166515350342 27.2767677307129 26.9368839263916 26.8287410736084 27.4158153533936 28.0028915405273 28.5899677276611 29.1770420074463 29.7641181945801 30.3511943817139 30.938268661499 31.0645027160645 31.0371246337891 31.009744644165 30.982364654541 30.9549865722656 30.9276065826416 30.9002265930176 30.8102722167969 30.5325927734375 30.2549152374268 29.9772357940674 29.699556350708 29.4218769073486 29.1441974639893 28.8665180206299 28.8136100769043 28.8356266021729 28.8576431274414 28.8796577453613 28.9016742706299 28.9236907958984 28.945707321167 29.219612121582 30.2491855621338 31.2787570953369
23.3034114837646 24.3610992431641 25.4187870025635 26.4764747619629 27.5341625213623 28.5918502807617 28.667932510376 28.4168128967285 28.1656932830811 27.914571762085 27.6634521484375 27.41233253479 27.1612129211426 27.1041450500488 27.6292343139648 28.1543235778809 28.6794128417969 29.2045021057129 29.7295894622803 30.2546787261963 30.7797679901123 30.9247856140137 30.9431133270264 30.9614391326904 30.9797668457031 30.9980945587158 31.0164203643799 31.0347480773926 30.9899864196777 30.7559547424316 30.5219230651855 30.2878913879395 30.0538597106934 29.8198280334473 29.5857963562012 29.3517646789551 29.3209381103516 29.3578472137451 29.3947563171387 29.4316654205322 29.4685726165771 29.5054817199707 29.5423908233643 29.7979965209961 30.7096900939941 31.6213836669922
22.7007656097412 23.8018474578857 24.9029293060303 26.0040111541748 27.1050930023193 28.2061748504639 28.3596782684326 28.1973209381104 28.0349655151367 27.8726100921631 27.7102527618408 27.5478973388672 27.3855419158936 27.3795509338379 27.8426532745361 28.3057556152344 28.7688579559326 29.2319602966309 29.6950626373291 30.1581649780273 30.6212673187256 30.7850685119629 30.8491020202637 30.9131355285645 30.9771690368652 31.041202545166 31.1052360534668 31.1692695617676 31.16969871521 30.9793148040771 30.7889308929443 30.5985469818115 30.4081630706787 30.2177791595459 30.0273952484131 29.8370113372803 29.8282680511475 29.8800678253174 29.9318695068359 29.9836711883545 30.0354709625244 30.087272644043 30.1390743255615 30.3763790130615 31.1701946258545 31.9640083312988
22.0981216430664 23.2425956726074 24.3870716094971 25.5315475463867 26.6760215759277 27.8204975128174 28.0514221191406 27.9778308868408 27.9042377471924 27.8306465148926 27.7570533752441 27.6834621429443 27.6098709106445 27.6549549102783 28.0560703277588 28.4571876525879 28.8583030700684 29.2594184875488 29.6605358123779 30.0616512298584 30.4627666473389 30.6453514099121 30.755090713501 30.8648300170898 30.9745712280273 31.0843105316162 31.1940498352051 31.3037891387939 31.3494110107422 31.2026748657227 31.0559387207031 30.9092025756836 30.7624664306641 30.6157321929932 30.4689960479736 30.3222599029541 30.3355960845947 30.4022903442383 30.4689826965332 30.5356769561768 30.6023712158203 30.6690635681152 30.7357578277588 30.954761505127 31.6306991577148 32.3066329956055
-9999 22.7037696838379 23.8587474822998 25.0137252807617 26.168701171875 27.3236789703369 27.5907001495361 27.5617389678955 27.5327758789062 27.503812789917 27.4748497009277 27.4458866119385 27.4169235229492 27.4950847625732 27.8946151733398 28.2941455841064 28.6936779022217 29.0932083129883 29.4927406311035 29.8922710418701 30.2918014526367 30.5070056915283 30.6607666015625 30.8145275115967 30.9682903289795 31.1220512390137 31.2758121490479 31.429573059082 31.5205955505371 31.4234046936035 31.3262119293213 31.2290210723877 31.1318283081055 31.0346374511719 30.9374465942383 30.8402538299561 30.8220157623291 30.8300952911377 30.8381748199463 30.8462543487549 30.8543338775635 30.8624134063721 30.8704929351807 31.0146770477295 31.567174911499 32.1196708679199
-9999 -9999 -9999 24.4505424499512 25.5831298828125 26.7157173156738 26.9775123596191 26.9490432739258 26.9205760955811 26.8921070098877 26.863639831543 26.8351707458496 26.8067016601562 26.899938583374 27.3582859039307 27.8166332244873 28.2749824523926 28.7333297729492 29.1916770935059 29.6500244140625 30.1083717346191 30.3700332641602 30.5661296844482 30.762228012085 30.9583263397217 31.1544227600098 31.3505210876465 31.5466194152832 31.6832542419434 31.6415023803711 31.5997524261475 31.5580005645752 31.5162487030029 31.4744987487793 31.432746887207 31.3909950256348 31.2875270843506 31.1634864807129 31.0394458770752 30.9154052734375 30.7913646697998 30.6673221588135 30.5432815551758 30.5561256408691 30.9796237945557 31.4031219482422
-9999 -9999 -9999 -9999 24.99755859375 26.1077556610107 26.3643245697021 26.3363494873047 26.3083763122559 26.280403137207 26.2524280548096 26.2244548797607 26.1964817047119 26.3047924041748 26.8219566345215 27.3391208648682 27.8562850952148 28.3734493255615 28.8906135559082 29.4077777862549 29.9249439239502 30.2330589294434 30.4714946746826 30.7099285125732 30.9483623504639 31.1867961883545 31.4252300262451 31.6636638641357 31.845911026001 31.8596019744873 31.873291015625 31.8869800567627 31.9006690979004 31.9143581390381 31.9280471801758 31.9417362213135 31.7530384063721 31.4968776702881 31.2407150268555 30.9845542907715 30.7283935546875 30.4722309112549 30.2160701751709 30.0975742340088 30.3920726776123 30.6865711212158
-9999 -9999 -9999 -9999 -9999 25.4997940063477 25.7511348724365 25.7236557006836 25.6961765289307 25.6686973571777 25.6412181854248 25.6137390136719 25.5862598419189 25.7096462249756 26.2856273651123 26.861608505249 27.4375896453857 28.0135707855225 28.5895519256592 29.1655330657959 29.7415142059326 30.0960865020752 30.3768577575684 30.6576271057129 30.9383983612061 31.2191677093506 31.4999389648438 31.7807083129883 32.0085678100586 32.0776977539062 32.1468276977539 32.2159576416016 32.2850875854492 32.3542175292969 32.4233474731445 32.4924774169922 32.2185478210449 31.8302669525146 31.4419860839844 31.0537033081055 30.6654224395752 30.2771415710449 29.888858795166 29.6390228271484 29.8045215606689 29.9700202941895
-9999 -9999 -9999 -9999 -9999 -9999 25.1379470825195 25.1109619140625 25.0839767456055 25.0569934844971 25.03000831604 25.003023147583 24.9760398864746 25.1145000457764 25.7492980957031 26.3840961456299 27.018892288208 27.6536903381348 28.2884883880615 28.9232864379883 29.558084487915 29.959114074707 30.2822208404541 30.6053276062012 30.9284343719482 31.2515411376953 31.5746479034424 31.8977546691895 32.1712265014648 32.2957992553711 32.4203681945801 32.5449371337891 32.6695098876953 32.7940788269043 32.9186477661133 33.0432205200195 32.6840591430664 32.1636581420898 31.6432571411133 31.1228542327881 30.6024513244629 30.0820503234863 29.5616474151611 29.1804714202881 29.2169704437256 29.2534694671631
-9999 -9999 -9999 -9999 -9999 -9999 -9999 24.4982681274414 24.4717788696289 24.4452877044678 24.4187984466553 24.3923072814941 24.3658180236816 24.5193538665771 25.2129688262939 25.9065818786621 26.6001968383789 27.2938117980957 27.9874267578125 28.6810398101807 29.3746547698975 29.8221397399902 30.1875839233398 30.5530261993408 30.9184703826904 31.2839126586914 31.649356842041 32.0148010253906 32.3338851928711 32.5138969421387 32.6939086914062 32.8739166259766 33.0539283752441 33.2339401245117 33.4139518737793 33.5939598083496 33.1495704650879 32.4970474243164 31.8445262908936 31.1920032501221 30.5394802093506 29.8869590759277 29.2344360351562 28.7219181060791 28.6294174194336 28.5369186401367
-9999 -9999 -9999 -9999 -9999 -9999 -9999 -9999 23.9181575775146 23.9140243530273 23.9098892211914 23.9057559967041 23.9016227722168 24.0810413360596 24.8111171722412 25.5411949157715 26.2712726593018 27.0013484954834 27.7314262390137 28.4615020751953 29.1915798187256 29.6747245788574 30.0755596160889 30.4763946533203 30.8772296905518 31.2780647277832 31.6788997650146 32.0797348022461 32.4316749572754 32.6369361877441 32.8421936035156 33.0474548339844 33.2527122497559 33.4579734802246 33.6632308959961 33.8684921264648 33.377124786377 32.6535491943359 31.9299755096436 31.2063999176025 30.4828243255615 29.7592506408691 29.0356750488281 28.4478759765625 28.2674007415771 28.0869274139404
-9999 -9999 -9999 -9999 -9999 -9999 -9999 -9999 -9999 -9999 -9999 -9999 -9999 23.7995624542236 24.5437469482422 25.2879314422607 26.0321178436279 26.7763023376465 27.520486831665 28.2646732330322 29.0088577270508 29.51686668396 29.9461479187012 30.375431060791 30.8047122955322 31.2339954376221 31.6632785797119 32.0925598144531 32.464599609375 32.6649169921875 32.8652305603027 33.0655479431152 33.2658653259277 33.466178894043 33.6664962768555 33.8668098449707 33.3667182922363 32.6331596374512 31.899600982666 31.1660423278809 30.4324836730957 29.6989250183105 28.9653663635254 28.358341217041 28.1309185028076 27.9034976959229
-9999 -9999 -9999 -9999 -9999 -9999 -9999 -9999 -9999 -9999 -9999 -9999 -9999 23.5180816650391 24.2763748168945 25.0346698760986 25.7929630279541 26.5512561798096 27.309549331665 28.0678424835205 28.8261375427246 29.3590068817139 29.8167362213135 30.2744674682617 30.7321968078613 31.1899261474609 31.6476554870605 32.1053848266602 32.4975242614746 32.6928977966309 32.8882713317871 33.0836410522461 33.2790145874023 33.4743843078613 33.6697578430176 33.8651275634766 33.356315612793 32.6127700805664 31.8692283630371 31.1256847381592 30.3821430206299 29.638599395752 28.895055770874 28.2688064575195 27.9944362640381 27.7200679779053
-9999 -9999 -9999 -9999 -9999 -9999 -9999 -9999 -9999 -9999 -9999 -9999 -9999 23.2366027832031 24.0090045928955 24.7814064025879 25.5538082122803 26.3262100219727 27.098611831665 27.8710136413574 28.6434154510498 29.2011489868164 29.6873264312744 30.1735019683838 30.6596794128418 31.1458568572998 31.6320343017578 32.1182098388672 32.5304489135742 32.7208786010742 32.9113082885742 33.101734161377 33.292163848877 33.482593536377 33.6730194091797 33.8634490966797 33.3459091186523 32.5923843383789 31.8388557434082 31.0853290557861 30.3318004608154 29.5782737731934 28.8247470855713 28.179271697998 27.8579559326172 27.5366382598877
-9999 -9999 -9999 -9999 -9999 -9999 -9999 -9999 -9999 -9999 -9999 -9999 -9999 22.9551239013672 23.7416343688965 24.5281429290771 25.3146533966064 26.1011638641357 26.887674331665 27.6741847991943 28.4606952667236 29.0432891845703 29.5579147338867 30.0725383758545 30.5871620178223 31.1017875671387 31.6164112091064 32.1310348510742 32.5633735656738 32.7488594055176 32.9343452453613 33.1198272705078 33.3053131103516 33.4907989501953 33.6762809753418 33.8617668151855 33.335506439209 32.5719947814941 31.8084831237793 31.0449714660645 30.2814598083496 29.5179481506348 28.7544364929199 28.0897369384766 27.7214736938477 27.3532085418701
-9999 -9999 -9999 -9999 -9999 -9999 -9999 -9999 -9999 -9999 -9999 -9999 -9999 22.6736431121826 23.4742622375488 24.274881362915 25.0754985809326 25.8761177062988 26.676736831665 27.4773540496826 28.2779731750488 28.8854312896729 29.428503036499 29.9715747833252 30.5146465301514 31.0577182769775 31.6007900238037 32.1438598632812 32.5962982177734 32.7768402099609 32.9573822021484 33.1379241943359 33.3184623718262 33.4990043640137 33.6795463562012 33.8600845336914 33.3250999450684 32.5516052246094 31.7781085968018 31.0046138763428 30.2311191558838 29.4576225280762 28.6841278076172 28.0002021789551 27.5849914550781 27.1697788238525
-9999 -9999 -9999 -9999 -9999 -9999 -9999 -9999 -9999 -9999 -9999 -9999 -9999 -9999 23.5939311981201 24.3836669921875 25.1734027862549 25.9631385803223 26.7528743743896 27.542610168457 28.3323459625244 28.9365901947021 29.47900390625 30.0214176177979 30.5638294219971 31.1062431335449 31.6486568450928 32.1910705566406 32.6386299133301 32.8016319274902 32.9646339416504 33.1276321411133 33.2906341552734 33.4536361694336 33.6166381835938 33.7796401977539 33.256175994873 32.5038871765137 31.7516002655029 30.9993152618408 30.2470283508301 29.4947414398193 28.7424545288086 28.0663814544678 27.6189498901367 27.1715183258057
-9999 -9999 -9999 -9999 -9999 -9999 -9999 -9999 -9999 -9999 -9999 -9999 -9999 -9999 -9999 24.8545017242432 25.6083641052246 26.3622264862061 27.1160907745361 27.8699531555176 28.623815536499 29.1967678070068 29.709415435791 30.2220649719238 30.7347145080566 31.2473621368408 31.7600116729736 32.2726593017578 32.6903648376465 32.8232307434082 32.9560966491699 33.0889625549316 33.2218284606934 33.3546943664551 33.4875602722168 33.6204261779785 33.1287307739258 32.4288444519043 31.7289581298828 31.02907371521 30.3291873931885 29.6293029785156 28.9294166564941 28.288272857666 27.8233489990234 27.3584270477295
