resources/Exp000_Example-Run/Run01_M2/TimeSeries/1990/selection_set/evpsoil_avg.asc
NCOLS 265 
NROWS 230 
XLLCORNER -115.5625 
YLLCORNER 24.8333333333333 
CELLSIZE 0.0833333333333333 
NODATA_value -9999 
[rows 80 to 99 of 230, columns 46 to 91 of 265]
17.3813819885254 16.9384117126465 16.4954395294189 16.05246925354 15.6094989776611 15.1665287017822 15.1232051849365 15.213098526001 15.3029909133911 15.3928833007812 15.4827756881714 15.5726680755615 15.662561416626 15.7623128890991 15.8916425704956 16.0209712982178 16.1503009796143 16.2796306610107 16.4089584350586 16.5382881164551 16.6676177978516 17.0611743927002 17.5428085327148 18.0244426727295 18.5060768127441 18.9877109527588 19.4693450927734 19.9509792327881 20.3614807128906 20.5585918426514 20.7557029724121 20.9528121948242 21.149923324585 21.3470344543457 21.5441436767578 21.7412548065186 21.8780155181885 21.9946594238281 22.1113033294678 22.2279472351074 22.3445911407471 22.4612350463867 22.5778789520264 22.6086978912354 22.3820476531982 22.1553974151611
17.3163585662842 16.8843688964844 16.4523811340332 16.0203914642334 15.5884027481079 15.1564130783081 15.0879249572754 15.1406030654907 15.1932811737061 15.2459592819214 15.2986373901367 15.351315498352 15.4039936065674 15.4724397659302 15.5881910324097 15.7039422988892 15.8196935653687 15.9354448318481 16.051197052002 16.1669483184814 16.2826995849609 16.6277332305908 17.0491962432861 17.4706592559814 17.8921203613281 18.3135833740234 18.7350463867188 19.1565074920654 19.5494251251221 19.8567028045654 20.1639804840088 20.4712581634521 20.7785358428955 21.0858135223389 21.3930912017822 21.7003688812256 21.9019355773926 22.0682640075684 22.2345924377441 22.4009227752686 22.5672512054443 22.7335796356201 22.8999099731445 22.9839096069336 22.8209190368652 22.6579284667969
17.251335144043 16.8303279876709 16.4093208312988 15.9883127212524 15.5673055648804 15.1462984085083 15.0526447296143 15.0681076049805 15.083571434021 15.0990352630615 15.114499092102 15.1299629211426 15.1454257965088 15.1825675964355 15.284740447998 15.3869132995605 15.4890871047974 15.5912599563599 15.6934337615967 15.7956066131592 15.897780418396 16.1942920684814 16.5555820465088 16.9168739318848 17.2781639099121 17.6394557952881 18.0007476806641 18.3620376586914 18.7373676300049 19.1548118591309 19.5722579956055 19.9897022247314 20.4071483612061 20.824592590332 21.2420387268066 21.6594829559326 21.9258556365967 22.1418704986572 22.3578834533691 22.5738983154297 22.7899131774902 23.0059261322021 23.2219409942627 23.3591194152832 23.2597885131836 23.1604595184326
17.1863117218018 16.7762851715088 16.3662605285645 15.9562349319458 15.5462093353271 15.1361837387085 15.0173635482788 14.9956130981445 14.9738616943359 14.9521112442017 14.9303607940674 14.9086093902588 14.8868589401245 14.8926944732666 14.9812898635864 15.0698852539062 15.1584806442261 15.2470750808716 15.3356704711914 15.4242658615112 15.5128612518311 15.7608499526978 16.0619697570801 16.3630886077881 16.6642093658447 16.9653282165527 17.2664470672607 17.5675678253174 17.9253101348877 18.4529228210449 18.9805355072021 19.5081481933594 20.0357608795166 20.5633735656738 21.0909862518311 21.6185989379883 21.9497756958008 22.2154750823975 22.4811744689941 22.7468738555908 23.0125732421875 23.2782726287842 23.5439720153809 23.7343292236328 23.698657989502 23.6629886627197
17.2478847503662 16.8395137786865 16.4311447143555 16.0227737426758 15.6144018173218 15.2060308456421 15.0704669952393 15.025839805603 14.9812116622925 14.9365835189819 14.8919553756714 14.8473281860352 14.8027000427246 14.7909593582153 14.8778810501099 14.9648036956787 15.0517253875732 15.1386470794678 15.2255687713623 15.3124914169312 15.3994131088257 15.6190958023071 15.8830327987671 16.1469688415527 16.4109058380127 16.6748428344727 16.9387798309326 17.2027168273926 17.5455150604248 18.1248931884766 18.7042713165283 19.2836513519287 19.8630294799805 20.4424095153809 21.0217876434326 21.6011657714844 21.9451160430908 22.2105903625488 22.4760646820068 22.7415390014648 23.0070133209229 23.2724857330322 23.5379600524902 23.7401275634766 23.7523746490479 23.7646236419678
17.4360580444336 17.0200138092041 16.6039714813232 16.1879272460938 15.7718849182129 15.3558416366577 15.2119550704956 15.158787727356 15.1056203842163 15.0524530410767 14.9992847442627 14.946117401123 14.8929500579834 14.8773632049561 14.974515914917 15.0716686248779 15.1688222885132 15.2659749984741 15.3631286621094 15.4602813720703 15.5574350357056 15.7690296173096 16.0187721252441 16.2685146331787 16.5182590484619 16.7680015563965 17.0177440643311 17.2674865722656 17.5979785919189 18.1707229614258 18.7434673309326 19.3162117004395 19.8889560699463 20.4617004394531 21.0344429016113 21.6071872711182 21.9118766784668 22.1272163391113 22.3425540924072 22.5578918457031 22.773229598999 22.9885692596436 23.2039070129395 23.3765163421631 23.4209384918213 23.4653606414795
17.6242294311523 17.2005138397217 16.776798248291 16.3530826568604 15.9293670654297 15.505651473999 15.3534421920776 15.2917356491089 15.2300281524658 15.1683216094971 15.106614112854 15.0449075698853 14.9832000732422 14.9637660980225 15.0711507797241 15.1785345077515 15.2859191894531 15.3933038711548 15.5006875991821 15.6080722808838 15.7154560089111 15.9189643859863 16.1545124053955 16.3900604248047 16.6256103515625 16.8611583709717 17.0967063903809 17.3322563171387 17.6504440307617 18.2165546417236 18.7826633453369 19.3487720489502 19.9148807525635 20.4809913635254 21.0471000671387 21.613208770752 21.8786392211914 22.0438404083252 22.2090435028076 22.37424659729 22.5394477844238 22.7046508789062 22.8698539733887 23.012903213501 23.0895004272461 23.1660976409912
17.8124008178711 17.3810138702393 16.9496250152588 16.518238067627 16.0868492126465 15.6554622650146 15.494930267334 15.4246835708618 15.3544368743896 15.2841901779175 15.2139434814453 15.1436967849731 15.073450088501 15.0501689910889 15.1677846908569 15.285400390625 15.4030160903931 15.5206317901611 15.6382474899292 15.755862236023 15.873477935791 16.0688972473145 16.2902526855469 16.5116062164307 16.7329616546631 16.9543170928955 17.1756706237793 17.3970260620117 17.7029094696045 18.2623844146729 18.8218593597412 19.3813323974609 19.9408073425293 20.5002822875977 21.059757232666 21.6192302703857 21.8453998565674 21.9604663848877 22.075532913208 22.1905994415283 22.3056659698486 22.4207324981689 22.5357990264893 22.6492919921875 22.7580642700195 22.8668365478516
18.0005722045898 17.5615119934082 17.1224536895752 16.6833934783936 16.2443332672119 15.805272102356 15.6364183425903 15.5576314926147 15.4788455963135 15.4000597000122 15.3212728500366 15.2424869537354 15.1637010574341 15.1365728378296 15.2644195556641 15.3922662734985 15.520112991333 15.6479597091675 15.775806427002 15.9036531448364 16.0314998626709 16.2188320159912 16.4259929656982 16.6331520080566 16.8403129577637 17.0474739074707 17.2546348571777 17.4617938995361 17.7553749084473 18.3082141876221 18.8610534667969 19.4138946533203 19.9667339324951 20.5195732116699 21.0724124908447 21.6252517700195 21.8121604919434 21.8770904541016 21.9420223236084 22.0069522857666 22.0718841552734 22.1368141174316 22.2017459869385 22.285680770874 22.4266262054443 22.5675735473633
18.1887454986572 17.7420120239258 17.295280456543 16.8485469818115 16.4018154144287 15.9550828933716 15.7779054641724 15.6905794143677 15.6032543182373 15.5159282684326 15.4286022186279 15.3412761688232 15.2539510726929 15.222975730896 15.3610534667969 15.4991321563721 15.637209892273 15.7752876281738 15.9133653640747 16.0514430999756 16.1895217895508 16.368766784668 16.561731338501 16.7546977996826 16.9476642608643 17.1406307220459 17.3335971832275 17.5265636444092 17.80784034729 18.3540458679199 18.9002494812012 19.4464550018311 19.9926586151123 20.5388641357422 21.0850696563721 21.6312732696533 21.7789211273193 21.7937164306641 21.8085117340088 21.8233070373535 21.8381023406982 21.852897644043 21.8676929473877 21.9220695495605 22.0951900482178 22.268310546875
18.42795753479 17.9448375701904 17.4617195129395 16.9786014556885 16.4954814910889 16.0123634338379 15.8320264816284 15.7526159286499 15.6732063293457 15.5937967300415 15.514386177063 15.4349765777588 15.3555669784546 15.3307361602783 15.4696455001831 15.6085538864136 15.747462272644 15.8863716125488 16.0252799987793 16.1641883850098 16.3030967712402 16.4813556671143 16.6727313995361 16.864107131958 17.0554828643799 17.2468566894531 17.438232421875 17.6296081542969 17.9068260192871 18.4415721893311 18.976318359375 19.5110645294189 20.0458106994629 20.5805568695068 21.1153030395508 21.6500492095947 21.7766590118408 21.7672252655029 21.7577896118164 21.7483558654785 21.7389221191406 21.7294864654541 21.7200527191162 21.753812789917 21.9171581268311 22.0805034637451
18.7182102203369 18.1699905395508 17.6217708587646 17.0735530853271 16.525333404541 15.9771137237549 15.7987794876099 15.7437410354614 15.688702583313 15.6336641311646 15.5786256790161 15.5235872268677 15.4685487747192 15.4598550796509 15.5901937484741 15.7205324172974 15.8508710861206 15.9812107086182 16.1115493774414 16.2418880462646 16.3722267150879 16.5566024780273 16.7589893341064 16.9613761901855 17.1637649536133 17.3661518096924 17.5685386657715 17.7709274291992 18.0523338317871 18.5707969665527 19.0892601013184 19.607723236084 20.1261863708496 20.6446495056152 21.1631126403809 21.6815757751465 21.8053741455078 21.7976169586182 21.7898578643799 21.7821006774902 21.7743434906006 21.7665863037109 21.7588272094727 21.7809143066406 21.8925342559814 22.0041542053223
19.0084629058838 18.3951435089111 17.7818241119385 17.1685028076172 16.5551834106445 15.9418640136719 15.7655334472656 15.734866142273 15.7041997909546 15.6735324859619 15.6428651809692 15.6121978759766 15.5815305709839 15.5889730453491 15.7107419967651 15.8325109481812 15.9542798995972 16.0760498046875 16.1978187561035 16.3195877075195 16.4413566589355 16.6318492889404 16.8452472686768 17.0586471557617 17.2720470428467 17.4854469299316 17.698844909668 17.9122447967529 18.1978397369385 18.7000198364258 19.2022018432617 19.704381942749 20.2065620422363 20.7087440490723 21.2109241485596 21.7131042480469 21.8340892791748 21.8280086517334 21.8219261169434 21.815845489502 21.8097648620605 21.8036842346191 21.7976016998291 21.8080158233643 21.8679084777832 21.9278030395508
19.2987155914307 18.6202964782715 17.9418754577637 17.2634544372559 16.5850353240967 15.9066143035889 15.7322874069214 15.7259912490845 15.7196960449219 15.713399887085 15.7071046829224 15.7008085250854 15.6945133209229 15.7180910110474 15.8312902450562 15.9444894790649 16.057689666748 16.1708889007568 16.2840881347656 16.3972873687744 16.5104866027832 16.7070941925049 16.9315071105957 17.1559181213379 17.3803291320801 17.6047401428223 17.8291511535645 18.0535640716553 18.3433456420898 18.8292446136475 19.3151435852051 19.8010406494141 20.2869396209717 20.7728366851807 21.2587356567383 21.7446327209473 21.8628044128418 21.8584003448486 21.8539962768555 21.8495903015137 21.8451862335205 21.8407821655273 21.8363780975342 21.8351154327393 21.8432846069336 21.8514518737793
19.5889682769775 18.8454475402832 18.1019268035889 17.3584060668945 16.6148853302002 15.8713645935059 15.6990413665771 15.717116355896 15.7351922988892 15.7532682418823 15.7713432312012 15.7894191741943 15.8074951171875 15.8472089767456 15.9518384933472 16.056468963623 16.1610984802246 16.2657279968262 16.3703575134277 16.4749870300293 16.5796165466309 16.782341003418 17.017765045166 17.2531890869141 17.4886112213135 17.7240352630615 17.9594593048096 18.194881439209 18.4888534545898 18.9584693908691 19.4280834197998 19.8976993560791 20.3673152923584 20.8369312286377 21.3065452575684 21.7761611938477 21.8915195465088 21.8887920379639 21.8860645294189 21.8833351135254 21.8806076049805 21.8778800964355 21.8751525878906 21.8622169494629 21.8186588287354 21.7751007080078
19.8792209625244 19.0706005096436 18.2619800567627 17.4533576965332 16.6447372436523 15.8361148834229 15.6657953262329 15.7082414627075 15.7506885528564 15.7931356430054 15.8355827331543 15.8780298233032 15.9204769134521 15.9763269424438 16.0723876953125 16.1684474945068 16.2645072937012 16.3605670928955 16.4566268920898 16.5526866912842 16.6487464904785 16.8575878143311 17.1040229797363 17.3504581451416 17.5968933105469 17.8433303833008 18.0897655487061 18.3362007141113 18.6343593597412 19.0876922607422 19.5410251617432 19.9943580627441 20.4476909637451 20.9010238647461 21.3543567657471 21.807689666748 21.9202346801758 21.9191837310791 21.9181327819824 21.9170799255371 21.9160289764404 21.9149780273438 21.9139270782471 21.8893184661865 21.7940330505371 21.6987495422363
20.6477222442627 19.8594856262207 19.0712509155273 18.283016204834 17.494779586792 16.7065448760986 16.4871578216553 16.4573860168457 16.4276161193848 16.3978443145752 16.3680725097656 16.3383026123047 16.3085308074951 16.3012657165527 16.3615207672119 16.4217777252197 16.4820327758789 16.5422878265381 16.6025428771973 16.6627979278564 16.7230529785156 16.9312648773193 17.1887950897217 17.4463233947754 17.7038536071777 17.9613838195801 18.2189140319824 18.4764442443848 18.7800350189209 19.2218132019043 19.6635894775391 20.1053676605225 20.5471439361572 20.9889221191406 21.4306983947754 21.8724765777588 21.9883995056152 21.9957065582275 22.0030136108398 22.0103206634521 22.0176277160645 22.0249347686768 22.0322418212891 22.0053195953369 21.8757057189941 21.7460918426514
21.8944683074951 21.2121047973633 20.5297431945801 19.8473796844482 19.1650161743164 18.4826545715332 18.1631298065186 17.9645500183105 17.7659721374512 17.5673923492432 17.3688144683838 17.1702346801758 16.9716567993164 16.8220272064209 16.819242477417 16.8164577484131 16.8136730194092 16.8108901977539 16.80810546875 16.8053207397461 16.8025379180908 17.0033702850342 17.2720775604248 17.5407848358154 17.8094902038574 18.078197479248 18.3469047546387 18.6156101226807 18.9258785247803 19.3608264923096 19.7957763671875 20.2307243347168 20.6656742095947 21.100622177124 21.5355701446533 21.9705200195312 22.0960178375244 22.1183643341064 22.1407108306885 22.1630573272705 22.1854038238525 22.2077503204346 22.2300987243652 22.2102222442627 22.0636749267578 21.9171276092529
23.1412143707275 22.5647239685059 21.9882335662842 21.4117431640625 20.8352527618408 20.2587642669678 19.8391017913818 19.4717140197754 19.1043281555176 18.7369422912598 18.3695545196533 18.0021686553955 17.6347827911377 17.3427867889404 17.2769622802734 17.2111396789551 17.1453151702881 17.0794925689697 17.0136680603027 16.9478454589844 16.8820209503174 17.0754776000977 17.3553619384766 17.6352443695068 17.9151287078857 18.195011138916 18.4748954772949 18.7547779083252 19.0717220306396 19.4998416900635 19.9279613494873 20.3560829162598 20.7842025756836 21.2123241424561 21.6404438018799 22.0685634613037 22.203634262085 22.2410202026367 22.2784080505371 22.3157939910889 22.3531799316406 22.390567779541 22.4279537200928 22.4151229858398 22.2516422271729 22.0881614685059
24.38796043396 23.9173431396484 23.4467258453369 22.9761085510254 22.5054912567139 22.0348720550537 21.5150737762451 20.9788780212402 20.442684173584 19.9064903259277 19.3702964782715 18.8341026306152 18.297908782959 17.86354637146 17.7346839904785 17.6058197021484 17.476957321167 17.3480949401855 17.2192306518555 17.090368270874 16.9615058898926 17.1475849151611 17.4386444091797 17.7297058105469 18.0207653045654 18.3118267059326 18.6028861999512 18.8939456939697 19.2175636291504 19.6388568878174 20.0601482391357 20.4814395904541 20.9027328491211 21.3240242004395 21.7453155517578 22.1666088104248 22.3112506866455 22.3636779785156 22.4161033630371 22.4685306549072 22.5209560394287 22.5733833312988 22.6258087158203 22.6200256347656 22.4396114349365 22.2591953277588
