resources/Exp000_Example-Run/Run01_M2/TimeSeries/1990/selection_set/frwlt_avg.asc
NCOLS 265 
NROWS 230 
XLLCORNER -115.5625 
YLLCORNER 24.8333333333333 
CELLSIZE 0.0833333333333333 
NODATA_value -9999 
[rows 140 to 159 of 230, columns 220 to 263 of 265]
0.275141805410385 0.264590501785278 0.254039168357849 0.24348783493042 0.234240308403969 0.228904157876968 0.223568007349968 0.218231856822968 0.212895706295967 0.207559555768967 0.202223405241966 0.196887254714966 0.196160331368446 0.196969822049141 0.197779312729836 0.19858880341053 0.199398308992386 0.20020779967308 0.201017290353775 0.202261507511139 0.204809904098511 0.207358300685883 0.209906712174416 0.212455108761787 0.215003505349159 0.217551916837692 0.220100313425064 0.213005855679512 0.202697113156319 0.192388370633125 0.182079628109932 0.171770885586739 0.161462143063545 0.151153415441513 0.142364963889122 0.138137370347977 0.133909791707993 0.129682213068008 0.125454619526863 0.121227040886879 0.116999454796314 0.11277186870575 0.111090004444122 0.110256709158421
0.269426375627518 0.260873973369598 0.252321571111679 0.243769183754921 0.236236110329628 0.231761023402214 0.2272859364748 0.222810834646225 0.218335747718811 0.213860660791397 0.209385573863983 0.204910472035408 0.203637093305588 0.203430950641632 0.203224793076515 0.20301865041256 0.202812507748604 0.202606350183487 0.202400207519531 0.20277638733387 0.204899564385414 0.207022726535797 0.20914588868618 0.211269065737724 0.213392227888107 0.215515404939651 0.217638567090034 0.210630014538765 0.200577557086945 0.190525099635124 0.180472642183304 0.170420184731483 0.160367712378502 0.150315254926682 0.141586303710938 0.136827871203423 0.132069438695908 0.127311006188393 0.122552566230297 0.117794133722782 0.113035701215267 0.108277261257172 0.106515929102898 0.105753637850285
0.26371094584465 0.257157474756241 0.250604003667831 0.244050532579422 0.238231912255287 0.23461788892746 0.231003850698471 0.227389827370644 0.223775789141655 0.220161765813828 0.216547727584839 0.212933704257011 0.211113855242729 0.209892064332962 0.208670273423195 0.207448497414589 0.206226706504822 0.205004915595055 0.203783124685287 0.203291267156601 0.204989209771156 0.20668713748455 0.208385080099106 0.210083022713661 0.211780950427055 0.213478893041611 0.215176820755005 0.208254173398018 0.19845800101757 0.188661813735962 0.178865641355515 0.169069468975067 0.159273281693459 0.149477109313011 0.140807658433914 0.135518372058868 0.130229085683823 0.124939799308777 0.119650512933731 0.114361226558685 0.10907194018364 0.103782653808594 0.101941861212254 0.101250559091568
0.25799548625946 0.253440946340561 0.248886406421661 0.244331866502762 0.240227729082108 0.237474754452705 0.234721779823303 0.231968805193901 0.22921584546566 0.226462870836258 0.223709896206856 0.220956921577454 0.218590617179871 0.216353192925453 0.214115753769875 0.211878329515457 0.20964090526104 0.207403481006622 0.205166056752205 0.203806161880493 0.205078855156898 0.206351563334465 0.207624271512032 0.208896964788437 0.210169672966003 0.21144238114357 0.212715074419975 0.205878332257271 0.196338430047035 0.186798542737961 0.177258640527725 0.167718753218651 0.158178851008415 0.148638963699341 0.14002899825573 0.134208872914314 0.128388732671738 0.122568592429161 0.116748459637165 0.110928319394588 0.105108186602592 0.0992880538105965 0.0973677858710289 0.0967474803328514
0.251572489738464 0.24884594976902 0.246119424700737 0.243392884731293 0.240876719355583 0.238991603255272 0.237106487154961 0.235221385955811 0.233336269855499 0.231451153755188 0.229566052556038 0.227680936455727 0.225234642624855 0.222601279616356 0.219967931509018 0.217334568500519 0.214701220393181 0.212067857384682 0.209434509277344 0.207571864128113 0.208021387457848 0.208470895886421 0.208920404314995 0.209369912743568 0.209819436073303 0.210268944501877 0.21071845293045 0.20382633805275 0.194487005472183 0.185147672891617 0.17580834031105 0.166469007730484 0.157129675149918 0.147790342569351 0.139311105012894 0.133412182331085 0.127513244748116 0.121614314615726 0.115715384483337 0.109816454350948 0.103917524218559 0.0980185940861702 0.0962645336985588 0.0958920866250992
0.244441896677017 0.243372455239296 0.242303013801575 0.241233587265015 0.240178897976875 0.239168435335159 0.238157987594604 0.23714753985405 0.236137077212334 0.235126629471779 0.234116181731224 0.233105719089508 0.231045931577682 0.228636354207993 0.226226791739464 0.223817214369774 0.221407637000084 0.218998059630394 0.216588497161865 0.214588403701782 0.213816776871681 0.213045135140419 0.212273508310318 0.211501866579056 0.210730239748955 0.209958598017693 0.209186971187592 0.202098190784454 0.192903697490692 0.183709219098091 0.174514725804329 0.165320232510567 0.156125739216805 0.146931245923042 0.138653963804245 0.133128300309181 0.127602636814117 0.122076965868473 0.116551302373409 0.111025631427765 0.105499967932701 0.0999742969870567 0.0986320897936821 0.0986843705177307
0.23731130361557 0.237898960709572 0.238486617803574 0.239074274897575 0.239481076598167 0.239345282316208 0.239209488034248 0.239073693752289 0.238937899470329 0.23880210518837 0.23866631090641 0.238530516624451 0.23685722053051 0.234671428799629 0.232485637068748 0.230299845337868 0.228114068508148 0.225928276777267 0.223742485046387 0.221604943275452 0.219612166285515 0.217619389295578 0.21562659740448 0.213633820414543 0.211641043424606 0.20964826643467 0.207655474543571 0.200370043516159 0.191320404410362 0.182270750403404 0.173221111297607 0.164171457290649 0.155121803283691 0.146072164177895 0.137996822595596 0.132844418287277 0.127692013978958 0.12253961712122 0.117387212812901 0.112234808504581 0.107082404196262 0.101929999887943 0.100999653339386 0.101476654410362
0.230180725455284 0.232425466179848 0.234670221805573 0.236914962530136 0.238783240318298 0.239522114396095 0.240260973572731 0.240999847650528 0.241738706827164 0.242477566003799 0.243216440081596 0.243955299258232 0.242668509483337 0.240706503391266 0.238744497299194 0.236782491207123 0.234820485115051 0.23285847902298 0.230896472930908 0.228621482849121 0.225407555699348 0.222193628549576 0.218979701399803 0.215765774250031 0.212551847100258 0.209337919950485 0.206123992800713 0.198641896247864 0.189737096428871 0.180832296609879 0.171927481889725 0.163022682070732 0.15411788225174 0.145213067531586 0.137339681386948 0.132560536265373 0.12778140604496 0.123002260923386 0.118223123252392 0.113443978130817 0.108664840459824 0.10388570278883 0.103367209434509 0.104268938302994
0.223050132393837 0.226951971650124 0.230853825807571 0.234755665063858 0.23808541893959 0.239698946475983 0.241312474012375 0.242926001548767 0.244539514183998 0.24615304172039 0.247766569256783 0.249380096793175 0.248479813337326 0.246741577982903 0.24500335752964 0.243265137076378 0.241526901721954 0.239788681268692 0.23805046081543 0.235638022422791 0.231202945113182 0.226767867803574 0.222332790493965 0.217897728085518 0.213462650775909 0.209027573466301 0.204592496156693 0.19691376388073 0.188153803348541 0.179393827915192 0.170633867383003 0.161873906850815 0.153113946318626 0.144353985786438 0.136682540178299 0.13227666914463 0.127870783209801 0.123464912176132 0.119059033691883 0.114653155207634 0.110247276723385 0.105841398239136 0.105734765529633 0.107061222195625
0.215919554233551 0.221478477120399 0.227037414908409 0.232596352696419 0.237387597560883 0.23987577855587 0.242363959550858 0.244852155447006 0.247340336441994 0.249828517436981 0.25231671333313 0.254804879426956 0.254291087388992 0.252776652574539 0.251262217760086 0.249747768044472 0.248233333230019 0.246718883514404 0.245204448699951 0.24265456199646 0.236998334527016 0.231342121958733 0.225685894489288 0.220029667019844 0.214373454451561 0.208717226982117 0.203061014413834 0.195185616612434 0.18657049536705 0.177955374121666 0.169340252876282 0.160725131630898 0.152110010385513 0.143494889140129 0.13602539896965 0.131992787122726 0.127960175275803 0.123927555978298 0.119894944131374 0.115862332284451 0.111829712986946 0.107797101140022 0.108102329075336 0.109853506088257
0.214977830648422 0.221188113093376 0.22739839553833 0.233608692884445 0.238998353481293 0.24192613363266 0.244853913784027 0.247781708836555 0.250709474086761 0.253637284040451 0.256565064191818 0.259492844343185 0.259048581123352 0.257480323314667 0.255912065505981 0.254343807697296 0.252775549888611 0.251207292079926 0.24963903427124 0.246922850608826 0.240762874484062 0.23460291326046 0.228442937135696 0.222282975912094 0.216122999787331 0.209963023662567 0.203803062438965 0.195897832512856 0.187410846352577 0.17892387509346 0.170436888933182 0.161949917674065 0.153462931513786 0.144975960254669 0.137595608830452 0.133535161614418 0.129474729299545 0.125414282083511 0.121353834867477 0.117293395102024 0.11323294788599 0.109172508120537 0.109465129673481 0.111208781599998
0.220224976539612 0.226080879569054 0.231936767697334 0.237792670726776 0.24291767179966 0.245849996805191 0.248782321810722 0.251714646816254 0.254646986722946 0.257579296827316 0.260511636734009 0.263443976640701 0.262752294540405 0.260852605104446 0.25895294547081 0.257053256034851 0.255153596401215 0.253253906965256 0.251354247331619 0.248442903161049 0.242496579885483 0.236550256609917 0.230603933334351 0.224657610058784 0.218711286783218 0.212764963507652 0.206818640232086 0.199050411581993 0.190674871206284 0.182299330830574 0.173923790454865 0.165548250079155 0.157172709703445 0.148797169327736 0.141393169760704 0.136903807520866 0.132414445281029 0.127925083041191 0.123435713350773 0.118946343660355 0.114456981420517 0.109967619180679 0.109823174774647 0.11112704873085
0.225472122430801 0.23097363114357 0.236475139856339 0.241976648569107 0.246836990118027 0.249773859977722 0.252710729837418 0.255647599697113 0.258584469556808 0.261521339416504 0.264458209276199 0.267395079135895 0.266455978155136 0.264224886894226 0.261993795633316 0.259762704372406 0.257531613111496 0.255300521850586 0.253069430589676 0.249962955713272 0.244230285286903 0.238497599959373 0.232764929533005 0.227032259106636 0.221299588680267 0.215566903352737 0.209834232926369 0.202202990651131 0.19393889605999 0.185674786567688 0.177410691976547 0.169146582484245 0.160882487893105 0.152618378400803 0.145190730690956 0.140272453427315 0.135354161262512 0.13043586909771 0.125517591834068 0.120599299669266 0.115681014955044 0.110762722790241 0.110181227326393 0.111045323312283
0.230719268321991 0.235866382718086 0.241013512015343 0.246160626411438 0.250756323337555 0.253697723150253 0.256639152765274 0.259580552577972 0.262521982192993 0.265463382005692 0.268404811620712 0.271346211433411 0.270159691572189 0.267597168684006 0.265034675598145 0.262472152709961 0.2599096596241 0.257347136735916 0.254784643650055 0.251482993364334 0.245963975787163 0.240444958209991 0.234925925731659 0.229406908154488 0.223887875676155 0.218368858098984 0.212849825620651 0.205355569720268 0.197202906012535 0.189050242304802 0.180897578597069 0.172744914889336 0.164592251181602 0.156439602375031 0.148988291621208 0.143641084432602 0.138293877243996 0.132946670055389 0.127599462866783 0.122252255678177 0.116905048489571 0.111557833850384 0.110539272427559 0.110963590443134
0.235966414213181 0.240759134292603 0.245551869273186 0.250344604253769 0.254675656557083 0.257621586322784 0.260567545890808 0.263513505458832 0.266459465026855 0.269405424594879 0.272351384162903 0.275297343730927 0.27386337518692 0.270969450473785 0.268075525760651 0.265181601047516 0.262287676334381 0.259393781423569 0.256499856710434 0.253003060817719 0.247697681188583 0.242392301559448 0.237086921930313 0.231781542301178 0.226476162672043 0.221170797944069 0.215865418314934 0.208508148789406 0.200466930866241 0.192425698041916 0.184384480118752 0.176343262195587 0.168302029371262 0.160260811448097 0.15278585255146 0.14700973033905 0.141233593225479 0.135457471013069 0.129681333899498 0.123905204236507 0.118129074573517 0.112352944910526 0.110897317528725 0.110881857573986
0.24121356010437 0.24565190076828 0.25009024143219 0.2545285820961 0.258594959974289 0.261545479297638 0.264495968818665 0.267446458339691 0.27039697766304 0.273347467184067 0.276297956705093 0.279248476028442 0.277567088603973 0.274341732263565 0.271116405725479 0.267891049385071 0.264665722846985 0.261440396308899 0.258215039968491 0.254523098468781 0.249431386590004 0.244339644908905 0.239247918128967 0.23415619134903 0.229064464569092 0.223972737789154 0.218880996108055 0.211660727858543 0.203730940818787 0.195801168680191 0.187871381640434 0.179941594600677 0.172011807560921 0.164082020521164 0.156583413481712 0.150378361344337 0.144173309206963 0.137968257069588 0.131763219833374 0.125558167695999 0.119353108108044 0.113148055970669 0.111255370080471 0.110800132155418
0.249459519982338 0.253169119358063 0.256878703832626 0.26058828830719 0.263996422290802 0.266500115394592 0.26900377869606 0.27150747179985 0.274011164903641 0.276514858007431 0.279018551111221 0.281522214412689 0.279204934835434 0.275280684232712 0.271356403827667 0.267432123422623 0.263507843017578 0.259583592414856 0.255659312009811 0.251490920782089 0.24659027159214 0.24168960750103 0.23678894340992 0.231888294219971 0.22698763012886 0.22208696603775 0.21718630194664 0.210642442107201 0.203550845384598 0.196459248661995 0.189367666840553 0.18227607011795 0.175184473395348 0.168092876672745 0.161096930503845 0.154387965798378 0.147679001092911 0.140970021486282 0.134261056780815 0.127552077174187 0.120843105018139 0.114134140312672 0.111894823610783 0.11114539951086
0.260704308748245 0.263310790061951 0.265917271375656 0.268523752689362 0.270879983901978 0.27248552441597 0.27409103512764 0.27569654583931 0.277302086353302 0.278907597064972 0.280513107776642 0.282118648290634 0.278776973485947 0.273786246776581 0.268795520067215 0.263804793357849 0.258814066648483 0.253823339939117 0.248832613229752 0.243906527757645 0.239174365997314 0.234442189335823 0.229710012674332 0.22497783601284 0.22024567425251 0.215513497591019 0.210781320929527 0.205453291535378 0.199926629662514 0.194399982690811 0.188873335719109 0.183346673846245 0.177820026874542 0.172293365001678 0.166326403617859 0.15903851389885 0.15175062417984 0.144462734460831 0.137174859642982 0.129886969923973 0.122599072754383 0.115311183035374 0.112815693020821 0.111917674541473
0.271949112415314 0.273452460765839 0.274955838918686 0.276459217071533 0.277763575315475 0.278470933437347 0.279178291559219 0.279885619878769 0.280592978000641 0.281300336122513 0.282007694244385 0.282715052366257 0.278349012136459 0.272291839122772 0.266234636306763 0.260177463293076 0.254120290279388 0.248063117265701 0.242005929350853 0.2363221347332 0.231758445501328 0.227194756269455 0.222631081938744 0.218067392706871 0.213503703474998 0.208940029144287 0.204376339912415 0.200264140963554 0.196302428841591 0.192340716719627 0.188379004597664 0.1844172924757 0.180455580353737 0.176493868231773 0.171555876731873 0.163689076900482 0.155822262167931 0.14795546233654 0.140088647603989 0.132221847772598 0.124355040490627 0.116488233208656 0.113736562430859 0.112689942121506
0.28319388628006 0.283594161272049 0.283994406461716 0.284394651651382 0.284647136926651 0.284456342458725 0.284265518188477 0.284074693918228 0.283883899450302 0.283693075180054 0.283502280712128 0.283311456441879 0.27792102098465 0.270797401666641 0.263673782348633 0.256550133228302 0.249426513910294 0.242302879691124 0.235179245471954 0.228737726807594 0.224342539906502 0.219947338104248 0.215552136301994 0.211156949400902 0.206761747598648 0.202366560697556 0.197971358895302 0.19507497549057 0.192678213119507 0.190281435847282 0.187884673476219 0.185487896203995 0.183091133832932 0.180694356560707 0.176785349845886 0.168339625000954 0.159893900156021 0.151448175311089 0.143002450466156 0.134556725621223 0.126111015677452 0.117665283381939 0.114657439291477 0.113462209701538
