resources/Exp000_Example-Run/Run01_M2/TimeSeries/1990/selection_set/frwlt_avg.asc
NCOLS 265 
NROWS 230 
XLLCORNER -115.5625 
YLLCORNER 24.8333333333333 
CELLSIZE 0.0833333333333333 
NODATA_value -9999 
[rows 140 to 159 of 230, columns 88 to 131 of 265]
0.755221545696259 0.75989955663681 0.764117538928986 0.768335461616516 0.772553443908691 0.776771426200867 0.780989408493042 0.785207331180573 0.789425313472748 0.785590052604675 0.779070377349854 0.772550642490387 0.766030967235565 0.759511291980743 0.752991557121277 0.746471881866455 0.738765716552734 0.727500140666962 0.716234564781189 0.704968929290771 0.693703353404999 0.682437777519226 0.671172142028809 0.659906566143036 0.659109354019165 0.661801636219025 0.664493918418884 0.667186200618744 0.669878482818604 0.672570765018463 0.675263047218323 0.675513327121735 0.668437540531158 0.661361753940582 0.654285967350006 0.647210240364075 0.640134453773499 0.633058667182922 0.625982940196991 0.620119154453278 0.614659368991852 0.609199583530426 0.603739857673645 0.598280072212219
0.766630113124847 0.771462142467499 0.775511801242828 0.779561400413513 0.783611059188843 0.787660658359528 0.791710317134857 0.795759975910187 0.799809575080872 0.793266236782074 0.783191859722137 0.773117542266846 0.763043165206909 0.752968788146973 0.742894470691681 0.732820093631744 0.723216116428375 0.715023279190063 0.706830441951752 0.69863760471344 0.690444707870483 0.682251870632172 0.67405903339386 0.665866196155548 0.667705297470093 0.672888338565826 0.67807137966156 0.683254480361938 0.688437521457672 0.69362062215805 0.698803663253784 0.700848281383514 0.6934774518013 0.686106562614441 0.678735733032227 0.671364903450012 0.663994014263153 0.656623184680939 0.649252355098724 0.642701923847198 0.636425018310547 0.630148112773895 0.623871147632599 0.617594242095947
0.778038680553436 0.783024728298187 0.786906063556671 0.79078733921051 0.794668614864349 0.798549950122833 0.802431225776672 0.806312561035156 0.810193836688995 0.800942420959473 0.787313401699066 0.77368438243866 0.760055363178253 0.746426343917847 0.73279732465744 0.719168305397034 0.707666516304016 0.702546417713165 0.697426319122314 0.692306220531464 0.687186121940613 0.682066023349762 0.676945924758911 0.67182582616806 0.676301181316376 0.683975040912628 0.691648900508881 0.699322760105133 0.706996619701385 0.714670479297638 0.72234433889389 0.726183235645294 0.718517303466797 0.7108513712883 0.703185498714447 0.69551956653595 0.687853634357452 0.680187702178955 0.672521770000458 0.665284752845764 0.658190667629242 0.65109658241272 0.644002497196198 0.636908411979675
0.78944718837738 0.794587314128876 0.798300325870514 0.802013278007507 0.805726230144501 0.809439182281494 0.813152194023132 0.816865146160126 0.820578098297119 0.808618605136871 0.791434943675995 0.774251222610474 0.757067561149597 0.739883899688721 0.7227001786232 0.705516517162323 0.692116916179657 0.690069556236267 0.688022196292877 0.685974836349487 0.683927476406097 0.681880116462708 0.679832756519318 0.677785396575928 0.684897065162659 0.69506174325943 0.705226361751556 0.715391039848328 0.725555658340454 0.735720336437225 0.745884954929352 0.751518189907074 0.743557214736938 0.735596179962158 0.727635204792023 0.719674229621887 0.711713194847107 0.703752219676971 0.695791244506836 0.687867522239685 0.679956316947937 0.672045052051544 0.664133846759796 0.656222581863403
0.796321749687195 0.801864266395569 0.805568993091583 0.809273719787598 0.812978446483612 0.816683173179626 0.820387899875641 0.824092626571655 0.82779735326767 0.813421964645386 0.793019890785217 0.772617816925049 0.75221574306488 0.731813669204712 0.711411595344543 0.691009521484375 0.675514101982117 0.674738705158234 0.673963308334351 0.673187911510468 0.672412514686584 0.671637117862701 0.670861721038818 0.670086324214935 0.679446220397949 0.692184567451477 0.704922914505005 0.717661261558533 0.73039960861206 0.743137955665588 0.755876302719116 0.76364403963089 0.756500124931335 0.749356210231781 0.742212235927582 0.735068321228027 0.727924406528473 0.720780432224274 0.713636517524719 0.706060290336609 0.698339939117432 0.690619587898254 0.682899236679077 0.6751788854599
0.79866224527359 0.804855585098267 0.808712124824524 0.812568724155426 0.816425263881683 0.820281863212585 0.824138462543488 0.827995002269745 0.831851601600647 0.815352559089661 0.792068362236023 0.76878410577774 0.745499908924103 0.72221565246582 0.698931455612183 0.675647258758545 0.65785801410675 0.65655380487442 0.65524959564209 0.65394538640976 0.652641177177429 0.651336967945099 0.650032758712769 0.648728549480438 0.659948706626892 0.675343632698059 0.690738558769226 0.706133484840393 0.72152841091156 0.736923336982727 0.752318263053894 0.762560784816742 0.757346034049988 0.752131342887878 0.746916592121124 0.741701900959015 0.736487150192261 0.731272459030151 0.726057708263397 0.719862997531891 0.713341593742371 0.70682018995285 0.70029878616333 0.69377738237381
0.801002681255341 0.80784684419632 0.811855256557465 0.815863728523254 0.819872140884399 0.823880553245544 0.82788896560669 0.831897377967834 0.835905849933624 0.817283153533936 0.791116774082184 0.764950454235077 0.738784074783325 0.712617695331573 0.686451315879822 0.66028493642807 0.640201926231384 0.638368904590607 0.636535882949829 0.634702861309052 0.632869839668274 0.631036818027496 0.629203796386719 0.627370774745941 0.640451192855835 0.658502697944641 0.676554203033447 0.694605708122253 0.71265721321106 0.730708718299866 0.748760223388672 0.761477530002594 0.758192002773285 0.754906475543976 0.751620948314667 0.748335421085358 0.745049953460693 0.741764426231384 0.738478899002075 0.733665704727173 0.728343188762665 0.723020732402802 0.717698276042938 0.712375819683075
0.803343176841736 0.810838162899017 0.81499844789505 0.819158673286438 0.823318958282471 0.827479243278503 0.831639528274536 0.835799813270569 0.839960038661957 0.81921374797821 0.79016524553299 0.761116743087769 0.732068240642548 0.703019738197327 0.673971235752106 0.64492267370224 0.622545838356018 0.620184004306793 0.617822170257568 0.615460336208344 0.613098502159119 0.610736668109894 0.608374834060669 0.606013000011444 0.620953619480133 0.641661703586578 0.662369847297668 0.683077931404114 0.703786015510559 0.724494159221649 0.745202243328094 0.760394215583801 0.759037911891937 0.757681608200073 0.756325304508209 0.754969000816345 0.753612697124481 0.752256393432617 0.750900089740753 0.74746835231781 0.743344843387604 0.739221334457397 0.735097765922546 0.73097425699234
0.805683672428131 0.81382942199707 0.818141579627991 0.822453677654266 0.826765835285187 0.831077933311462 0.835390031337738 0.839702188968658 0.844014286994934 0.821144342422485 0.78921365737915 0.75728303194046 0.72535240650177 0.693421721458435 0.661491096019745 0.62956041097641 0.604889750480652 0.60199910402298 0.599108457565308 0.596217811107635 0.593327164649963 0.590436518192291 0.587545871734619 0.584655225276947 0.601456105709076 0.62482076883316 0.64818549156189 0.671550154685974 0.694914817810059 0.718279540538788 0.741644203662872 0.759310960769653 0.759883880615234 0.760456740856171 0.761029660701752 0.761602580547333 0.762175500392914 0.76274836063385 0.763321280479431 0.761271059513092 0.758346498012543 0.755421876907349 0.752497315406799 0.749572694301605
0.808024168014526 0.816820740699768 0.821284711360931 0.825748682022095 0.830212652683258 0.834676623344421 0.839140594005585 0.843604564666748 0.848068535327911 0.82307493686676 0.788262128829956 0.753449320793152 0.718636572360992 0.683823764324188 0.649010956287384 0.61419814825058 0.58723372220993 0.583814263343811 0.580394804477692 0.576975286006927 0.573555827140808 0.570136368274689 0.566716909408569 0.56329745054245 0.581958532333374 0.607979834079742 0.634001076221466 0.660022377967834 0.686043679714203 0.712064921855927 0.738086223602295 0.758227705955505 0.760729789733887 0.763231933116913 0.765734016895294 0.76823616027832 0.770738244056702 0.773240387439728 0.775742471218109 0.775073766708374 0.773348093032837 0.771622478961945 0.769896805286407 0.768171191215515
0.806324541568756 0.815672516822815 0.82073312997818 0.8257936835289 0.83085423707962 0.835914850234985 0.840975403785706 0.846035957336426 0.851096570491791 0.826363742351532 0.791699826717377 0.757035911083221 0.722371995449066 0.687708079814911 0.653044164180756 0.6183802485466 0.590403020381927 0.582485854625702 0.574568688869476 0.566651523113251 0.558734357357025 0.5508171916008 0.542900025844574 0.534982860088348 0.553854048252106 0.581654727458954 0.609455406665802 0.63725608587265 0.665056765079498 0.692857444286346 0.720658123493195 0.742871880531311 0.748324751853943 0.753777623176575 0.759230494499207 0.764683365821838 0.77013623714447 0.775589108467102 0.781041979789734 0.781894564628601 0.781213641166687 0.780532777309418 0.779851913452148 0.779171049594879
0.800584733486176 0.8103848695755 0.816486775875092 0.822588682174683 0.828690648078918 0.83479255437851 0.840894460678101 0.846996426582336 0.853098332881927 0.831010818481445 0.799526810646057 0.768042743206024 0.736558735370636 0.705074727535248 0.67359071969986 0.642106711864471 0.614397764205933 0.598013997077942 0.581630229949951 0.56524646282196 0.54886269569397 0.532478928565979 0.516095221042633 0.49971142411232 0.517142653465271 0.545845568180084 0.574548423290253 0.603251338005066 0.631954252719879 0.660657107830048 0.689360022544861 0.71324348449707 0.722668647766113 0.732093870639801 0.741519033908844 0.750944197177887 0.760369420051575 0.769794583320618 0.779219806194305 0.781733393669128 0.781943142414093 0.782152891159058 0.782362639904022 0.782572329044342
0.79484498500824 0.805097162723541 0.812240421772003 0.81938374042511 0.826526999473572 0.833670258522034 0.84081357717514 0.847956836223602 0.855100095272064 0.835657835006714 0.807353734970093 0.779049634933472 0.750745534896851 0.722441375255585 0.694137275218964 0.665833175182343 0.638392508029938 0.613542139530182 0.588691771030426 0.56384140253067 0.538991093635559 0.514140725135803 0.489290356636047 0.464439988136292 0.480431228876114 0.51003634929657 0.539641439914703 0.569246590137482 0.598851680755615 0.628456771373749 0.658061861991882 0.68361508846283 0.697012603282928 0.710410118103027 0.723807573318481 0.73720508813858 0.750602602958679 0.764000117778778 0.777397572994232 0.781572222709656 0.782672584056854 0.783772945404053 0.784873306751251 0.78597366809845
0.789105176925659 0.799809455871582 0.807994067668915 0.816178739070892 0.824363350868225 0.832548022270203 0.840732634067535 0.848917245864868 0.857101917266846 0.840304911136627 0.815180718898773 0.790056467056274 0.76493227481842 0.739808082580566 0.714683830738068 0.689559638500214 0.662387251853943 0.629070281982422 0.595753312110901 0.562436401844025 0.529119431972504 0.495802462100983 0.462485522031784 0.429168552160263 0.443719834089279 0.474227130413055 0.504734456539154 0.535241782665253 0.565749108791351 0.59625643491745 0.626763761043549 0.653986692428589 0.671356499195099 0.688726365566254 0.706096172332764 0.723465979099274 0.740835785865784 0.758205592632294 0.775575399398804 0.781411111354828 0.783402025699615 0.785392999649048 0.78738397359848 0.789374947547913
0.783365428447723 0.794521749019623 0.803747773170471 0.812973737716675 0.822199761867523 0.831425726413727 0.84065169095993 0.849877715110779 0.859103679656982 0.844951927661896 0.823007643222809 0.801063358783722 0.77911901473999 0.757174730300903 0.735230386257172 0.713286101818085 0.686381995677948 0.644598424434662 0.602814853191376 0.561031341552734 0.519247770309448 0.477464228868484 0.435680687427521 0.393897145986557 0.407008409500122 0.438417941331863 0.469827473163605 0.501237034797668 0.532646536827087 0.564056098461151 0.595465660095215 0.624358355998993 0.645700454711914 0.66704261302948 0.688384711742401 0.709726810455322 0.731068968772888 0.752411067485809 0.773753225803375 0.781249940395355 0.784131526947021 0.787013113498688 0.789894640445709 0.792776226997375
0.777625620365143 0.789234101772308 0.799501419067383 0.809768736362457 0.820036113262177 0.830303430557251 0.84057080745697 0.850838124752045 0.861105501651764 0.849599003791809 0.830834567546844 0.812070190906525 0.79330575466156 0.77454137802124 0.755776941776276 0.737012565135956 0.710376679897308 0.660126566886902 0.609876394271851 0.559626281261444 0.509376108646393 0.459125995635986 0.408875852823257 0.358625710010529 0.370296984910965 0.402608752250671 0.434920489788055 0.467232257127762 0.499544024467468 0.531855762004852 0.564167499542236 0.594729959964752 0.620044410228729 0.645358860492706 0.670673251152039 0.695987701416016 0.721302151679993 0.74661660194397 0.771931052207947 0.781088769435883 0.784860968589783 0.788633167743683 0.792405366897583 0.796177566051483
0.763070166110992 0.775574862957001 0.787156164646149 0.798737466335297 0.810318768024445 0.821900069713593 0.83348137140274 0.845062613487244 0.856643915176392 0.847173452377319 0.830685794353485 0.814198076725006 0.797710359096527 0.781222641468048 0.764734923839569 0.748247265815735 0.722442507743835 0.668686747550964 0.614930987358093 0.561175227165222 0.507419466972351 0.453663676977158 0.399907916784286 0.346152126789093 0.356234163045883 0.387595474720001 0.418956786394119 0.450318098068237 0.481679409742355 0.513040721416473 0.544402062892914 0.57489937543869 0.602804780006409 0.630710184574127 0.658615529537201 0.686520934104919 0.714426338672638 0.742331743240356 0.77023708820343 0.780306220054626 0.784429848194122 0.788553535938263 0.792677164077759 0.796800851821899
0.739699006080627 0.753544211387634 0.766712009906769 0.779879868030548 0.793047726154327 0.806215524673462 0.819383382797241 0.832551181316376 0.845719039440155 0.837675333023071 0.822561144828796 0.807446956634521 0.792332768440247 0.777218580245972 0.762104392051697 0.746990203857422 0.722579419612885 0.670279026031494 0.617978572845459 0.565678119659424 0.513377726078033 0.461077302694321 0.408776849508286 0.356476426124573 0.364819973707199 0.39337819814682 0.421936392784119 0.450494587421417 0.479052811861038 0.507611036300659 0.536169230937958 0.564866602420807 0.593981623649597 0.623096585273743 0.652211546897888 0.681326508522034 0.710441529750824 0.73955649137497 0.768671452999115 0.778902173042297 0.78283816576004 0.786774158477783 0.790710151195526 0.794646143913269
0.716327905654907 0.731513500213623 0.746267914772034 0.7610222697258 0.775776624679565 0.790531039237976 0.805285394191742 0.820039749145508 0.834794163703918 0.828177213668823 0.814436554908752 0.800695836544037 0.786955177783966 0.773214519023895 0.75947380065918 0.745733141899109 0.722716331481934 0.671871244907379 0.621026158332825 0.57018107175827 0.519335985183716 0.468490898609161 0.417645812034607 0.366800725460052 0.373405784368515 0.399160891771317 0.424915969371796 0.450671076774597 0.476426184177399 0.5021812915802 0.527936398983002 0.554833889007568 0.585158407688141 0.615482985973358 0.645807564258575 0.676132142543793 0.706456661224365 0.736781239509583 0.7671058177948 0.777498185634613 0.781246483325958 0.784994781017303 0.788743138313293 0.792491436004639
0.692956745624542 0.709482848644257 0.725823760032654 0.742164671421051 0.758505582809448 0.774846494197845 0.791187405586243 0.80752831697464 0.823869228363037 0.818679094314575 0.806311905384064 0.793944776058197 0.781577587127686 0.769210398197174 0.756843268871307 0.744476079940796 0.722853243350983 0.673463523387909 0.62407374382019 0.574684023857117 0.525294244289398 0.475904524326324 0.426514774560928 0.377125024795532 0.381991595029831 0.404943585395813 0.427895575761795 0.450847566127777 0.473799556493759 0.496751576662064 0.519703567028046 0.544801115989685 0.576335251331329 0.607869386672974 0.639403581619263 0.670937716960907 0.702471852302551 0.734005987644196 0.765540182590485 0.776094198226929 0.779654800891876 0.783215463161469 0.786776065826416 0.790336728096008
