resources/Exp000_Example-Run/Run01_M2/TimeSeries/1990/selection_set/frwlt_avg.asc
NCOLS 265 
NROWS 230 
XLLCORNER -115.5625 
YLLCORNER 24.8333333333333 
CELLSIZE 0.0833333333333333 
NODATA_value -9999 
[rows 80 to 99 of 230, columns 220 to 263 of 265]
0.0921526476740837 0.0936278775334358 0.0951030999422073 0.0965783298015594 0.0983293056488037 0.100907526910305 0.103485740721226 0.106063961982727 0.108642175793648 0.111220397055149 0.11379861086607 0.116376832127571 0.116617374122143 0.116078697144985 0.115540012717247 0.115001335740089 0.114462651312351 0.113923966884613 0.113385289907455 0.114144206047058 0.118795923888683 0.123447634279728 0.128099352121353 0.132751062512398 0.137402772903442 0.142054483294487 0.146706208586693 0.149081885814667 0.150698900222778 0.15231591463089 0.15393291413784 0.155549928545952 0.157166942954063 0.158783957362175 0.159699603915215 0.158511191606522 0.157322779297829 0.156134366989136 0.154945954680443 0.15375754237175 0.152569144964218 0.151380732655525 0.148557618260384 0.145189598202705
0.0873794108629227 0.089506596326828 0.0916337743401527 0.0937609598040581 0.096044659614563 0.098797895014286 0.10155113786459 0.104304373264313 0.107057616114616 0.109810851514339 0.112564094364643 0.115317329764366 0.115685500204563 0.115258656442165 0.114831805229187 0.114404954016209 0.11397810280323 0.113551251590252 0.113124407827854 0.114021107554436 0.118888460099697 0.123755820095539 0.1286231726408 0.133490532636642 0.138357877731323 0.143225237727165 0.148092597723007 0.15069654583931 0.152546033263206 0.154395520687103 0.156245008111 0.158094480633736 0.159943968057632 0.161793455481529 0.162800937891006 0.161282390356064 0.159763842821121 0.158245295286179 0.156726747751236 0.155208200216293 0.153689667582512 0.152171120047569 0.149098843336105 0.145508661866188
0.0826061815023422 0.0853853151202202 0.0881644561886787 0.0909435898065567 0.0937600061297417 0.0966882705688477 0.099616527557373 0.102544791996479 0.105473048985004 0.10840130597353 0.111329570412636 0.114257827401161 0.114753633737564 0.114438615739346 0.114123590290546 0.113808572292328 0.113493554294109 0.113178536295891 0.112863518297672 0.113898001611233 0.118981003761292 0.12406399846077 0.129146993160248 0.134229987859726 0.139312997460365 0.144395992159843 0.149478986859322 0.152311205863953 0.154393166303635 0.156475126743317 0.158557087182999 0.160639047622681 0.162721008062363 0.164802968502045 0.165902256965637 0.164053589105606 0.162204906344414 0.160356223583221 0.158507540822029 0.156658858060837 0.154810190200806 0.152961507439613 0.149640068411827 0.145827725529671
0.0778329446911812 0.0812640339136124 0.0846951305866241 0.0881262198090553 0.091475360095501 0.0945786386728287 0.0976819172501564 0.100785203278065 0.103888481855392 0.106991767883301 0.110095046460629 0.113198332488537 0.113821759819984 0.113618575036526 0.113415382802486 0.113212198019028 0.113009005784988 0.11280582100153 0.112602636218071 0.11377490311861 0.119073539972305 0.124372184276581 0.129670813679695 0.134969457983971 0.140268102288246 0.14556673169136 0.150865375995636 0.153925865888596 0.156240299344063 0.15855473279953 0.160869166254997 0.163183599710464 0.165498033165932 0.167812466621399 0.169003590941429 0.166824772953987 0.164645954966545 0.162467151880264 0.160288333892822 0.15810951590538 0.155930712819099 0.153751894831657 0.150181293487549 0.146146789193153
0.0750814378261566 0.079027883708477 0.0829743221402168 0.0869207680225372 0.0907668843865395 0.0943120121955872 0.0978571474552155 0.101402275264263 0.104947410523891 0.108492538332939 0.112037666141987 0.115582801401615 0.116112850606441 0.115637876093388 0.115162901580334 0.11468792706728 0.114212952554226 0.113737978041172 0.113263003528118 0.114234998822212 0.11954789608717 0.124860793352127 0.130173698067665 0.135486587882042 0.14079949259758 0.146112397313118 0.151425287127495 0.154590293765068 0.157039329409599 0.159488365054131 0.161937415599823 0.164386451244354 0.166835486888885 0.169284522533417 0.170537069439888 0.168200150132179 0.165863230824471 0.163526311516762 0.161189392209053 0.158852458000183 0.156515538692474 0.154178619384766 0.150516510009766 0.146412655711174
0.0743516534566879 0.078676849603653 0.083002045750618 0.087327241897583 0.0916345939040184 0.0958883985877037 0.100142203271389 0.104396007955074 0.10864982008934 0.112903624773026 0.117157429456711 0.121411234140396 0.121626906096935 0.120496526360512 0.119366146624088 0.118235774338245 0.117105394601822 0.115975014865398 0.114844635128975 0.115278296172619 0.120404072105885 0.12552984058857 0.130655616521835 0.135781392455101 0.140907168388367 0.146032944321632 0.151158720254898 0.15430448949337 0.156790271401405 0.159276038408279 0.161761820316315 0.164247587323189 0.166733369231224 0.169219136238098 0.170502722263336 0.168179720640182 0.165856704115868 0.163533702492714 0.16121070086956 0.158887699246407 0.156564697623253 0.154241696000099 0.150645673274994 0.146625325083733
0.0736218690872192 0.0783258229494095 0.0830297693610191 0.0877337157726288 0.0925022959709167 0.0974647775292397 0.102427259087563 0.107389748096466 0.112352229654789 0.117314711213112 0.122277192771435 0.127239674329758 0.127140954136848 0.125355184078217 0.123569391667843 0.12178361415863 0.119997829198837 0.118212051689625 0.116426266729832 0.116321593523026 0.121260240674019 0.126198887825012 0.131137549877167 0.13607619702816 0.141014844179153 0.145953506231308 0.150892153382301 0.154018700122833 0.15654119849205 0.159063711762428 0.161586225032806 0.164108738303185 0.166631236672401 0.16915374994278 0.170468360185623 0.168159276247025 0.165850192308426 0.163541108369827 0.161232024431229 0.15892294049263 0.156613856554031 0.154304757714272 0.150774851441383 0.146837994456291
0.0728920921683311 0.0779747888445854 0.0830574855208397 0.0881401896476746 0.0933700054883957 0.0990411639213562 0.104712322354317 0.110383480787277 0.116054639220238 0.121725797653198 0.127396956086159 0.133068114519119 0.132655009627342 0.13021382689476 0.127772644162178 0.125331461429596 0.122890271246433 0.120449081063271 0.118007898330688 0.117364890873432 0.122116416692734 0.126867949962616 0.131619468331337 0.136371001601219 0.141122534871101 0.145874053239822 0.150625586509705 0.153732895851135 0.156292140483856 0.158851385116577 0.161410629749298 0.163969874382019 0.16652911901474 0.169088363647461 0.17043399810791 0.168138831853867 0.165843665599823 0.163548499345779 0.161253333091736 0.158958166837692 0.156663000583649 0.154367834329605 0.150904029607773 0.147050678730011
0.0721623077988625 0.0776237547397614 0.0830852091312408 0.0885466635227203 0.094237707555294 0.100617542862892 0.10699737817049 0.113377213478088 0.119757048785686 0.126136884093285 0.132516711950302 0.138896554708481 0.138169065117836 0.135072484612465 0.131975889205933 0.1288792937994 0.125782713294029 0.122686117887497 0.119589529931545 0.118408180773258 0.122972585260868 0.127536997199059 0.132101401686668 0.136665806174278 0.141230210661888 0.145794615149498 0.150359019637108 0.153447106480598 0.156043082475662 0.158639058470726 0.16123503446579 0.163831010460854 0.166427001357079 0.169022977352142 0.170399650931358 0.16811840236187 0.165837153792381 0.163555905222893 0.161274656653404 0.158993408083916 0.156712159514427 0.154430910944939 0.151033207774162 0.14726334810257
0.0714325234293938 0.0772727280855179 0.083112932741642 0.0889531373977661 0.095105417072773 0.102193929255009 0.109282433986664 0.1163709461689 0.123459458351135 0.130547970533371 0.137636482715607 0.144724994897842 0.14368312060833 0.139931127429008 0.136179134249687 0.132427141070366 0.128675147891045 0.124923147261143 0.121171154081821 0.119451478123665 0.123828761279583 0.128206044435501 0.132583320140839 0.136960610747337 0.141337886452675 0.145715162158012 0.150092452764511 0.1531613022089 0.155794024467468 0.158426731824875 0.161059439182281 0.163692161440849 0.166324868798256 0.168957591056824 0.170365288853645 0.168097957968712 0.165830627083778 0.163563296198845 0.161295965313911 0.159028634428978 0.156761303544044 0.154493972659111 0.151162385940552 0.147476017475128
0.0703288614749908 0.0765464976429939 0.082764133810997 0.0889817699790001 0.0955772772431374 0.103306390345097 0.111035510897636 0.118764623999596 0.126493737101555 0.134222865104675 0.141951978206635 0.149681091308594 0.148396492004395 0.144107311964035 0.139818117022514 0.135528936982155 0.131239756941795 0.126950576901436 0.122661396861076 0.120517522096634 0.124809585511684 0.129101648926735 0.133393719792366 0.137685775756836 0.141977846622467 0.146269902586937 0.150561973452568 0.153514891862869 0.156021445989609 0.158528000116348 0.161034554243088 0.163541108369827 0.166047647595406 0.168554201722145 0.169966712594032 0.168097123503685 0.166227534413338 0.16435794532299 0.162488341331482 0.160618752241135 0.158749163150787 0.15687957406044 0.153625771403313 0.14991058409214
0.0688513144850731 0.0754450634121895 0.0820388123393059 0.0886325612664223 0.0956532880663872 0.103954941034317 0.112256594002247 0.120558246970177 0.128859907388687 0.137161552906036 0.145463213324547 0.153764858841896 0.152309164404869 0.147601008415222 0.142892852425575 0.138184696435928 0.133476555347443 0.128768399357796 0.124060243368149 0.121606312692165 0.125915065407753 0.13022381067276 0.134532570838928 0.138841316103935 0.143150076270103 0.14745882153511 0.151767566800117 0.154507875442505 0.156725376844406 0.158942863345146 0.161160349845886 0.163377836346626 0.165595337748528 0.167812824249268 0.16920393705368 0.168115898966789 0.167027860879898 0.165939822793007 0.164851784706116 0.163763746619225 0.162675708532333 0.161587670445442 0.158423393964767 0.154567033052444
0.0673737749457359 0.0743436366319656 0.0813134983181953 0.088283360004425 0.0957293063402176 0.104603491723537 0.113477684557438 0.122351869940758 0.131226062774658 0.140100255608559 0.148974433541298 0.157848626375198 0.156221836805344 0.151094704866409 0.145967587828636 0.140840455889702 0.135713338851929 0.130586206912994 0.125459089875221 0.122695110738277 0.127020552754402 0.131345987319946 0.13567142188549 0.139996856451035 0.14432230591774 0.148647740483284 0.152973175048828 0.15550085902214 0.157429292798042 0.159357726573944 0.161286160349846 0.163214579224586 0.165143013000488 0.16707144677639 0.168441146612167 0.168134674429893 0.167828187346458 0.167521700263023 0.16721522808075 0.166908740997314 0.166602268815041 0.166295781731606 0.163221001625061 0.159223467111588
0.0658962354063988 0.0732422098517418 0.0805881842970848 0.0879341587424278 0.0958053171634674 0.105252042412758 0.114698767662048 0.124145492911339 0.133592218160629 0.14303894340992 0.15248566865921 0.161932393908501 0.160134509205818 0.154588416218758 0.149042308330536 0.143496215343475 0.137950122356415 0.132404029369354 0.126857936382294 0.123783901333809 0.12812602519989 0.132468149065971 0.136810272932053 0.141152411699295 0.145494535565376 0.149836659431458 0.154178783297539 0.156493842601776 0.158133208751678 0.159772589802742 0.161411955952644 0.163051322102547 0.16469070315361 0.166330069303513 0.167678356170654 0.168153434991837 0.168628513813019 0.169103592634201 0.169578656554222 0.170053735375404 0.170528814196587 0.171003893017769 0.168018624186516 0.163879916071892
0.064418688416481 0.0721407756209373 0.0798628628253937 0.08758495002985 0.0958813354372978 0.105900593101978 0.115919858217239 0.12593911588192 0.1359583735466 0.145977631211281 0.155996903777122 0.166016161441803 0.164047181606293 0.158082112669945 0.152117043733597 0.146151974797249 0.140186920762062 0.134221851825714 0.128256782889366 0.12487269192934 0.129231497645378 0.133590325713158 0.137949138879776 0.142307952046394 0.146666765213013 0.151025578379631 0.155384391546249 0.157486826181412 0.158837139606476 0.16018745303154 0.161537751555443 0.162888064980507 0.164238378405571 0.165588691830635 0.166915580630302 0.168172210454941 0.169428840279579 0.170685470104218 0.171942099928856 0.173198729753494 0.174455359578133 0.175711989402771 0.172816246747971 0.168536365032196
0.0629411488771439 0.0710393488407135 0.0791375488042831 0.0872357487678528 0.0959573462605476 0.106549143791199 0.11714094132185 0.127732738852501 0.138324528932571 0.148916333913803 0.159508123993874 0.170099928975105 0.167959854006767 0.161575809121132 0.155191779136658 0.148807734251022 0.142423704266548 0.136039674282074 0.129655629396439 0.125961482524872 0.130336984992027 0.134712487459183 0.139087989926338 0.143463492393494 0.147838994860649 0.152214497327805 0.15658999979496 0.158479809761047 0.159541055560112 0.160602316260338 0.161663562059402 0.162724807858467 0.163786053657532 0.164847314357758 0.166152790188789 0.168190971016884 0.17022916674614 0.172267347574234 0.17430554330349 0.176343724131584 0.17838191986084 0.180420100688934 0.177613854408264 0.1731928139925
0.0636497363448143 0.0722678378224373 0.0808859467506409 0.0895040482282639 0.0986143201589584 0.109201073646545 0.119787834584713 0.130374595522881 0.140961349010468 0.151548102498055 0.162134870886803 0.17272162437439 0.170546784996986 0.164118081331253 0.157689362764359 0.151260659098625 0.144831940531731 0.138403236865997 0.131974533200264 0.128248780965805 0.132631927728653 0.137015089392662 0.14139823615551 0.145781382918358 0.150164544582367 0.154547691345215 0.158930838108063 0.160771086812019 0.161763697862625 0.162756308913231 0.163748934864998 0.164741545915604 0.165734156966209 0.166726768016815 0.168036311864853 0.170296639204025 0.172556966543198 0.17481729388237 0.177077621221542 0.179337948560715 0.181598275899887 0.183858603239059 0.181278973817825 0.177086025476456
0.0665444582700729 0.0758262574672699 0.0851080566644669 0.0943898558616638 0.103852242231369 0.113856390118599 0.123860530555248 0.133864685893059 0.143868818879128 0.153872966766357 0.163877114653587 0.173881262540817 0.171807989478111 0.165708899497986 0.15960980951786 0.153510734438896 0.147411644458771 0.141312554478645 0.135213479399681 0.131734594702721 0.136116355657578 0.140498116612434 0.144879877567291 0.149261638522148 0.153643399477005 0.158025160431862 0.162406921386719 0.164360657334328 0.165505066514015 0.166649460792542 0.167793869972229 0.168938264250755 0.170082658529282 0.171227067708969 0.172566130757332 0.174489185214043 0.176412224769592 0.178335279226303 0.180258333683014 0.182181388139725 0.184104442596436 0.186027482151985 0.183811575174332 0.180215999484062
0.069439172744751 0.0793846696615219 0.0893301665782928 0.0992756634950638 0.10909017175436 0.118511699140072 0.127933233976364 0.137354761362076 0.146776303648949 0.15619783103466 0.165619358420372 0.175040885806084 0.173069179058075 0.167299717664719 0.161530256271362 0.155760794878006 0.14999133348465 0.144221872091293 0.138452410697937 0.135220408439636 0.139600783586502 0.143981143832207 0.148361518979073 0.152741894125938 0.157122254371643 0.161502629518509 0.165882989764214 0.167950227856636 0.169246420264244 0.170542612671852 0.17183880507946 0.173134982585907 0.174431174993515 0.175727367401123 0.177095949649811 0.17868173122406 0.180267497897148 0.181853279471397 0.183439046144485 0.185024827718735 0.186610594391823 0.188196375966072 0.186344176530838 0.18334598839283
0.0723338946700096 0.0829430893063545 0.0935522764921188 0.104161471128464 0.114328093826771 0.123167015612125 0.132005929946899 0.140844851732254 0.149683773517609 0.158522695302963 0.167361602187157 0.176200523972511 0.1743303835392 0.168890535831451 0.163450703024864 0.158010870218277 0.15257103741169 0.147131189703941 0.141691356897354 0.138706222176552 0.143085196614265 0.14746418595314 0.151843160390854 0.156222134828568 0.160601124167442 0.164980098605156 0.16935907304287 0.171539798378944 0.172987774014473 0.174435749650002 0.175883740186691 0.17733171582222 0.178779691457748 0.180227667093277 0.18162576854229 0.182874277234077 0.184122771024704 0.18537126481533 0.186619773507118 0.187868267297745 0.189116761088371 0.190365269780159 0.188876777887344 0.186475977301598
