resources/Exp000_Example-Run/Run01_M2/TimeSeries/1990/selection_set/prevtot_avg.asc
NCOLS 265 
NROWS 230 
XLLCORNER -115.5625 
YLLCORNER 24.8333333333333 
CELLSIZE 0.0833333333333333 
NODATA_value -9999 
[rows 108 to 125 of 230, columns 0 to 40 of 265]
6.83837333781412e-06 6.86656358084292e-06 6.89475382387172e-06 6.92294406690053e-06 6.95113430992933e-06 6.97932409821078e-06 7.00751434123958e-06 7.10468566467171e-06 7.2248503784067e-06 7.34501509214169e-06 7.46518026062404e-06 7.58534497435903e-06 7.70550923334667e-06 7.82567440182902e-06 7.99184363131644e-06 8.2960268628085e-06 8.60020918480586e-06 8.90439241629792e-06 9.20857473829528e-06 9.51275796978734e-06 9.8169412012794e-06 1.01211235232768e-05 1.0376676073065e-05 1.06160177892889e-05 1.08553595055128e-05 1.10947021312313e-05 1.13340438474552e-05 1.1573385563679e-05 1.18127281893976e-05 1.19829692266649e-05 1.19459082270623e-05 1.19088481369545e-05 1.18717871373519e-05 1.18347270472441e-05 1.17976660476415e-05 1.17606059575337e-05 1.17235449579312e-05 1.18364478112198e-05 1.19993392218021e-05 1.21622297228896e-05 1.23251202239771e-05
6.68448092255858e-06 6.73659860694897e-06 6.78871629133937e-06 6.84083352098241e-06 6.89295120537281e-06 6.94506888976321e-06 6.99718611940625e-06 7.09772757545579e-06 7.21441028872505e-06 7.3310930019943e-06 7.44777571526356e-06 7.56445797378547e-06 7.68114114180207e-06 7.79782385507133e-06 7.9586297943024e-06 8.251808139903e-06 8.54498739499832e-06 8.83816574059892e-06 9.13134408619953e-06 9.42452243180014e-06 9.71770077740075e-06 1.00108791230014e-05 1.02538760984316e-05 1.04801456473069e-05 1.07064151961822e-05 1.09326847450575e-05 1.11589542939328e-05 1.1385223842808e-05 1.16114933916833e-05 1.17867402877891e-05 1.18089201350813e-05 1.18310990728787e-05 1.18532789201709e-05 1.1875458767463e-05 1.18976386147551e-05 1.19198184620473e-05 1.19419973998447e-05 1.20191798487213e-05 1.21146958917961e-05 1.22102128443657e-05 1.23057288874406e-05
6.53058896205039e-06 6.60663363305503e-06 6.68267875880701e-06 6.75872342981165e-06 6.83476810081629e-06 6.91081322656828e-06 6.98685789757292e-06 7.09076948623988e-06 7.2039701990434e-06 7.31717045709956e-06 7.43037116990308e-06 7.54357142795925e-06 7.65677214076277e-06 7.76997239881894e-06 7.92541595728835e-06 8.20759032649221e-06 8.48976469569607e-06 8.77193906489993e-06 9.05411343410378e-06 9.33628689381294e-06 9.6184612630168e-06 9.90063563222066e-06 1.0131077033293e-05 1.0344273505325e-05 1.05574708868517e-05 1.07706673588837e-05 1.09838647404104e-05 1.11970612124423e-05 1.1410258593969e-05 1.15905113489134e-05 1.16719311336055e-05 1.17533509182977e-05 1.18347707029898e-05 1.19161904876819e-05 1.1997610272374e-05 1.20790300570661e-05 1.21604498417582e-05 1.22019118862227e-05 1.22300534712849e-05 1.22581959658419e-05 1.22863375509041e-05
6.37669654679485e-06 6.47666865916108e-06 6.57664122627466e-06 6.67661333864089e-06 6.77658545100712e-06 6.87655756337335e-06 6.97652967573958e-06 7.08381139702396e-06 7.19353010936175e-06 7.30324836695218e-06 7.4129666245426e-06 7.52268488213303e-06 7.63240313972346e-06 7.74212185206125e-06 7.89220302976901e-06 8.16337251308141e-06 8.43454199639382e-06 8.70571238920093e-06 8.97688187251333e-06 9.24805135582574e-06 9.51922174863284e-06 9.79039123194525e-06 1.00082770586596e-05 1.0208401363343e-05 1.04085256680264e-05 1.06086508822045e-05 1.08087751868879e-05 1.10088994915714e-05 1.12090237962548e-05 1.13942824100377e-05 1.15349421321298e-05 1.16756027637166e-05 1.18162624858087e-05 1.19569222079008e-05 1.20975819299929e-05 1.22382425615797e-05 1.23789022836718e-05 1.23846430142294e-05 1.23454110507737e-05 1.2306179087318e-05 1.22669471238623e-05
6.22280458628666e-06 6.34670414001448e-06 6.4706036937423e-06 6.59450279272278e-06 6.7184023464506e-06 6.84230190017843e-06 6.96620145390625e-06 7.0768537625554e-06 7.18308956493274e-06 7.28932582205744e-06 7.39556207918213e-06 7.50179833630682e-06 7.60803413868416e-06 7.71427039580885e-06 7.85898919275496e-06 8.11915469967062e-06 8.37932020658627e-06 8.63948571350193e-06 8.89965122041758e-06 9.15981672733324e-06 9.41998223424889e-06 9.68014774116455e-06 9.88547799352091e-06 1.0072529221361e-05 1.02595813586959e-05 1.04466334960307e-05 1.06336856333655e-05 1.08207377707004e-05 1.10077889985405e-05 1.1198053471162e-05 1.13979531306541e-05 1.15978536996408e-05 1.17977542686276e-05 1.19976539281197e-05 1.21975544971065e-05 1.23974541565985e-05 1.25973547255853e-05 1.25673750517308e-05 1.24607686302625e-05 1.23541622087942e-05 1.22475557873258e-05
6.06891217103112e-06 6.21673916612053e-06 6.3645657064626e-06 6.51239270155202e-06 6.66021969664143e-06 6.80804669173085e-06 6.95587323207292e-06 7.06989567333949e-06 7.17264947525109e-06 7.27540373191005e-06 7.37815753382165e-06 7.48091133573325e-06 7.58366559239221e-06 7.68641984905116e-06 7.82577535574092e-06 8.07493597676512e-06 8.32409750728402e-06 8.57325903780293e-06 8.82241965882713e-06 9.07158118934603e-06 9.32074181037024e-06 9.56990334088914e-06 9.76267801888753e-06 9.93665707937907e-06 1.01106370493653e-05 1.02846161098569e-05 1.04585960798431e-05 1.06325751403347e-05 1.08065551103209e-05 1.10018245322863e-05 1.1260965038673e-05 1.15201055450598e-05 1.17792451419518e-05 1.20383856483386e-05 1.22975261547253e-05 1.25566666611121e-05 1.28158071674989e-05 1.27501061797375e-05 1.25761262097512e-05 1.24021453302703e-05 1.22281644507893e-05
5.9965746004309e-06 6.14808186583105e-06 6.29958913123119e-06 6.45109639663133e-06 6.60260320728412e-06 6.75411047268426e-06 6.9056177380844e-06 7.02351917425403e-06 7.13021881892928e-06 7.23691846360452e-06 7.34361765353242e-06 7.45031729820766e-06 7.55701694288291e-06 7.6637161328108e-06 7.80268965172581e-06 8.03848251962336e-06 8.2742753875209e-06 8.51006825541845e-06 8.74586112331599e-06 8.98165399121353e-06 9.21744685911108e-06 9.45323972700862e-06 9.63809270615457e-06 9.80596450972371e-06 9.97383722278755e-06 1.01417099358514e-05 1.03095826489152e-05 1.04774553619791e-05 1.06453280750429e-05 1.08413914858829e-05 1.11220278995461e-05 1.14026652227039e-05 1.16833016363671e-05 1.19639380500303e-05 1.22445753731881e-05 1.25252117868513e-05 1.28058482005144e-05 1.27400990095339e-05 1.25588867376791e-05 1.23776753753191e-05 1.21964631034643e-05
6.00579187448602e-06 6.14073223914602e-06 6.27567260380602e-06 6.41061342321336e-06 6.54555378787336e-06 6.68049415253336e-06 6.8154349719407e-06 6.93772472004639e-06 7.05579759596731e-06 7.17387001714087e-06 7.29194289306179e-06 7.4100157689827e-06 7.52808864490362e-06 7.64616106607718e-06 7.78973117121495e-06 8.00979159976123e-06 8.22985293780221e-06 8.44991336634848e-06 8.66997470438946e-06 8.89003513293574e-06 9.11009556148201e-06 9.33015689952299e-06 9.51172023633262e-06 9.68045151239494e-06 9.84918278845726e-06 1.00179140645196e-05 1.01866462500766e-05 1.03553775261389e-05 1.05241088022012e-05 1.0716754331952e-05 1.09811435322626e-05 1.1245533642068e-05 1.15099228423787e-05 1.17743120426894e-05 1.20387012430001e-05 1.23030904433108e-05 1.25674796436215e-05 1.25373526316253e-05 1.24090529425303e-05 1.22807523439405e-05 1.21524526548455e-05
6.01500914854114e-06 6.13338261246099e-06 6.25175653112819e-06 6.3701304497954e-06 6.4885043684626e-06 6.6068782871298e-06 6.72525175104965e-06 6.8519298110914e-06 6.98137591825798e-06 7.11082202542457e-06 7.24026813259115e-06 7.36971423975774e-06 7.49916034692433e-06 7.62860645409091e-06 7.77677360019879e-06 7.9811015893938e-06 8.18543048808351e-06 8.38975938677322e-06 8.59408737596823e-06 8.79841627465794e-06 9.00274517334765e-06 9.20707316254266e-06 9.38534867600538e-06 9.55493851506617e-06 9.72452835412696e-06 9.89411910268245e-06 1.00637089417432e-05 1.02332996902987e-05 1.04028895293595e-05 1.05921180875157e-05 1.08402591649792e-05 1.10884011519374e-05 1.13365431388956e-05 1.15846851258539e-05 1.18328271128121e-05 1.20809690997703e-05 1.23291110867285e-05 1.23346053442219e-05 1.22592182378867e-05 1.21838302220567e-05 1.21084422062268e-05
6.02422596784891e-06 6.12603344052332e-06 6.22784045845037e-06 6.32964747637743e-06 6.43145449430449e-06 6.5332619669789e-06 6.63506898490596e-06 6.76613535688375e-06 6.90695469529601e-06 7.04777403370827e-06 7.18859337212052e-06 7.32941271053278e-06 7.47023204894504e-06 7.61105138735729e-06 7.76381511968793e-06 7.95241157902637e-06 8.14100803836482e-06 8.32960449770326e-06 8.5182009570417e-06 8.70679741638014e-06 8.89539387571858e-06 9.08399033505702e-06 9.25897620618343e-06 9.4294255177374e-06 9.59987391979666e-06 9.77032323135063e-06 9.9407725429046e-06 1.01112209449639e-05 1.02816702565178e-05 1.04674809335847e-05 1.06993757071905e-05 1.09312695713015e-05 1.11631643449073e-05 1.1395059118513e-05 1.16269529826241e-05 1.18588477562298e-05 1.20907425298356e-05 1.21318589663133e-05 1.21093835332431e-05 1.20869071906782e-05 1.2064431757608e-05
6.03344324190402e-06 6.11868381383829e-06 6.2039239310252e-06 6.28916450295947e-06 6.37440507489373e-06 6.45964564682799e-06 6.54488621876226e-06 6.68034044792876e-06 6.83253301758668e-06 6.98472604199196e-06 7.13691861164989e-06 7.28911118130782e-06 7.44130375096574e-06 7.59349632062367e-06 7.75085663917707e-06 7.92372156865895e-06 8.09658558864612e-06 8.2694496086333e-06 8.44231453811517e-06 8.61517855810234e-06 8.78804348758422e-06 8.96090750757139e-06 9.13260464585619e-06 9.30391252040863e-06 9.47522039496107e-06 9.64652736001881e-06 9.81783523457125e-06 9.98914310912369e-06 1.01604509836761e-05 1.03428437796538e-05 1.0558491339907e-05 1.07741379906656e-05 1.09897855509189e-05 1.12054322016775e-05 1.1421078852436e-05 1.16367264126893e-05 1.18523730634479e-05 1.19291125884047e-05 1.19595488285995e-05 1.19899850687943e-05 1.20204213089892e-05
6.04266051595914e-06 6.11133418715326e-06 6.18000785834738e-06 6.2486815295415e-06 6.31735565548297e-06 6.38602932667709e-06 6.45470299787121e-06 6.59454599372111e-06 6.75811179462471e-06 6.92167759552831e-06 7.08524385117926e-06 7.24880965208285e-06 7.41237545298645e-06 7.57594125389005e-06 7.73789906816091e-06 7.89503064879682e-06 8.05216313892743e-06 8.20929562905803e-06 8.36642811918864e-06 8.52355969982455e-06 8.68069218995515e-06 8.83782468008576e-06 9.00623217603425e-06 9.17839861358516e-06 9.35056596063077e-06 9.52273239818169e-06 9.6948988357326e-06 9.86706527328352e-06 1.00392317108344e-05 1.02182066257228e-05 1.04176069726236e-05 1.06170064100297e-05 1.08164058474358e-05 1.10158052848419e-05 1.12152056317427e-05 1.14146050691488e-05 1.16140045065549e-05 1.17263653010014e-05 1.18097141239559e-05 1.18930620374158e-05 1.19764108603704e-05
6.09516018812428e-06 6.15102999290684e-06 6.20689934294205e-06 6.26276914772461e-06 6.31863849775982e-06 6.37450830254238e-06 6.43037810732494e-06 6.56844531476963e-06 6.73391150485259e-06 6.89937814968289e-06 7.06484433976584e-06 7.23031052984879e-06 7.3957771746791e-06 7.56124336476205e-06 7.72229395806789e-06 7.87009685154771e-06 8.01789974502753e-06 8.16570354800206e-06 8.31350644148188e-06 8.4613093349617e-06 8.60911222844152e-06 8.75691512192134e-06 8.91783838596893e-06 9.08313359104795e-06 9.24842970562167e-06 9.4137258201954e-06 9.57902193476912e-06 9.74431804934284e-06 9.90961416391656e-06 1.0080031643156e-05 1.02658150353818e-05 1.04515984276077e-05 1.06373818198335e-05 1.08231652120594e-05 1.10089486042853e-05 1.11947319965111e-05 1.1380515388737e-05 1.15140246634837e-05 1.16301089292392e-05 1.17461931949947e-05 1.18622783702449e-05
6.19094316789415e-06 6.23777123109903e-06 6.28459883955657e-06 6.33142690276145e-06 6.37825451121898e-06 6.42508257442387e-06 6.47191063762875e-06 6.60203795632697e-06 6.75993214827031e-06 6.91782634021365e-06 7.07572053215699e-06 7.23361472410033e-06 7.39150891604368e-06 7.54940310798702e-06 7.70404312788742e-06 7.84891926741693e-06 7.99379631644115e-06 8.13867336546537e-06 8.28354950499488e-06 8.4284265540191e-06 8.57330360304331e-06 8.71817974257283e-06 8.86742145667085e-06 9.01811745279701e-06 9.16881344892317e-06 9.31950853555463e-06 9.47020453168079e-06 9.62090052780695e-06 9.77159652393311e-06 9.92831792245852e-06 1.01031164376764e-05 1.02779149528942e-05 1.04527125586173e-05 1.06275110738352e-05 1.08023086795583e-05 1.09771071947762e-05 1.11519048004993e-05 1.12920888568624e-05 1.14207341539441e-05 1.15493794510257e-05 1.16780238386127e-05
6.28672614766401e-06 6.32451201454387e-06 6.36229833617108e-06 6.40008465779829e-06 6.43787052467815e-06 6.47565684630536e-06 6.51344316793256e-06 6.63563105263165e-06 6.78595279168803e-06 6.93627498549176e-06 7.08659672454814e-06 7.23691846360452e-06 7.38724065740826e-06 7.53756239646464e-06 7.68579138821224e-06 7.82774168328615e-06 7.96969288785476e-06 8.11164318292867e-06 8.25359347800259e-06 8.3955437730765e-06 8.53749406815041e-06 8.67944527271902e-06 8.81700452737277e-06 8.95310040505137e-06 9.08919628272997e-06 9.22529216040857e-06 9.36138803808717e-06 9.49748391576577e-06 9.63357979344437e-06 9.77660511125578e-06 9.9404178399709e-06 1.0104230568686e-05 1.02680432974012e-05 1.04318560261163e-05 1.05956696643261e-05 1.07594823930413e-05 1.09232951217564e-05 1.10701530502411e-05 1.12113584691542e-05 1.13525647975621e-05 1.14937702164752e-05
6.38250867268653e-06 6.41125325273606e-06 6.43999783278559e-06 6.46874241283513e-06 6.49748653813731e-06 6.52623111818684e-06 6.55497569823638e-06 6.66922414893634e-06 6.81197343510576e-06 6.95472317602253e-06 7.0974729169393e-06 7.24022265785607e-06 7.38297239877284e-06 7.52572168494225e-06 7.66754055803176e-06 7.80656409915537e-06 7.94558854977367e-06 8.08461300039198e-06 8.22363745101029e-06 8.3626609921339e-06 8.5016854427522e-06 8.64070989337051e-06 8.76658759807469e-06 8.88808335730573e-06 9.00957911653677e-06 9.13107487576781e-06 9.25257063499885e-06 9.37406639422989e-06 9.49556215346092e-06 9.62489139055833e-06 9.77771924226545e-06 9.93054618447786e-06 1.0083374036185e-05 1.02362018878921e-05 1.03890297395992e-05 1.05418575913063e-05 1.06946854430134e-05 1.08482172436197e-05 1.10019836938591e-05 1.11557501440984e-05 1.13095165943378e-05
6.47829165245639e-06 6.49799449092825e-06 6.51769732940011e-06 6.53739971312461e-06 6.55710255159647e-06 6.57680539006833e-06 6.59650822854019e-06 6.70281679049367e-06 6.83799407852348e-06 6.97317182130064e-06 7.10834910933045e-06 7.24352639736026e-06 7.37870414013742e-06 7.51388142816722e-06 7.64928881835658e-06 7.78538651502458e-06 7.92148512118729e-06 8.05758281785529e-06 8.19368051452329e-06 8.3297782111913e-06 8.465876817354e-06 8.601974514022e-06 8.71617066877661e-06 8.82306630956009e-06 8.92996195034357e-06 9.03685759112705e-06 9.14375414140522e-06 9.2506497821887e-06 9.35754542297218e-06 9.47317766986089e-06 9.61502064455999e-06 9.75686270976439e-06 9.89870477496879e-06 1.00405477496679e-05 1.01823898148723e-05 1.03242327895714e-05 1.04660748547758e-05 1.06262805275037e-05 1.07926080090692e-05 1.09589354906348e-05 1.11252620627056e-05
6.57407463222626e-06 6.58473572912044e-06 6.59539637126727e-06 6.60605746816145e-06 6.61671856505563e-06 6.62737966194982e-06 6.638040758844e-06 6.73640988679836e-06 6.86401517668855e-06 6.9916200118314e-06 7.1192253017216e-06 7.2468305916118e-06 7.37443542675464e-06 7.50204071664484e-06 7.6310379881761e-06 7.7642089308938e-06 7.8973807831062e-06 8.0305526353186e-06 8.163724487531e-06 8.2968963397434e-06 8.4300672824611e-06 8.5632391346735e-06 8.66575373947853e-06 8.75804926181445e-06 8.85034569364507e-06 8.94264121598098e-06 9.0349367383169e-06 9.12723226065282e-06 9.21952778298873e-06 9.32146394916344e-06 9.45232113735983e-06 9.58317832555622e-06 9.71403642324731e-06 9.8448936114437e-06 9.97575079964008e-06 1.01066079878365e-05 1.02374651760329e-05 1.04043447208824e-05 1.05832332337741e-05 1.07621208371711e-05 1.09410084405681e-05
