resources/Exp000_Example-Run/Run01_M2/TimeSeries/1990/selection_set/prevtot_avg.asc
NCOLS 265 
NROWS 230 
XLLCORNER -115.5625 
YLLCORNER 24.8333333333333 
CELLSIZE 0.0833333333333333 
NODATA_value -9999 
[rows 108 to 125 of 230, columns 164 to 204 of 265]
1.34679830807727e-05 1.35779309857753e-05 1.36878788907779e-05 1.37978267957806e-05 1.39077756102779e-05 1.40177235152805e-05 1.41276714202831e-05 1.42376193252858e-05 1.43398056025035e-05 1.44394034577999e-05 1.45390013130964e-05 1.46385991683928e-05 1.4738197933184e-05 1.48377957884804e-05 1.49373936437769e-05 1.50332753037219e-05 1.51180056491285e-05 1.52027369040297e-05 1.52874672494363e-05 1.53721975948429e-05 1.54569297592388e-05 1.55416601046454e-05 1.5626390450052e-05 1.57471058628289e-05 1.58798156917328e-05 1.60125255206367e-05 1.61452353495406e-05 1.62779451784445e-05 1.64106550073484e-05 1.65433648362523e-05 1.66773152159294e-05 1.68149890669156e-05 1.69526629179018e-05 1.70903367688879e-05 1.72280106198741e-05 1.73656844708603e-05 1.75033583218465e-05 1.7641033991822e-05 1.78159534698352e-05 1.8003289369517e-05 1.81906252691988e-05
1.35768223117338e-05 1.36797980303527e-05 1.37827737489715e-05 1.38857494675904e-05 1.39887251862092e-05 1.4091700904828e-05 1.41946766234469e-05 1.42976523420657e-05 1.43972183650476e-05 1.4495648429147e-05 1.45940784932463e-05 1.46925085573457e-05 1.47909395309398e-05 1.48893695950392e-05 1.49877996591385e-05 1.50830856000539e-05 1.51689400809119e-05 1.52547936522751e-05 1.53406472236384e-05 1.54265017044963e-05 1.55123561853543e-05 1.55982088472228e-05 1.56840633280808e-05 1.5803792848601e-05 1.59348164743278e-05 1.60658382810652e-05 1.61968600878026e-05 1.63278837135294e-05 1.64589055202669e-05 1.65899273270043e-05 1.67240177688655e-05 1.68673086591298e-05 1.70105995493941e-05 1.71538922586478e-05 1.72971831489122e-05 1.74404740391765e-05 1.75837667484302e-05 1.77270576386945e-05 1.79044745891588e-05 1.80932656803634e-05 1.82820549525786e-05
1.3685661542695e-05 1.37816650749301e-05 1.38776676976704e-05 1.39736712299054e-05 1.40696747621405e-05 1.41656773848808e-05 1.42616809171159e-05 1.43576844493509e-05 1.44546311275917e-05 1.4551893400494e-05 1.46491556733963e-05 1.47464179462986e-05 1.48436802192009e-05 1.49409424921032e-05 1.50382047650055e-05 1.51328958963859e-05 1.52198736032005e-05 1.53068504005205e-05 1.53938271978404e-05 1.54808058141498e-05 1.55677826114697e-05 1.56547594087897e-05 1.57417362061096e-05 1.58604816533625e-05 1.59898172569228e-05 1.61191510414938e-05 1.62484866450541e-05 1.63778222486144e-05 1.65071560331853e-05 1.66364916367456e-05 1.67707203218015e-05 1.6919628251344e-05 1.70685379998758e-05 1.72174459294183e-05 1.73663556779502e-05 1.75152654264821e-05 1.76641733560245e-05 1.78130831045564e-05 1.79929938894929e-05 1.81832401722204e-05 1.83734864549479e-05
1.37945007736562e-05 1.38835312100127e-05 1.3972562555864e-05 1.40615929922205e-05 1.41506234285771e-05 1.42396547744283e-05 1.43286852107849e-05 1.44177165566362e-05 1.45120447996305e-05 1.46081392813358e-05 1.4704233763041e-05 1.48003273352515e-05 1.48964218169567e-05 1.49925162986619e-05 1.50886107803672e-05 1.51827071022126e-05 1.52708071254892e-05 1.53589080582606e-05 1.54470071720425e-05 1.55351081048138e-05 1.56232090375852e-05 1.57113099703565e-05 1.57994090841385e-05 1.5917170458124e-05 1.60448180395178e-05 1.61724656209117e-05 1.63001132023055e-05 1.64277589647099e-05 1.65554065461038e-05 1.66830541274976e-05 1.68174210557481e-05 1.69719478435582e-05 1.71264746313682e-05 1.72810014191782e-05 1.74355282069882e-05 1.75900549947983e-05 1.77445799636189e-05 1.78991067514289e-05 1.80815150088165e-05 1.82732146640774e-05 1.84649161383277e-05
1.39033400046173e-05 1.39853982545901e-05 1.40674565045629e-05 1.41495147545356e-05 1.42315730045084e-05 1.43136321639759e-05 1.43956904139486e-05 1.44777486639214e-05 1.45694575621746e-05 1.46643842526828e-05 1.47593109431909e-05 1.48542367242044e-05 1.49491634147125e-05 1.50440901052207e-05 1.51390167957288e-05 1.52325173985446e-05 1.53217406477779e-05 1.54109638970112e-05 1.5500188965234e-05 1.55894122144673e-05 1.56786354637006e-05 1.5767858712934e-05 1.58570819621673e-05 1.59738592628855e-05 1.60998188221129e-05 1.62257783813402e-05 1.63517379405675e-05 1.64776974997949e-05 1.66036570590222e-05 1.6729618437239e-05 1.68641236086842e-05 1.70242674357723e-05 1.71844112628605e-05 1.73445550899487e-05 1.75047007360263e-05 1.76648445631145e-05 1.78249883902026e-05 1.79851322172908e-05 1.81700343091507e-05 1.83631909749238e-05 1.85563458217075e-05
1.40121792355785e-05 1.40872652991675e-05 1.41623513627565e-05 1.42374374263454e-05 1.43125225804397e-05 1.43876086440287e-05 1.44626947076176e-05 1.45377807712066e-05 1.46268712342135e-05 1.47206292240298e-05 1.48143881233409e-05 1.49081461131573e-05 1.50019050124683e-05 1.50956639117794e-05 1.51894219015958e-05 1.52823286043713e-05 1.53726741700666e-05 1.54630215547513e-05 1.5553368939436e-05 1.56437145051314e-05 1.57340618898161e-05 1.58244092745008e-05 1.59147566591855e-05 1.60305462486576e-05 1.61548196047079e-05 1.62790911417687e-05 1.6403364497819e-05 1.65276360348798e-05 1.66519093909301e-05 1.67761809279909e-05 1.69108261616202e-05 1.70765870279865e-05 1.72423497133423e-05 1.74081105797086e-05 1.75738714460749e-05 1.77396341314306e-05 1.7905394997797e-05 1.80711576831527e-05 1.82585554284742e-05 1.84531654667808e-05 1.86477755050873e-05
1.40971860673744e-05 1.41704185807612e-05 1.42436501846532e-05 1.43168817885453e-05 1.4390114301932e-05 1.44633459058241e-05 1.45365775097162e-05 1.46098100231029e-05 1.46959491758025e-05 1.47863920574309e-05 1.48768349390593e-05 1.4967276911193e-05 1.50577197928214e-05 1.51481617649551e-05 1.52386046465836e-05 1.53297150973231e-05 1.54228273459012e-05 1.55159414134687e-05 1.56090536620468e-05 1.57021659106249e-05 1.57952799781924e-05 1.58883922267705e-05 1.5981506294338e-05 1.60969229909824e-05 1.62197757163085e-05 1.63426266226452e-05 1.64654793479713e-05 1.65883320732974e-05 1.67111847986234e-05 1.68340357049601e-05 1.69678223755909e-05 1.71344127011253e-05 1.7301004845649e-05 1.74675951711833e-05 1.76341854967177e-05 1.7800775822252e-05 1.79673661477864e-05 1.81339564733207e-05 1.83233078132616e-05 1.85202479769941e-05 1.87171863217372e-05
1.41583614094998e-05 1.42348580993712e-05 1.43113538797479e-05 1.43878505696193e-05 1.4464346349996e-05 1.45408430398675e-05 1.46173397297389e-05 1.46938355101156e-05 1.47766932059312e-05 1.48616718433914e-05 1.49466504808515e-05 1.5031628208817e-05 1.51166068462771e-05 1.52015854837373e-05 1.52865632117027e-05 1.53746786963893e-05 1.54722001752816e-05 1.55697216541739e-05 1.56672431330662e-05 1.57647664309479e-05 1.58622879098402e-05 1.59598093887325e-05 1.60573326866142e-05 1.61729876708705e-05 1.62946871569147e-05 1.6416386642959e-05 1.65380843100138e-05 1.6659783796058e-05 1.67814832821023e-05 1.69031827681465e-05 1.70351158885751e-05 1.71977462741779e-05 1.73603766597807e-05 1.75230070453836e-05 1.76856392499758e-05 1.78482696355786e-05 1.80109000211814e-05 1.81735304067843e-05 1.83642951014917e-05 1.85644385055639e-05 1.87645800906466e-05
1.42195358421304e-05 1.42992967084865e-05 1.43790575748426e-05 1.44588184411987e-05 1.45385793075548e-05 1.46183401739108e-05 1.46981010402669e-05 1.4777861906623e-05 1.48574381455546e-05 1.49369516293518e-05 1.50164660226437e-05 1.50959804159356e-05 1.51754948092275e-05 1.52550082930247e-05 1.53345226863166e-05 1.54196404764662e-05 1.55215730046621e-05 1.56235037138686e-05 1.57254344230751e-05 1.58273651322816e-05 1.59292958414881e-05 1.6031228369684e-05 1.61331590788905e-05 1.62490505317692e-05 1.6369598597521e-05 1.64901448442833e-05 1.66106910910457e-05 1.67312373378081e-05 1.68517835845705e-05 1.69723298313329e-05 1.71024075825699e-05 1.72610798472306e-05 1.74197502929019e-05 1.75784207385732e-05 1.77370911842445e-05 1.78957634489052e-05 1.80544338945765e-05 1.82131043402478e-05 1.84052823897218e-05 1.86086272151442e-05 1.8811973859556e-05
1.42807111842558e-05 1.43637362270965e-05 1.44467612699373e-05 1.45297872222727e-05 1.46128122651135e-05 1.46958373079542e-05 1.4778862350795e-05 1.48618883031304e-05 1.49381821756833e-05 1.50122314153123e-05 1.50862815644359e-05 1.51603317135596e-05 1.52343818626832e-05 1.53084311023122e-05 1.53824821609305e-05 1.54646040755324e-05 1.55709440150531e-05 1.56772839545738e-05 1.57836238940945e-05 1.58899638336152e-05 1.59963055921253e-05 1.6102645531646e-05 1.62089854711667e-05 1.63251152116572e-05 1.64445082191378e-05 1.65639030456077e-05 1.66832960530883e-05 1.68026908795582e-05 1.69220838870388e-05 1.70414768945193e-05 1.7169701095554e-05 1.73244116012938e-05 1.7479123926023e-05 1.76338344317628e-05 1.77885449375026e-05 1.79432572622318e-05 1.80979677679716e-05 1.82526800927008e-05 1.84462696779519e-05 1.8652817743714e-05 1.8859365809476e-05
1.43418856168864e-05 1.44281757457065e-05 1.45144658745266e-05 1.46007550938521e-05 1.46870452226722e-05 1.47733344419976e-05 1.48596245708177e-05 1.49459137901431e-05 1.5018926205812e-05 1.50875121107674e-05 1.51560980157228e-05 1.52246830111835e-05 1.52932698256336e-05 1.53618548210943e-05 1.54304416355444e-05 1.55095676745987e-05 1.56203168444335e-05 1.57310660142684e-05 1.58418151841033e-05 1.59525643539382e-05 1.60633135237731e-05 1.6174062693608e-05 1.62848118634429e-05 1.64011798915453e-05 1.6519419659744e-05 1.66376612469321e-05 1.67559010151308e-05 1.68741426023189e-05 1.6992384189507e-05 1.71106239577057e-05 1.72369927895488e-05 1.73877451743465e-05 1.75384957401548e-05 1.76892481249524e-05 1.78399986907607e-05 1.79907510755584e-05 1.81415016413666e-05 1.82922540261643e-05 1.84872551471926e-05 1.86970082722837e-05 1.89067595783854e-05
1.44030609590118e-05 1.44926152643166e-05 1.45821695696213e-05 1.46717238749261e-05 1.47612772707362e-05 1.48508315760409e-05 1.49403858813457e-05 1.50299401866505e-05 1.50996702359407e-05 1.51627918967279e-05 1.5225913557515e-05 1.52890352183022e-05 1.53521559695946e-05 1.54152785398765e-05 1.54783992911689e-05 1.55545312736649e-05 1.5669689673814e-05 1.57848480739631e-05 1.59000046551228e-05 1.60151630552718e-05 1.61303214554209e-05 1.624547985557e-05 1.63606382557191e-05 1.6477242752444e-05 1.65943311003502e-05 1.67114194482565e-05 1.68285077961627e-05 1.6945596144069e-05 1.70626826729858e-05 1.71797710208921e-05 1.7304286302533e-05 1.74510769284097e-05 1.75978693732759e-05 1.7744661818142e-05 1.78914524440188e-05 1.80382448888849e-05 1.81850355147617e-05 1.83318279596278e-05 1.85282424354227e-05 1.8741196981864e-05 1.89541515283054e-05
1.44406576509937e-05 1.45330777741037e-05 1.46254978972138e-05 1.47179180203239e-05 1.48103372339392e-05 1.49027573570493e-05 1.49951774801593e-05 1.50875976032694e-05 1.51585700223222e-05 1.52223938130192e-05 1.52862176037161e-05 1.53500404849183e-05 1.54138633661205e-05 1.54776862473227e-05 1.55415091285249e-05 1.56185960804578e-05 1.57354752445826e-05 1.58523525897181e-05 1.59692299348535e-05 1.60861090989783e-05 1.62029864441138e-05 1.63198637892492e-05 1.6436742953374e-05 1.65539840963902e-05 1.66713471116964e-05 1.67887101270026e-05 1.69060731423087e-05 1.70234343386255e-05 1.71407973539317e-05 1.72581603692379e-05 1.73828739207238e-05 1.75296372617595e-05 1.76764024217846e-05 1.78231657628203e-05 1.79699309228454e-05 1.81166942638811e-05 1.82634594239062e-05 1.84102227649419e-05 1.86093602678739e-05 1.88259546121117e-05 1.90425489563495e-05
1.44546756928321e-05 1.45495623655734e-05 1.46444499478093e-05 1.47393375300453e-05 1.48342251122813e-05 1.49291126945172e-05 1.50239993672585e-05 1.51188869494945e-05 1.51956264744513e-05 1.52663178596413e-05 1.53370074258419e-05 1.54076988110319e-05 1.54783883772325e-05 1.55490779434331e-05 1.56197693286231e-05 1.57017639139667e-05 1.58176735567395e-05 1.59335813805228e-05 1.60494910232956e-05 1.61653988470789e-05 1.62813084898517e-05 1.6397216313635e-05 1.65131259564077e-05 1.66314021043945e-05 1.6750465874793e-05 1.68695314641809e-05 1.69885970535688e-05 1.71076608239673e-05 1.72267264133552e-05 1.73457920027431e-05 1.74727574631106e-05 1.76234261743957e-05 1.77740948856808e-05 1.79247635969659e-05 1.8075432308251e-05 1.82261010195361e-05 1.83767697308213e-05 1.85274384421064e-05 1.8730608644546e-05 1.89512775250478e-05 1.91719482245389e-05
1.44686937346705e-05 1.45660478665377e-05 1.46634029078996e-05 1.47607579492615e-05 1.48581120811286e-05 1.49554671224905e-05 1.50528221638524e-05 1.51501762957196e-05 1.5232683836075e-05 1.53102409967687e-05 1.53877990669571e-05 1.54653553181561e-05 1.55429133883445e-05 1.56204714585328e-05 1.56980295287212e-05 1.57849317474756e-05 1.58998718688963e-05 1.60148101713276e-05 1.61297502927482e-05 1.62446904141689e-05 1.63596287166001e-05 1.64745688380208e-05 1.65895089594414e-05 1.67088182934094e-05 1.6829586456879e-05 1.69503528013593e-05 1.70711209648289e-05 1.71918873093091e-05 1.73126554727787e-05 1.74334218172589e-05 1.75626410054974e-05 1.77172150870319e-05 1.78717873495771e-05 1.80263614311116e-05 1.81809355126461e-05 1.83355077751912e-05 1.84900818567257e-05 1.86446541192709e-05 1.88518570212182e-05 1.90766022569733e-05 1.93013474927284e-05
1.4482711776509e-05 1.4582533367502e-05 1.46823558679898e-05 1.47821774589829e-05 1.48819999594707e-05 1.49818215504638e-05 1.50816440509516e-05 1.51814656419447e-05 1.52697393787093e-05 1.53541641338961e-05 1.54385888890829e-05 1.55230136442697e-05 1.56074383994564e-05 1.56918631546432e-05 1.577628790983e-05 1.58680995809846e-05 1.59820701810531e-05 1.60960407811217e-05 1.62100095622009e-05 1.63239801622694e-05 1.6437950762338e-05 1.65519213624066e-05 1.66658901434857e-05 1.67862363014137e-05 1.69087052199757e-05 1.70311741385376e-05 1.71536448760889e-05 1.72761137946509e-05 1.73985845322022e-05 1.75210534507642e-05 1.76525245478842e-05 1.78110021806788e-05 1.79694816324627e-05 1.81279592652572e-05 1.82864368980518e-05 1.84449145308463e-05 1.86033921636408e-05 1.87618697964353e-05 1.89731053978903e-05 1.92019251699094e-05 1.94307467609178e-05
1.44967298183474e-05 1.45990188684664e-05 1.47013079185854e-05 1.48035978781991e-05 1.49058869283181e-05 1.50081759784371e-05 1.51104659380508e-05 1.52127549881698e-05 1.53067958308384e-05 1.53980890900129e-05 1.54893805301981e-05 1.55806719703833e-05 1.56719634105684e-05 1.5763256669743e-05 1.58545481099281e-05 1.59512674144935e-05 1.606426849321e-05 1.61772695719264e-05 1.62902706506429e-05 1.64032717293594e-05 1.65162709890865e-05 1.6629272067803e-05 1.67422731465194e-05 1.68636524904286e-05 1.69878239830723e-05 1.71119972947054e-05 1.7236168787349e-05 1.73603402799927e-05 1.74845117726363e-05 1.76086850842694e-05 1.77424080902711e-05 1.7904791093315e-05 1.80671740963589e-05 1.82295570994029e-05 1.83919382834574e-05 1.85543212865014e-05 1.87167042895453e-05 1.88790854735998e-05 1.90943537745625e-05 1.93272499018349e-05 1.95601460291073e-05
1.45107478601858e-05 1.46155043694307e-05 1.47202608786756e-05 1.48250173879205e-05 1.49297748066601e-05 1.5034531315905e-05 1.513928782515e-05 1.52440443343949e-05 1.53438522829674e-05 1.54420122271404e-05 1.55401721713133e-05 1.56383302964969e-05 1.57364902406698e-05 1.58346483658534e-05 1.59328083100263e-05 1.60344352480024e-05 1.61464668053668e-05 1.62584983627312e-05 1.63705299200956e-05 1.648256147746e-05 1.65945930348244e-05 1.67066245921887e-05 1.68186561495531e-05 1.6941070498433e-05 1.70669445651583e-05 1.71928186318837e-05 1.73186926986091e-05 1.74445667653345e-05 1.75704408320598e-05 1.76963148987852e-05 1.78322934516473e-05 1.79985800059512e-05 1.81648665602552e-05 1.83311531145591e-05 1.84974414878525e-05 1.86637280421564e-05 1.88300145964604e-05 1.89963011507643e-05 1.92156021512346e-05 1.94525746337604e-05 1.96895452972967e-05
