resources/Exp000_Example-Run/Run01_M2/TimeSeries/1990/selection_set/prevtot_avg.asc
NCOLS 265 
NROWS 230 
XLLCORNER -115.5625 
YLLCORNER 24.8333333333333 
CELLSIZE 0.0833333333333333 
NODATA_value -9999 
[rows 198 to 215 of 230, columns 123 to 163 of 265]
1.68609185493551e-05 1.67134257935686e-05 1.65659348567715e-05 1.64184439199744e-05 1.63503482326632e-05 1.63087152031949e-05 1.62670821737265e-05 1.62254509632476e-05 1.61838179337792e-05 1.61421849043109e-05 1.61005536938319e-05 1.60740491992328e-05 1.60929284902522e-05 1.6111809600261e-05 1.61306888912804e-05 1.61495700012892e-05 1.61684511112981e-05 1.61873304023175e-05 1.62062115123263e-05 1.60638082888909e-05 1.58676448336337e-05 1.56714795593871e-05 1.54753161041299e-05 1.52791526488727e-05 1.50829882841208e-05 1.48868248288636e-05 1.48187464219518e-05 1.5134926798055e-05 1.54511071741581e-05 1.57672857312718e-05 1.6083466107375e-05 1.63996464834781e-05 1.67158268595813e-05 1.70320072356844e-05 1.73389344126917e-05 1.76427802216494e-05 1.79466242116177e-05 1.8250468201586e-05 1.85543140105437e-05 1.8858158000512e-05 1.91620019904803e-05
1.71569645317504e-05 1.69756640389096e-05 1.67943653650582e-05 1.66130666912068e-05 1.65149340318749e-05 1.64445209520636e-05 1.63741078722524e-05 1.63036966114305e-05 1.62332835316192e-05 1.6162870451808e-05 1.60924591909861e-05 1.60321305884281e-05 1.60020554176299e-05 1.59719802468317e-05 1.59419050760334e-05 1.59118299052352e-05 1.5881754734437e-05 1.58516795636388e-05 1.58216043928405e-05 1.56848764163442e-05 1.5512598110945e-05 1.53403216245351e-05 1.51680433191359e-05 1.49957650137367e-05 1.48234876178321e-05 1.46512093124329e-05 1.46102856888319e-05 1.49634215631522e-05 1.53165583469672e-05 1.56696933117928e-05 1.60228300956078e-05 1.63759668794228e-05 1.67291018442484e-05 1.70822386280634e-05 1.73396783793578e-05 1.75652203324717e-05 1.77907604665961e-05 1.801630241971e-05 1.82418443728238e-05 1.84673845069483e-05 1.86929264600622e-05
1.74530105141457e-05 1.723790410324e-05 1.70227958733449e-05 1.68076894624392e-05 1.66795198310865e-05 1.65803267009323e-05 1.64811335707782e-05 1.63819422596134e-05 1.62827491294593e-05 1.61835559993051e-05 1.60843646881403e-05 1.59902119776234e-05 1.59111805260181e-05 1.58321508934023e-05 1.5753119441797e-05 1.56740879901918e-05 1.55950583575759e-05 1.55160269059706e-05 1.54369972733548e-05 1.53059445437975e-05 1.51575532072457e-05 1.50091618706938e-05 1.48607696246472e-05 1.47123782880954e-05 1.45639869515435e-05 1.44155947054969e-05 1.44018240462174e-05 1.47919163282495e-05 1.51820086102816e-05 1.55721008923138e-05 1.59621940838406e-05 1.6352285456378e-05 1.67423786479048e-05 1.71324700204423e-05 1.73404223460238e-05 1.74876604432939e-05 1.76348985405639e-05 1.77821366378339e-05 1.79293747351039e-05 1.80766128323739e-05 1.8223850929644e-05
1.7749056496541e-05 1.7500142348581e-05 1.72512263816316e-05 1.70023122336715e-05 1.68441056302981e-05 1.67161324498011e-05 1.6588159269304e-05 1.64601879077964e-05 1.63322147272993e-05 1.62042415468022e-05 1.60762701852946e-05 1.59482933668187e-05 1.58203074533958e-05 1.56923215399729e-05 1.55643338075606e-05 1.54363478941377e-05 1.53083619807148e-05 1.51803751577972e-05 1.50523892443744e-05 1.49270135807456e-05 1.48025083035463e-05 1.46780021168524e-05 1.45534968396532e-05 1.4428991562454e-05 1.43044853757601e-05 1.41799800985609e-05 1.41933633130975e-05 1.46204120028415e-05 1.50474597830907e-05 1.54745084728347e-05 1.5901556253084e-05 1.63286058523227e-05 1.67556536325719e-05 1.71827032318106e-05 1.73411663126899e-05 1.74101005541161e-05 1.74790347955422e-05 1.75479708559578e-05 1.7616905097384e-05 1.76858393388102e-05 1.77547753992258e-05
1.80451024789363e-05 1.7762380593922e-05 1.74796568899183e-05 1.71969350049039e-05 1.70086914295098e-05 1.68519381986698e-05 1.66951849678298e-05 1.65384335559793e-05 1.63816803251393e-05 1.62249270942993e-05 1.60681756824488e-05 1.5906374756014e-05 1.5729432561784e-05 1.55524903675541e-05 1.53755499923136e-05 1.51986077980837e-05 1.50216656038538e-05 1.48447243191185e-05 1.46677821248886e-05 1.45480817081989e-05 1.44474624903523e-05 1.43468432725058e-05 1.42462240546593e-05 1.4145603927318e-05 1.40449847094715e-05 1.39443654916249e-05 1.39849016704829e-05 1.44489067679388e-05 1.49129109558999e-05 1.53769160533557e-05 1.58409202413168e-05 1.63049244292779e-05 1.67689304362284e-05 1.72329346241895e-05 1.73419084603665e-05 1.73325406649383e-05 1.732317286951e-05 1.73138032550924e-05 1.73044354596641e-05 1.72950676642358e-05 1.72856980498182e-05
1.83411484613316e-05 1.8024618839263e-05 1.7708087398205e-05 1.73915577761363e-05 1.71732772287214e-05 1.69877439475385e-05 1.68022106663557e-05 1.66166792041622e-05 1.64311459229793e-05 1.62456126417965e-05 1.6060081179603e-05 1.58644561452093e-05 1.56385594891617e-05 1.54126610141248e-05 1.51867643580772e-05 1.49608667925349e-05 1.47349692269927e-05 1.45090725709451e-05 1.42831750054029e-05 1.41691507451469e-05 1.40924166771583e-05 1.40156835186644e-05 1.39389503601706e-05 1.38622172016767e-05 1.37854840431828e-05 1.37087508846889e-05 1.37764409373631e-05 1.4277401533036e-05 1.4778362128709e-05 1.52793236338766e-05 1.57802842295496e-05 1.62812448252225e-05 1.67822054208955e-05 1.72831660165684e-05 1.73426524270326e-05 1.72549807757605e-05 1.71673091244884e-05 1.70796374732163e-05 1.69919658219442e-05 1.69042941706721e-05 1.68166225194e-05
1.8581964468467e-05 1.82450385182165e-05 1.79081143869553e-05 1.75711902556941e-05 1.73251210071612e-05 1.71093379321974e-05 1.68935530382441e-05 1.66777699632803e-05 1.64619868883165e-05 1.62462019943632e-05 1.60304189193994e-05 1.58061793626985e-05 1.55565739987651e-05 1.53069704538211e-05 1.5057364180393e-05 1.48077597259544e-05 1.4558154362021e-05 1.43085489980876e-05 1.4058944543649e-05 1.39585781653295e-05 1.39079575092182e-05 1.38573377626017e-05 1.38067171064904e-05 1.37560964503791e-05 1.37054767037625e-05 1.36548560476513e-05 1.37329670906183e-05 1.41972705023363e-05 1.46615739140543e-05 1.51258773257723e-05 1.55901798279956e-05 1.60544841492083e-05 1.65187866514316e-05 1.69830909726443e-05 1.70353232533671e-05 1.69502000062494e-05 1.68650767591316e-05 1.67799535120139e-05 1.66948302648962e-05 1.66097088367678e-05 1.65245855896501e-05
1.87675486813532e-05 1.84236432687612e-05 1.80797360371798e-05 1.77358306245878e-05 1.74642245838186e-05 1.72167183336569e-05 1.69692139024846e-05 1.67217076523229e-05 1.64742014021613e-05 1.6226696970989e-05 1.59791907208273e-05 1.57315444084816e-05 1.5483479728573e-05 1.52354150486644e-05 1.49873503687559e-05 1.47392856888473e-05 1.4491220099444e-05 1.42431554195355e-05 1.39950907396269e-05 1.39163639687467e-05 1.38940840770374e-05 1.38718032758334e-05 1.3849523384124e-05 1.38272434924147e-05 1.38049626912107e-05 1.37826827995013e-05 1.38544810397434e-05 1.42085127663449e-05 1.45625444929465e-05 1.49165771290427e-05 1.52706088556442e-05 1.56246405822458e-05 1.59786741278367e-05 1.63327058544382e-05 1.64199209393701e-05 1.64181983564049e-05 1.64164757734397e-05 1.64147531904746e-05 1.64130306075094e-05 1.64113080245443e-05 1.64095854415791e-05
1.89531347132288e-05 1.86022462003166e-05 1.82513576874044e-05 1.79004709934816e-05 1.76033281604759e-05 1.73241005541058e-05 1.70448729477357e-05 1.67656453413656e-05 1.64864177349955e-05 1.62071901286254e-05 1.59279625222553e-05 1.56569112732541e-05 1.54103854583809e-05 1.51638605530025e-05 1.4917335647624e-05 1.46708107422455e-05 1.44242858368671e-05 1.41777618409833e-05 1.39312369356048e-05 1.38741497721639e-05 1.38802097353619e-05 1.38862696985598e-05 1.38923296617577e-05 1.38983896249556e-05 1.39044495881535e-05 1.39105095513514e-05 1.39759940793738e-05 1.42197550303536e-05 1.44635159813333e-05 1.47072769323131e-05 1.49510378832929e-05 1.51947988342727e-05 1.54385597852524e-05 1.56823207362322e-05 1.5804518625373e-05 1.58861967065604e-05 1.59678747877479e-05 1.60495528689353e-05 1.61312309501227e-05 1.62129090313101e-05 1.62945852935081e-05
1.9138718926115e-05 1.87808491318719e-05 1.84229793376289e-05 1.80651095433859e-05 1.77424299181439e-05 1.74314809555653e-05 1.71205319929868e-05 1.68095830304082e-05 1.64986322488403e-05 1.61876832862617e-05 1.58767343236832e-05 1.55822763190372e-05 1.53372911881888e-05 1.50923060573405e-05 1.48473218359868e-05 1.46023367051384e-05 1.43573524837848e-05 1.41123673529364e-05 1.38673831315828e-05 1.38319364850759e-05 1.3866336303181e-05 1.39007361212862e-05 1.39351359393913e-05 1.39695357574965e-05 1.40039355756016e-05 1.40383353937068e-05 1.40975080284989e-05 1.42309972943622e-05 1.43644874697202e-05 1.44979767355835e-05 1.46314669109415e-05 1.47649570862995e-05 1.48984463521629e-05 1.50319365275209e-05 1.51891172208707e-05 1.5354195056716e-05 1.5519273802056e-05 1.5684352547396e-05 1.58494294737466e-05 1.60145082190866e-05 1.61795869644266e-05
1.93243049579905e-05 1.89594538824167e-05 1.85946028068429e-05 1.82297499122797e-05 1.78815334948013e-05 1.75388631760143e-05 1.71961910382379e-05 1.68535207194509e-05 1.65108485816745e-05 1.61681764438981e-05 1.58255061251111e-05 1.55076413648203e-05 1.52641969179967e-05 1.50207524711732e-05 1.47773071148549e-05 1.45338626680314e-05 1.42904182212078e-05 1.40469737743842e-05 1.38035293275607e-05 1.37897222884931e-05 1.38524628710002e-05 1.39152025440126e-05 1.3977942217025e-05 1.40406818900374e-05 1.41034215630498e-05 1.41661621455569e-05 1.42190210681292e-05 1.42422395583708e-05 1.4265458958107e-05 1.42886774483486e-05 1.43118959385902e-05 1.43351144288317e-05 1.43583329190733e-05 1.43815514093149e-05 1.45737158163683e-05 1.48221943163662e-05 1.50706728163641e-05 1.53191522258567e-05 1.55676298163598e-05 1.58161092258524e-05 1.60645868163556e-05
1.95098891708767e-05 1.91380568139721e-05 1.87662244570674e-05 1.83943902811734e-05 1.80206370714586e-05 1.76462435774738e-05 1.7271850083489e-05 1.68974584084935e-05 1.65230649145087e-05 1.61486714205239e-05 1.57742779265391e-05 1.54330064106034e-05 1.519110173831e-05 1.49491979755112e-05 1.47072933032177e-05 1.44653886309243e-05 1.42234839586308e-05 1.39815792863374e-05 1.37396755235386e-05 1.3747509001405e-05 1.38385885293246e-05 1.3929668966739e-05 1.40207484946586e-05 1.41118280225783e-05 1.42029084599926e-05 1.42939879879123e-05 1.43405350172543e-05 1.42534827318741e-05 1.41664295369992e-05 1.4079377251619e-05 1.39923249662388e-05 1.39052726808586e-05 1.38182194859837e-05 1.37311672006035e-05 1.39583135023713e-05 1.42901926665218e-05 1.46220718306722e-05 1.49539509948227e-05 1.52858301589731e-05 1.56177084136289e-05 1.5949588487274e-05
1.96070741367294e-05 1.92316965694772e-05 1.88563208212145e-05 1.84809450729517e-05 1.81003524630796e-05 1.77180227183271e-05 1.73356911545852e-05 1.69533595908433e-05 1.65710280271014e-05 1.61886982823489e-05 1.5806366718607e-05 1.54581739479909e-05 1.52124011947308e-05 1.4966627531976e-05 1.47208538692212e-05 1.44750802064664e-05 1.42293065437116e-05 1.39835328809568e-05 1.37377601276967e-05 1.37430824906914e-05 1.38321047415957e-05 1.39211260830052e-05 1.40101483339095e-05 1.4099169675319e-05 1.41881919262232e-05 1.42772132676328e-05 1.43109646160156e-05 1.41789041663287e-05 1.40468446261366e-05 1.39147841764498e-05 1.37827237267629e-05 1.36506632770761e-05 1.35186028273893e-05 1.33865423777024e-05 1.36280614242423e-05 1.39941066663596e-05 1.43601519084768e-05 1.47261971505941e-05 1.50922423927113e-05 1.54582867253339e-05 1.58243328769458e-05
1.96158543985803e-05 1.92403749679215e-05 1.88648955372628e-05 1.84894142876146e-05 1.81206814886536e-05 1.7754195141606e-05 1.73877106135478e-05 1.70212260854896e-05 1.66547415574314e-05 1.62882570293732e-05 1.5921772501315e-05 1.55831457959721e-05 1.53280943777645e-05 1.50730420500622e-05 1.48179897223599e-05 1.45629383041523e-05 1.43078859764501e-05 1.40528345582425e-05 1.37977831400349e-05 1.37764436658472e-05 1.3833009688824e-05 1.38895757118007e-05 1.39461408252828e-05 1.40027068482595e-05 1.40592728712363e-05 1.41158379847184e-05 1.41303116834024e-05 1.40185065902187e-05 1.39067014970351e-05 1.37948964038515e-05 1.36830922201625e-05 1.35712871269789e-05 1.34594820337952e-05 1.33476769406116e-05 1.35829586724867e-05 1.39339363158797e-05 1.4284913049778e-05 1.46358897836762e-05 1.49868674270692e-05 1.53378441609675e-05 1.56888218043605e-05
1.96246364794206e-05 1.92490515473764e-05 1.88734684343217e-05 1.84978835022775e-05 1.81410086952383e-05 1.77903693838743e-05 1.74397318914998e-05 1.70890925801359e-05 1.67384550877614e-05 1.63878157763975e-05 1.60371764650336e-05 1.57081158249639e-05 1.54437857418088e-05 1.51794556586538e-05 1.49151255754987e-05 1.46507954923436e-05 1.43864654091885e-05 1.41221362355282e-05 1.38578061523731e-05 1.38098057504976e-05 1.38339155455469e-05 1.38580244311015e-05 1.38821342261508e-05 1.39062440212001e-05 1.39303538162494e-05 1.39544636112987e-05 1.39496578412945e-05 1.38581090141088e-05 1.37665592774283e-05 1.36750095407479e-05 1.35834598040674e-05 1.34919109768816e-05 1.34003612402012e-05 1.33088115035207e-05 1.35378559207311e-05 1.38737650559051e-05 1.42096741910791e-05 1.45455833262531e-05 1.48814924614271e-05 1.52174015966011e-05 1.55533107317751e-05
1.96334185602609e-05 1.92577299458208e-05 1.88820413313806e-05 1.85063527169405e-05 1.81613359018229e-05 1.78265436261427e-05 1.74917513504624e-05 1.71569590747822e-05 1.6822166799102e-05 1.64873745234217e-05 1.61525822477415e-05 1.58330858539557e-05 1.55594789248426e-05 1.528587017674e-05 1.50122614286374e-05 1.47386535900296e-05 1.44650457514217e-05 1.41914370033192e-05 1.39178291647113e-05 1.38431669256533e-05 1.38348204927752e-05 1.3826474059897e-05 1.38181276270188e-05 1.38097811941407e-05 1.38014347612625e-05 1.37930883283843e-05 1.37690049086814e-05 1.36977105285041e-05 1.36264170578215e-05 1.35551226776442e-05 1.3483828297467e-05 1.34125348267844e-05 1.33412404466071e-05 1.32699469759245e-05 1.34927540784702e-05 1.38135947054252e-05 1.41344353323802e-05 1.445527686883e-05 1.4776117495785e-05 1.50969590322347e-05 1.54177996591898e-05
1.96422006411012e-05 1.92664083442651e-05 1.88906142284395e-05 1.85148219316034e-05 1.81816649273969e-05 1.7862717868411e-05 1.75437726284144e-05 1.72248255694285e-05 1.6905880329432e-05 1.65869350894354e-05 1.62679880304495e-05 1.59580577019369e-05 1.56751702888869e-05 1.53922846948262e-05 1.51093972817762e-05 1.48265116877155e-05 1.45436251841602e-05 1.42607386806048e-05 1.39778521770495e-05 1.38765281008091e-05 1.38357254400034e-05 1.37949227791978e-05 1.37541201183922e-05 1.37133183670812e-05 1.36725157062756e-05 1.363171304547e-05 1.35883510665735e-05 1.35373129523941e-05 1.348627392872e-05 1.34352358145406e-05 1.33841967908666e-05 1.33331586766872e-05 1.32821196530131e-05 1.32310815388337e-05 1.34476513267145e-05 1.37534243549453e-05 1.40591973831761e-05 1.43649695019121e-05 1.46707425301429e-05 1.49765155583736e-05 1.52822885866044e-05
1.96509827219415e-05 1.927508492372e-05 1.88991889444878e-05 1.85232911462663e-05 1.82019921339815e-05 1.78988921106793e-05 1.7595792087377e-05 1.72926920640748e-05 1.6989593859762e-05 1.66864938364597e-05 1.63833938131575e-05 1.60830277309287e-05 1.57908634719206e-05 1.54986992129125e-05 1.52065340444096e-05 1.49143688759068e-05 1.46222046168987e-05 1.43300394483958e-05 1.40378751893877e-05 1.39098901854595e-05 1.38366312967264e-05 1.37633724079933e-05 1.36901135192602e-05 1.36168546305271e-05 1.35435966512887e-05 1.34703377625556e-05 1.34076981339604e-05 1.33769144667895e-05 1.33461317091133e-05 1.3315348951437e-05 1.32845652842661e-05 1.32537825265899e-05 1.3222998859419e-05 1.31922161017428e-05 1.34025485749589e-05 1.36932540044654e-05 1.39839585244772e-05 1.4274663044489e-05 1.45653675645008e-05 1.48560729940073e-05 1.5146777514019e-05
