resources/Exp000_Example-Run/Run01_M2/TimeSeries/1990/selection_set/prevtot_avg.asc
NCOLS 265 
NROWS 230 
XLLCORNER -115.5625 
YLLCORNER 24.8333333333333 
CELLSIZE 0.0833333333333333 
NODATA_value -9999 
[rows 72 to 89 of 230, columns 123 to 163 of 265]
1.60117106133839e-05 1.60479321493767e-05 1.60841536853695e-05 1.61203752213623e-05 1.60508916451363e-05 1.59461724251742e-05 1.5841453205212e-05 1.57367358042393e-05 1.56320165842772e-05 1.5527297364315e-05 1.54225781443529e-05 1.52846187120304e-05 1.50469331856584e-05 1.48092485687812e-05 1.45715630424093e-05 1.4333878425532e-05 1.40961928991601e-05 1.38585073727882e-05 1.36208227559109e-05 1.35592317747069e-05 1.35563386720605e-05 1.35534455694142e-05 1.35505524667678e-05 1.35476593641215e-05 1.35447662614752e-05 1.35418731588288e-05 1.35198279167525e-05 1.34403253468918e-05 1.3360822777031e-05 1.32813202071702e-05 1.32018167278147e-05 1.3122314157954e-05 1.30428115880932e-05 1.29633090182324e-05 1.30030539366999e-05 1.30825483211083e-05 1.31620417960221e-05 1.32415361804306e-05 1.33210296553443e-05 1.34005240397528e-05 1.34800175146665e-05
1.58449929585913e-05 1.59062292368617e-05 1.59674673341215e-05 1.60287054313812e-05 1.59668834385229e-05 1.58640414156253e-05 1.5761201211717e-05 1.56583591888193e-05 1.55555171659216e-05 1.5452675143024e-05 1.53498349391157e-05 1.52155198520632e-05 1.49867855725461e-05 1.47580522025237e-05 1.45293179230066e-05 1.43005836434895e-05 1.40718502734671e-05 1.384311599395e-05 1.3614381714433e-05 1.3561671039497e-05 1.35676345962565e-05 1.35735981530161e-05 1.35795617097756e-05 1.35855252665351e-05 1.35914879137999e-05 1.35974514705595e-05 1.35796208269312e-05 1.34904066726449e-05 1.34011925183586e-05 1.33119774545776e-05 1.32227633002913e-05 1.3133549146005e-05 1.30443349917186e-05 1.29551208374323e-05 1.29940972328768e-05 1.30758044178947e-05 1.31575116029126e-05 1.32392187879304e-05 1.33209259729483e-05 1.34026331579662e-05 1.34843403429841e-05
1.56782734848093e-05 1.57645281433361e-05 1.58507809828734e-05 1.59370356414001e-05 1.58828752319096e-05 1.57819104060763e-05 1.56809473992325e-05 1.55799825733993e-05 1.54790177475661e-05 1.53780547407223e-05 1.52770899148891e-05 1.5146420992096e-05 1.49266379594337e-05 1.47068549267715e-05 1.4487072803604e-05 1.42672897709417e-05 1.40475067382795e-05 1.38277237056172e-05 1.36079415824497e-05 1.35641103042872e-05 1.35789305204526e-05 1.35937507366179e-05 1.36085700432886e-05 1.3623390259454e-05 1.36382104756194e-05 1.36530306917848e-05 1.36394137371099e-05 1.3540487998398e-05 1.34415622596862e-05 1.33426356114796e-05 1.32437098727678e-05 1.3144784134056e-05 1.30458583953441e-05 1.29469317471376e-05 1.29851405290538e-05 1.30690614241757e-05 1.3152981409803e-05 1.3236902304925e-05 1.33208222905523e-05 1.34047422761796e-05 1.34886631713016e-05
1.55115540110273e-05 1.5622825230821e-05 1.57340946316253e-05 1.5845365851419e-05 1.57988670252962e-05 1.56997812155169e-05 1.56006935867481e-05 1.55016059579793e-05 1.54025201482e-05 1.53034325194312e-05 1.52043448906625e-05 1.50773221321288e-05 1.48664903463214e-05 1.4655658560514e-05 1.44448267747066e-05 1.42339949888992e-05 1.40231641125865e-05 1.38123323267791e-05 1.36015005409718e-05 1.35665495690773e-05 1.35902264446486e-05 1.36139033202198e-05 1.36375792862964e-05 1.36612561618676e-05 1.36849321279442e-05 1.37086090035154e-05 1.36992066472885e-05 1.35905693241511e-05 1.34819320010138e-05 1.33732937683817e-05 1.32646564452443e-05 1.3156019122107e-05 1.30473808894749e-05 1.29387435663375e-05 1.29761847347254e-05 1.30623175209621e-05 1.31484512166935e-05 1.32345849124249e-05 1.33207186081563e-05 1.3406851394393e-05 1.34929850901244e-05
1.53448363562347e-05 1.5481122318306e-05 1.56174082803773e-05 1.5753696061438e-05 1.57148588186828e-05 1.56176502059679e-05 1.55204397742637e-05 1.54232293425594e-05 1.53260207298445e-05 1.52288102981402e-05 1.51316007759306e-05 1.50082232721616e-05 1.4806342733209e-05 1.46044621942565e-05 1.44025816553039e-05 1.42007011163514e-05 1.39988205773989e-05 1.37969400384463e-05 1.35950594994938e-05 1.35689897433622e-05 1.36015223688446e-05 1.3634054994327e-05 1.36665885293041e-05 1.36991211547866e-05 1.37316546897637e-05 1.37641873152461e-05 1.37589995574672e-05 1.36406506499043e-05 1.35223017423414e-05 1.34039519252838e-05 1.32856030177209e-05 1.3167254110158e-05 1.30489042931003e-05 1.29305553855374e-05 1.29672280309023e-05 1.30555745272432e-05 1.3143921023584e-05 1.32322675199248e-05 1.33206149257603e-05 1.34089614221011e-05 1.34973079184419e-05
1.51781168824527e-05 1.5339419405791e-05 1.55007219291292e-05 1.56620262714569e-05 1.56308524310589e-05 1.5535519196419e-05 1.54401859617792e-05 1.53448545461288e-05 1.52495213114889e-05 1.51541889863438e-05 1.5058855751704e-05 1.49391244121944e-05 1.47461951200967e-05 1.4553265827999e-05 1.43603365359013e-05 1.41674072438036e-05 1.39744779517059e-05 1.37815486596082e-05 1.35886193675105e-05 1.35714290081523e-05 1.36128182930406e-05 1.36542075779289e-05 1.36955977723119e-05 1.37369870572002e-05 1.37783763420884e-05 1.38197656269767e-05 1.38187933771405e-05 1.36907319756574e-05 1.3562671483669e-05 1.34346100821858e-05 1.33065495901974e-05 1.31784881887143e-05 1.30504276967258e-05 1.29223672047374e-05 1.29582713270793e-05 1.30488315335242e-05 1.31393908304744e-05 1.32299510369194e-05 1.33205103338696e-05 1.34110705403145e-05 1.35016298372648e-05
1.51443700815435e-05 1.53311866597505e-05 1.55180023284629e-05 1.57048179971753e-05 1.56849237100687e-05 1.55961261043558e-05 1.55073284986429e-05 1.541853089293e-05 1.53297332872171e-05 1.52409365909989e-05 1.5152138985286e-05 1.50369733091793e-05 1.48427043313859e-05 1.46484353535925e-05 1.44541654663044e-05 1.4259896488511e-05 1.40656275107176e-05 1.38713576234295e-05 1.36770886456361e-05 1.36612470669206e-05 1.37048818942276e-05 1.37485167215345e-05 1.37921506393468e-05 1.38357854666538e-05 1.38794202939607e-05 1.39230551212677e-05 1.39214880618965e-05 1.37843171614804e-05 1.3647147170559e-05 1.35099762701429e-05 1.33728062792215e-05 1.32356353788055e-05 1.30984644783894e-05 1.2961294487468e-05 1.29937561723636e-05 1.3082762961858e-05 1.31717697513523e-05 1.32607756313519e-05 1.33497824208462e-05 1.34387883008458e-05 1.35277950903401e-05
1.52435959535069e-05 1.54564222611953e-05 1.56692476593889e-05 1.58820730575826e-05 1.58770762936911e-05 1.57994709297782e-05 1.57218673848547e-05 1.56442638399312e-05 1.55666584760183e-05 1.54890549310949e-05 1.5411449567182e-05 1.53017717821058e-05 1.50958712765714e-05 1.4889970771037e-05 1.46840702655027e-05 1.44781697599683e-05 1.42722692544339e-05 1.40663687488995e-05 1.38604682433652e-05 1.38384448291617e-05 1.38777131724055e-05 1.39169806061545e-05 1.39562489493983e-05 1.3995517292642e-05 1.40347856358858e-05 1.40740539791295e-05 1.40670854307245e-05 1.39214071168681e-05 1.37757288030116e-05 1.36300504891551e-05 1.34843721752986e-05 1.33386938614422e-05 1.31930164570804e-05 1.30473381432239e-05 1.30736834762502e-05 1.31573697217391e-05 1.3241055967228e-05 1.3324742212717e-05 1.34084293677006e-05 1.34921156131895e-05 1.35758018586785e-05
1.53428209159756e-05 1.55816560436506e-05 1.5820492990315e-05 1.60593281179899e-05 1.60692288773134e-05 1.600281757419e-05 1.59364062710665e-05 1.58699949679431e-05 1.58035836648196e-05 1.57371723616961e-05 1.56707610585727e-05 1.55665693455376e-05 1.53490382217569e-05 1.51315061884816e-05 1.49139750647009e-05 1.46964430314256e-05 1.44789119076449e-05 1.42613798743696e-05 1.4043848750589e-05 1.40156416819082e-05 1.40505435410887e-05 1.40854454002692e-05 1.41203472594498e-05 1.41552491186303e-05 1.41901509778108e-05 1.42250528369914e-05 1.42126827995526e-05 1.4058496162761e-05 1.39043104354641e-05 1.37501247081673e-05 1.35959389808704e-05 1.34417532535736e-05 1.32875675262767e-05 1.31333817989798e-05 1.3153609870642e-05 1.32319764816202e-05 1.33103430925985e-05 1.33887097035768e-05 1.3467076314555e-05 1.35454429255333e-05 1.36238095365115e-05
1.5442046787939e-05 1.57068916450953e-05 1.59717365022516e-05 1.62365831783973e-05 1.62613796419464e-05 1.62061623996124e-05 1.61509433382889e-05 1.60957260959549e-05 1.60405070346314e-05 1.59852897922974e-05 1.5930070730974e-05 1.58313669089694e-05 1.56022051669424e-05 1.53730416059261e-05 1.51438789544045e-05 1.49147163028829e-05 1.46855536513613e-05 1.44563909998396e-05 1.4227228348318e-05 1.41928394441493e-05 1.42233748192666e-05 1.42539101943839e-05 1.42844455695013e-05 1.43149809446186e-05 1.43455163197359e-05 1.43760516948532e-05 1.43582792588859e-05 1.41955861181486e-05 1.40328929774114e-05 1.38701989271794e-05 1.37075057864422e-05 1.35448117362102e-05 1.3382118595473e-05 1.32194254547358e-05 1.32335362650338e-05 1.33065832415014e-05 1.3379630217969e-05 1.34526762849418e-05 1.35257232614094e-05 1.35987693283823e-05 1.36718163048499e-05
1.55412708409131e-05 1.583212724654e-05 1.61229818331776e-05 1.64138382388046e-05 1.64535322255688e-05 1.64095072250348e-05 1.63654822245007e-05 1.63214572239667e-05 1.62774322234327e-05 1.62334072228987e-05 1.61893822223647e-05 1.60961644724011e-05 1.5855372112128e-05 1.56145779328654e-05 1.53737837536028e-05 1.51329904838349e-05 1.48921963045723e-05 1.46514021253097e-05 1.44106088555418e-05 1.43700372063904e-05 1.43962060974445e-05 1.44223749884986e-05 1.44485438795527e-05 1.44747127706069e-05 1.4500881661661e-05 1.45270505527151e-05 1.45038766277139e-05 1.43326751640416e-05 1.41614746098639e-05 1.39902731461916e-05 1.38190716825193e-05 1.36478711283416e-05 1.34766696646693e-05 1.3305468200997e-05 1.33134635689203e-05 1.33811900013825e-05 1.34489164338447e-05 1.35166428663069e-05 1.35843702082639e-05 1.36520966407261e-05 1.37198230731883e-05
1.56404967128765e-05 1.59573628479848e-05 1.62742271641036e-05 1.65910932992119e-05 1.66456848091912e-05 1.66128520504571e-05 1.65800211107126e-05 1.65471883519785e-05 1.6514357412234e-05 1.64815246534999e-05 1.64486937137553e-05 1.63609638548223e-05 1.61085390573135e-05 1.58561124408152e-05 1.56036876433063e-05 1.53512628457975e-05 1.50988389577833e-05 1.48464132507797e-05 1.45939884532709e-05 1.45472340591368e-05 1.45690364661277e-05 1.45908397826133e-05 1.46126421896042e-05 1.46344445965951e-05 1.4656247003586e-05 1.46780494105769e-05 1.46494739965419e-05 1.44697651194292e-05 1.42900562423165e-05 1.41103473652038e-05 1.39306384880911e-05 1.37509296109783e-05 1.35712207338656e-05 1.33915118567529e-05 1.33933899633121e-05 1.34557967612636e-05 1.35182035592152e-05 1.35806103571667e-05 1.36430171551183e-05 1.37054239530698e-05 1.37678307510214e-05
1.56815967784496e-05 1.60023464559345e-05 1.63230961334193e-05 1.66438439919148e-05 1.67018752108561e-05 1.66723348229425e-05 1.66427926160395e-05 1.66132522281259e-05 1.65837100212229e-05 1.655416781432e-05 1.65246274264064e-05 1.64405646501109e-05 1.61929438036168e-05 1.59453211381333e-05 1.56976984726498e-05 1.54500776261557e-05 1.52024549606722e-05 1.49548332046834e-05 1.47072105391999e-05 1.46562251757132e-05 1.46707843668992e-05 1.46853444675799e-05 1.46999045682605e-05 1.47144637594465e-05 1.47290238601272e-05 1.47435830513132e-05 1.47075825225329e-05 1.45199001053697e-05 1.43322185977013e-05 1.41445361805381e-05 1.39568546728697e-05 1.37691722557065e-05 1.35814898385433e-05 1.33938083308749e-05 1.33904031827115e-05 1.34484234877164e-05 1.35064437927213e-05 1.35644640977262e-05 1.36224853122258e-05 1.36805056172307e-05 1.37385259222356e-05
1.56645728566218e-05 1.59670798893785e-05 1.62695869221352e-05 1.65720939548919e-05 1.66221070685424e-05 1.6587951904512e-05 1.6553798559471e-05 1.65196452144301e-05 1.64854918693891e-05 1.64513385243481e-05 1.64171833603177e-05 1.63349723152351e-05 1.6108586351038e-05 1.58822022058303e-05 1.56558162416331e-05 1.5429430277436e-05 1.52030452227336e-05 1.49766601680312e-05 1.47502742038341e-05 1.46970087371301e-05 1.47014488902641e-05 1.47058899528929e-05 1.47103310155217e-05 1.47147711686557e-05 1.47192122312845e-05 1.47236523844185e-05 1.46782031151815e-05 1.44830819408526e-05 1.42879607665236e-05 1.40928405016894e-05 1.38977193273604e-05 1.37025981530314e-05 1.35074778881972e-05 1.33123567138682e-05 1.33045023176237e-05 1.33590701807407e-05 1.34136380438576e-05 1.34682059069746e-05 1.35227737700916e-05 1.35773416332086e-05 1.36319094963255e-05
1.5647548934794e-05 1.59318133228226e-05 1.62160795298405e-05 1.6500343917869e-05 1.65423371072393e-05 1.65035708050709e-05 1.64648045029026e-05 1.64260382007342e-05 1.63872737175552e-05 1.63485074153868e-05 1.63097411132185e-05 1.62293799803592e-05 1.60242307174485e-05 1.58190814545378e-05 1.56139321916271e-05 1.54087847477058e-05 1.52036354847951e-05 1.49984871313791e-05 1.47933378684684e-05 1.4737792298547e-05 1.47321134136291e-05 1.4726435438206e-05 1.47207574627828e-05 1.47150785778649e-05 1.47094006024417e-05 1.47037217175239e-05 1.46488237078302e-05 1.44462637763354e-05 1.42437038448406e-05 1.40411439133459e-05 1.38385839818511e-05 1.36360249598511e-05 1.34334650283563e-05 1.32309050968615e-05 1.3218601452536e-05 1.3269716873765e-05 1.3320832294994e-05 1.33719477162231e-05 1.34230631374521e-05 1.34741785586812e-05 1.35252939799102e-05
1.56305231939768e-05 1.58965467562666e-05 1.61625703185564e-05 1.64285938808462e-05 1.64625671459362e-05 1.64191878866404e-05 1.63758104463341e-05 1.63324330060277e-05 1.6289053746732e-05 1.62456763064256e-05 1.62022970471298e-05 1.6123785826494e-05 1.59398732648697e-05 1.57559625222348e-05 1.55720499606105e-05 1.53881373989861e-05 1.52042257468565e-05 1.50203140947269e-05 1.48364015331026e-05 1.47785758599639e-05 1.47627779369941e-05 1.4746980923519e-05 1.47311839100439e-05 1.47153859870741e-05 1.4699588973599e-05 1.46837910506292e-05 1.46194433909841e-05 1.44094447023235e-05 1.41994469231577e-05 1.39894482344971e-05 1.37794495458365e-05 1.3569450857176e-05 1.33594521685154e-05 1.31494534798549e-05 1.31327014969429e-05 1.31803635667893e-05 1.32280265461304e-05 1.32756895254715e-05 1.33233525048126e-05 1.33710154841538e-05 1.34186775540002e-05
1.56134992721491e-05 1.58612801897107e-05 1.61090629262617e-05 1.63568438438233e-05 1.63827971846331e-05 1.63348067871993e-05 1.62868163897656e-05 1.62388259923318e-05 1.61908355948981e-05 1.61428451974643e-05 1.60948548000306e-05 1.60181934916181e-05 1.58555176312802e-05 1.56928417709423e-05 1.55301677295938e-05 1.53674918692559e-05 1.5204816008918e-05 1.50421410580748e-05 1.48794651977369e-05 1.48193594213808e-05 1.47934424603591e-05 1.47675264088321e-05 1.4741610357305e-05 1.47156933962833e-05 1.46897773447563e-05 1.46638603837346e-05 1.45900639836327e-05 1.43726265378064e-05 1.415518909198e-05 1.39377516461536e-05 1.37203142003273e-05 1.35028767545009e-05 1.32854393086745e-05 1.30680018628482e-05 1.30468006318551e-05 1.30910102598136e-05 1.31352207972668e-05 1.317943133472e-05 1.32236409626785e-05 1.32678515001317e-05 1.33120620375848e-05
1.55964753503213e-05 1.58260154421441e-05 1.60555537149776e-05 1.62850938068004e-05 1.630302722333e-05 1.62504256877583e-05 1.61978223331971e-05 1.6145218978636e-05 1.60926174430642e-05 1.60400140885031e-05 1.59874125529313e-05 1.59125993377529e-05 1.57711619976908e-05 1.56297228386393e-05 1.54882836795878e-05 1.53468445205363e-05 1.52054062709794e-05 1.50639680214226e-05 1.49225288623711e-05 1.48601429827977e-05 1.4824106983724e-05 1.47880718941451e-05 1.47520368045662e-05 1.47160008054925e-05 1.46799657159136e-05 1.46439297168399e-05 1.45606845762813e-05 1.43358083732892e-05 1.4110932170297e-05 1.38860559673049e-05 1.36611797643127e-05 1.34363026518258e-05 1.32114264488337e-05 1.29865502458415e-05 1.29608997667674e-05 1.30016578623326e-05 1.30424150484032e-05 1.30831731439685e-05 1.3123930330039e-05 1.31646884256043e-05 1.32054456116748e-05
