resources/Exp000_Example-Run/Run01_M2/TimeSeries/1990/selection_set/qv2m_avg.asc
NCOLS 265 
NROWS 230 
XLLCORNER -115.5625 
YLLCORNER 24.8333333333333 
CELLSIZE 0.0833333333333333 
NODATA_value -9999 
[rows 114 to 132 of 230, columns 42 to 83 of 265]
0.00552621483802795 0.00558421853929758 0.00561401015147567 0.00555916503071785 0.00550431990996003 0.00544947478920221 0.0053946296684444 0.00533978454768658 0.00528493896126747 0.00523009384050965 0.00521608022972941 0.00521567696705461 0.0052152737043798 0.00521487044170499 0.00521446717903018 0.00521406391635537 0.00521366065368056 0.00521069345995784 0.00520003400743008 0.0051893750205636 0.00517871556803584 0.00516805658116937 0.00515739759430289 0.00514673814177513 0.00513607915490866 0.00511383078992367 0.00508771929889917 0.00506160780787468 0.00503549678251147 0.00500938529148698 0.00498327380046248 0.00495716277509928 0.00493315747007728 0.00491547025740147 0.00489778351038694 0.00488009629771113 0.00486240955069661 0.0048447223380208 0.00482703512534499 0.00480934837833047 0.0047956258058548 0.00478322524577379
0.00555935176089406 0.00561566464602947 0.0056464308872819 0.00560055859386921 0.00555468630045652 0.00550881400704384 0.00546294171363115 0.00541706942021847 0.0053711966611445 0.00532532436773181 0.00531115662306547 0.0053075565956533 0.00530395703390241 0.00530035700649023 0.00529675697907805 0.00529315741732717 0.00528955738991499 0.00528306746855378 0.00526790786534548 0.00525274779647589 0.0052375877276063 0.00522242812439799 0.0052072680555284 0.0051921084523201 0.00517694838345051 0.00515032513067126 0.00511988066136837 0.00508943572640419 0.0050589912571013 0.0050285467877984 0.00499810231849551 0.00496765738353133 0.0049409344792366 0.00492537626996636 0.00490981806069613 0.00489425985142589 0.00487870164215565 0.00486314343288541 0.00484758522361517 0.00483202701434493 0.00482044043019414 0.00481017772108316
0.00559248868376017 0.00564711028710008 0.00567885208874941 0.00564195215702057 0.00560505269095302 0.00556815322488546 0.00553125375881791 0.00549435429275036 0.00545745436102152 0.00542055489495397 0.00540623255074024 0.00539943622425199 0.00539263989776373 0.00538584357127547 0.00537904724478722 0.00537225045263767 0.00536545412614942 0.00535544147714972 0.00533578125759959 0.00531612057238817 0.00529645988717675 0.00527679966762662 0.0052571389824152 0.00523747829720378 0.00521781807765365 0.00518681947141886 0.00515204155817628 0.0051172636449337 0.00508248619735241 0.00504770828410983 0.00501293037086725 0.00497815245762467 0.00494871195405722 0.00493528228253126 0.00492185261100531 0.00490842340514064 0.00489499373361468 0.00488156406208873 0.00486813485622406 0.0048547051846981 0.00484525458887219 0.00483713066205382
0.00562562514096498 0.00567855639383197 0.00571127282455564 0.00568334618583322 0.00565541908144951 0.00562749244272709 0.00559956580400467 0.00557163916528225 0.00554371206089854 0.00551578542217612 0.0055013089440763 0.00549131585285068 0.00548132322728634 0.00547133013606071 0.00546133704483509 0.00545134395360947 0.00544135086238384 0.00542781595140696 0.00540365464985371 0.00537949334830046 0.00535533204674721 0.00533117121085525 0.005307009909302 0.00528284860774875 0.0052586873061955 0.00522331381216645 0.00518420292064548 0.00514509156346321 0.00510598067194223 0.00506686978042126 0.00502775842323899 0.00498864753171802 0.00495648896321654 0.00494518829509616 0.00493388762697577 0.00492258695885539 0.00491128582507372 0.00489998515695333 0.00488868448883295 0.00487738382071257 0.00487006921321154 0.0048640831373632
0.00565876206383109 0.00571000203490257 0.00574369356036186 0.00572473974898458 0.00570578593760729 0.00568683166056871 0.00566787784919143 0.00564892403781414 0.00562996976077557 0.00561101594939828 0.00559638533741236 0.00558319548144937 0.00557000609114766 0.00555681670084596 0.00554362684488297 0.00553043745458126 0.00551724759861827 0.0055001899600029 0.00547152804210782 0.00544286612421274 0.00541420420631766 0.00538554228842258 0.00535688037052751 0.00532821845263243 0.00529955653473735 0.00525980815291405 0.00521636381745338 0.00517291948199272 0.00512947514653206 0.00508603127673268 0.00504258694127202 0.00499914260581136 0.00496426643803716 0.00495509430766106 0.00494592217728496 0.00493675051257014 0.00492757838219404 0.00491840625181794 0.00490923412144184 0.00490006199106574 0.00489488337188959 0.00489103607833385
0.0056918989866972 0.00574144814163446 0.00577611429616809 0.00576613331213593 0.00575615232810378 0.00574617087841034 0.00573618989437819 0.00572620891034603 0.00571622746065259 0.00570624647662044 0.00569146173074841 0.00567507557570934 0.00565868942067027 0.0056423032656312 0.00562591711059213 0.00560953048989177 0.0055931443348527 0.00557256443426013 0.00553940190002322 0.00550623890012503 0.00547307636588812 0.00543991383165121 0.0054067512974143 0.0053735887631774 0.00534042622894049 0.00529630249366164 0.00524852517992258 0.00520074740052223 0.00515297008678317 0.00510519230738282 0.00505741499364376 0.0050096376799047 0.00497204344719648 0.00496500032022595 0.00495795719325542 0.00495091360062361 0.00494387047365308 0.00493682734668255 0.00492978375405073 0.0049227406270802 0.00491969799622893 0.00491798855364323
0.00572778843343258 0.0057751415297389 0.00580979790538549 0.00580636411905289 0.00580293033272028 0.00579949608072639 0.00579606229439378 0.00579262850806117 0.00578919425606728 0.00578576046973467 0.00577096082270145 0.00575237302109599 0.00573378475382924 0.00571519648656249 0.00569660868495703 0.00567802041769028 0.00565943261608481 0.0056366310454905 0.00560119049623609 0.00556574994698167 0.00553030893206596 0.00549486838281155 0.00545942783355713 0.00542398681864142 0.00538854626938701 0.00534280482679605 0.0052936295978725 0.00524445390328765 0.00519527867436409 0.00514610344544053 0.00509692821651697 0.00504775298759341 0.00500897504389286 0.00500138849020004 0.00499380240216851 0.00498621631413698 0.00497863022610545 0.00497104413807392 0.00496345805004239 0.00495587196201086 0.00495302258059382 0.00495175225660205
0.00576643133535981 0.00581108313053846 0.00584474392235279 0.00584543170407414 0.0058461194857955 0.00584680726751685 0.0058474950492382 0.00584818283095956 0.00584887014701962 0.00584955792874098 0.00583488354459405 0.0058150882832706 0.00579529302194715 0.00577549729496241 0.00575570203363895 0.0057359067723155 0.00571611151099205 0.00569239072501659 0.00565689476206899 0.00562139833346009 0.00558590237051249 0.00555040594190359 0.0055149095132947 0.00547941355034709 0.0054439171217382 0.005399314686656 0.00535167707130313 0.00530403945595026 0.00525640184059739 0.00520876375958323 0.00516112614423037 0.0051134885288775 0.00507505983114243 0.00506425928324461 0.00505345873534679 0.00504265818744898 0.00503185763955116 0.00502105709165335 0.00501025654375553 0.00499945599585772 0.00499485759064555 0.00499232625588775
0.00580507423728704 0.00584702473133802 0.00587969040498137 0.00588449975475669 0.005889309104532 0.00589411845430732 0.00589892780408263 0.00590373715385795 0.00590854650363326 0.00591335585340858 0.00589880580082536 0.0058778035454452 0.00585680082440376 0.00583579810336232 0.00581479584798217 0.00579379312694073 0.00577279040589929 0.00574815040454268 0.0057125985622406 0.0056770471855998 0.00564149534329772 0.00560594350099564 0.00557039165869355 0.00553483981639147 0.00549928797408938 0.00545582501217723 0.00540972501039505 0.00536362454295158 0.0053175245411694 0.00527142453938723 0.00522532407194376 0.00517922407016158 0.00514114508405328 0.00512713007628918 0.00511311506852508 0.00509910006076097 0.00508508505299687 0.00507107004523277 0.00505705503746867 0.00504304002970457 0.00503669213503599 0.00503290025517344
0.00584371667355299 0.00588296633213758 0.00591463642194867 0.00592356733977795 0.00593249825760722 0.0059414291754365 0.00595036009326577 0.00595929147675633 0.00596822239458561 0.00597715331241488 0.00596272852271795 0.00594051880761981 0.00591830862686038 0.00589609891176224 0.0058738891966641 0.00585167948156595 0.00582946930080652 0.00580391008406878 0.0057683028280735 0.00573269557207823 0.00569708831608295 0.00566148106008768 0.00562587333843112 0.00559026608243585 0.00555465882644057 0.00551233533769846 0.00546777248382568 0.0054232100956142 0.00537864724174142 0.00533408485352993 0.00528952246531844 0.00524495961144567 0.00520723033696413 0.00519000086933374 0.00517277140170336 0.00515554193407297 0.00513831246644258 0.0051210829988122 0.00510385353118181 0.00508662406355143 0.00507852714508772 0.00507347472012043
0.00588235957548022 0.00591890793293715 0.00594958243891597 0.00596263539046049 0.00597568787634373 0.00598874036222696 0.0060017928481102 0.00601484533399343 0.00602789828553796 0.00604095077142119 0.00602665124461055 0.00600323406979442 0.00597981689497828 0.00595639972016215 0.00593298254534602 0.00590956537052989 0.00588614866137505 0.00585966976359487 0.0058240070939064 0.00578834395855665 0.00575268128886819 0.00571701861917973 0.00568135548382998 0.00564569281414151 0.00561002967879176 0.0055688451975584 0.0055258204229176 0.00548279518261552 0.00543977040797472 0.00539674516767263 0.00535372039303184 0.00531069561839104 0.00527331558987498 0.00525287166237831 0.00523242773488164 0.00521198380738497 0.0051915398798883 0.00517109595239162 0.00515065202489495 0.00513020809739828 0.00512036215513945 0.00511404871940613
0.00592100247740746 0.00595484953373671 0.00598452892154455 0.00600170297548175 0.00601887702941895 0.00603605154901743 0.00605322560295463 0.00607039965689182 0.00608757417649031 0.0061047482304275 0.00609057350084186 0.00606594933196902 0.0060413246974349 0.00601670052856207 0.00599207635968924 0.00596745172515512 0.00594282755628228 0.00591542944312096 0.0058797113597393 0.00584399281069636 0.00580827426165342 0.00577255571261048 0.00573683762922883 0.00570111908018589 0.00566540053114295 0.00562535552307963 0.00558386789634824 0.00554238073527813 0.00550089310854673 0.00545940594747663 0.00541791832074523 0.00537643115967512 0.00533940084278584 0.00531574245542288 0.00529208406805992 0.00526842568069696 0.00524476729333401 0.00522110890597105 0.00519745051860809 0.00517379166558385 0.00516219669952989 0.00515462318435311
0.00595155172049999 0.00598354637622833 0.00601212680339813 0.00603046268224716 0.00604879856109619 0.00606713443994522 0.00608547031879425 0.00610380619764328 0.00612214207649231 0.00614047795534134 0.00612584035843611 0.00610021175816655 0.006074583157897 0.00604895455762744 0.00602332595735788 0.00599769735708833 0.00597206829115748 0.00594419240951538 0.00590957468375564 0.0058749564923346 0.00584033876657486 0.00580572057515383 0.00577110284939408 0.00573648465797305 0.00570186693221331 0.00566393602639437 0.00562490057200193 0.00558586558327079 0.00554683012887836 0.00550779514014721 0.00546875968575478 0.00542972423136234 0.00539438892155886 0.00537015404552221 0.00534591870382428 0.00532168336212635 0.00529744802042842 0.00527321267873049 0.00524897733703256 0.00522474199533463 0.00521048903465271 0.00519956275820732
0.00597400777041912 0.00600499892607331 0.00603237608447671 0.00604891404509544 0.00606545154005289 0.00608198950067163 0.00609852699562907 0.00611506449058652 0.00613160245120525 0.0061481399461627 0.0061324518173933 0.00610602181404829 0.00607959181070328 0.00605316180735826 0.00602673133835196 0.00600030133500695 0.00597387133166194 0.00594595866277814 0.0059135970659554 0.00588123593479395 0.00584887433797121 0.00581651274114847 0.00578415160998702 0.00575179001316428 0.00571942888200283 0.00568458717316389 0.00564891844987869 0.00561324972659349 0.0055775810033083 0.00554191274568439 0.00550624402239919 0.00547057529911399 0.00543828029185534 0.00541610596701503 0.00539393117651343 0.00537175685167313 0.00534958206117153 0.00532740773633122 0.00530523341149092 0.00528305862098932 0.00526523822918534 0.00524886883795261
0.00599646382033825 0.00602645101025701 0.00605262583121657 0.00606736540794373 0.00608210498467088 0.00609684409573674 0.00611158367246389 0.00612632324919105 0.00614106236025691 0.00615580193698406 0.0061390632763505 0.00611183186993003 0.00608460046350956 0.0060573685914278 0.00603013718500733 0.00600290577858686 0.0059756743721664 0.00594772445037961 0.00591761944815516 0.00588751491159201 0.00585740990936756 0.0058273053728044 0.00579720037057996 0.00576709536835551 0.00573699083179235 0.00570523785427213 0.00567293586209416 0.00564063433557749 0.00560833234339952 0.00557603035122156 0.0055437283590436 0.00551142636686563 0.00548217119649053 0.00546205788850784 0.00544194411486387 0.0054218303412199 0.00540171656757593 0.00538160279393196 0.00536148902028799 0.00534137524664402 0.00531998742371798 0.00529817445203662
0.00601891987025738 0.0060479030944407 0.00607287557795644 0.00608581677079201 0.00609875796362758 0.00611169915646315 0.00612464034929872 0.00613758154213428 0.00615052273496985 0.00616346392780542 0.00614567473530769 0.00611764146015048 0.00608960865065455 0.00606157584115863 0.0060335430316627 0.00600551022216678 0.00597747741267085 0.00594949070364237 0.00592164229601622 0.00589379388839006 0.00586594548076391 0.00583809753879905 0.0058102491311729 0.00578240072354674 0.00575455278158188 0.00572588900104165 0.00569695373997092 0.00566801847890019 0.00563908321782947 0.00561014795675874 0.00558121269568801 0.00555227743461728 0.005526062566787 0.00550800981000066 0.00548995658755302 0.00547190383076668 0.00545385060831904 0.0054357978515327 0.00541774509474635 0.00539969187229872 0.00537473661825061 0.00534748006612062
0.00604137638583779 0.00606935517862439 0.0060931253246963 0.00610426813364029 0.00611541094258428 0.00612655421718955 0.00613769702613354 0.00614883983507752 0.0061599831096828 0.00617112591862679 0.0061522857286036 0.00612345151603222 0.00609461730346084 0.00606578309088945 0.00603694887831807 0.00600811466574669 0.00597927998751402 0.00595125649124384 0.00592566467821598 0.00590007286518812 0.00587448151782155 0.00584888970479369 0.00582329789176583 0.00579770607873797 0.00577211426571012 0.00574654014781117 0.00572097161784768 0.0056954026222229 0.00566983409225941 0.00564426556229591 0.00561869703233242 0.00559312803670764 0.00556995393708348 0.00555396173149347 0.00553796952590346 0.00552197732031345 0.00550598511472344 0.00548999290913343 0.00547400070354342 0.00545800849795341 0.00542948581278324 0.00539678614586592
0.00606383243575692 0.00609080726280808 0.00611337460577488 0.00612271949648857 0.00613206438720226 0.00614140881225467 0.00615075370296836 0.00616009859368205 0.00616944301873446 0.00617878790944815 0.0061588971875608 0.00612926157191396 0.00609962595626712 0.00606999034062028 0.00604035425931215 0.00601071864366531 0.00598108302801847 0.0059530227445066 0.00592968752607703 0.00590635230764747 0.0058830170892179 0.00585968187078834 0.00583634665235877 0.0058130114339292 0.00578967621549964 0.0057671912945807 0.00574498903006315 0.00572278723120689 0.00570058496668935 0.00567838316783309 0.00565618136897683 0.00563397910445929 0.00561384484171867 0.00559991365298629 0.00558598199859262 0.00557205080986023 0.00555811915546656 0.00554418796673417 0.00553025677800179 0.00551632512360811 0.00548423500731587 0.00544609175994992
0.00608088914304972 0.00610688328742981 0.00612843595445156 0.00613666279241443 0.00614489009603858 0.00615311739966273 0.00616134470328689 0.00616957154124975 0.0061777988448739 0.00618602614849806 0.00616483436897397 0.00613383622840047 0.00610283855348825 0.00607184041291475 0.00604084227234125 0.00600984459742904 0.00597884645685554 0.0059501207433641 0.00592821231111884 0.00590630387887359 0.00588439498096704 0.00586248654872179 0.00584057811647654 0.00581866968423128 0.00579676078632474 0.00577640580013394 0.00575656862929463 0.00573673099279404 0.00571689382195473 0.00569705618545413 0.00567721854895353 0.00565738137811422 0.00563923548907042 0.0056261639110744 0.0056130918674171 0.00560002028942108 0.00558694871142507 0.00557387713342905 0.00556080555543303 0.00554773351177573 0.00551537936553359 0.00547659769654274
