resources/Exp000_Example-Run/Run01_M2/TimeSeries/1990/selection_set/qv2m_avg.asc
NCOLS 265 
NROWS 230 
XLLCORNER -115.5625 
YLLCORNER 24.8333333333333 
CELLSIZE 0.0833333333333333 
NODATA_value -9999 
[rows 0 to 18 of 230, columns 168 to 209 of 265]
0.00529829878360033 0.00530545879155397 0.00531261833384633 0.00531977787613869 0.00533492583781481 0.00535273645073175 0.00537054659798741 0.00538835721090436 0.00540616782382131 0.00542397797107697 0.00544178858399391 0.00545965041965246 0.00547766545787454 0.00549568049609661 0.00551369553431869 0.00553171057254076 0.00554972561076283 0.00556774064898491 0.00558575568720698 0.00559510244056582 0.00560156023129821 0.00560801802203059 0.00561447581276298 0.00562093360349536 0.00562739092856646 0.00563384871929884 0.00563924899324775 0.00564147578552365 0.00564370304346085 0.00564592983573675 0.00564815709367394 0.00565038388594985 0.00565261114388704 0.00565483793616295 0.00566205661743879 0.00567093910649419 0.00567982159554958 0.00568870455026627 0.00569758703932166 0.00570646952837706 0.00571535201743245 0.00572363706305623
0.00529234390705824 0.00530133862048388 0.0053103337995708 0.00531932897865772 0.00533580407500267 0.00535477278754115 0.00537374150007963 0.00539271021261811 0.00541167892515659 0.00543064763769507 0.00544961635023355 0.00546834105625749 0.00548633420839906 0.00550432689487934 0.00552231958135962 0.0055403127335012 0.00555830541998148 0.00557629857212305 0.00559429125860333 0.00560427736490965 0.00561159430071712 0.00561891170218587 0.00562622863799334 0.00563354603946209 0.00564086297526956 0.00564817991107702 0.0056544323451817 0.00565749080851674 0.00566054880619049 0.00566360680386424 0.00566666480153799 0.00566972326487303 0.00567278126254678 0.00567583926022053 0.00568339368328452 0.00569244707003236 0.0057015004567802 0.00571055384352803 0.00571960676461458 0.00572866015136242 0.00573771353811026 0.00574629288166761
0.00528638856485486 0.00529721891507506 0.00530804926529527 0.00531887961551547 0.00533668231219053 0.00535680959001184 0.00537693640217185 0.00539706321433187 0.00541719002649188 0.00543731730431318 0.0054574441164732 0.0054770321585238 0.00549500295892358 0.00551297329366207 0.00553094409406185 0.00554891489446163 0.00556688569486141 0.00558485649526119 0.00560282729566097 0.00561345228925347 0.00562162883579731 0.00562980538234115 0.00563798192888498 0.00564615847542882 0.00565433502197266 0.00566251156851649 0.00566961616277695 0.00567350536584854 0.00567739456892014 0.00568128377199173 0.00568517297506332 0.00568906217813492 0.00569295138120651 0.00569684058427811 0.00570473074913025 0.00571395503357053 0.00572317885234952 0.0057324031367898 0.00574162695556879 0.00575085077434778 0.00576007505878806 0.005768948700279
0.00528043322265148 0.00529309920966625 0.00530576473101974 0.00531843025237322 0.00533756101503968 0.00535884592682123 0.00538013130426407 0.00540141621604562 0.00542270159348845 0.00544398650527 0.00546527188271284 0.00548572279512882 0.0055036717094481 0.00552162015810609 0.00553956860676408 0.00555751705542207 0.00557546596974134 0.00559341441839933 0.00561136286705732 0.0056226272135973 0.00563166290521622 0.00564069906249642 0.00564973475411534 0.00565877091139555 0.00566780660301447 0.00567684276029468 0.0056847995147109 0.00568951992318034 0.00569424033164978 0.00569896074011922 0.00570368068292737 0.00570840109139681 0.00571312149986625 0.00571784190833569 0.00572606781497598 0.00573546253144741 0.00574485724791884 0.00575425243005157 0.005763647146523 0.00577304186299443 0.00578243657946587 0.00579160451889038
0.00527447834610939 0.00528897903859615 0.0053034801967442 0.00531798135489225 0.00533843925222754 0.00536088272929192 0.005383325740695 0.00540576921775937 0.00542821269482374 0.00545065617188811 0.00547309964895248 0.00549441389739513 0.00551234045997262 0.00553026655688882 0.0055481931194663 0.00556611968204379 0.00558404577895999 0.00560197234153748 0.00561989890411496 0.00563180213794112 0.00564169744029641 0.0056515927426517 0.00566148804500699 0.00567138334736228 0.00568127864971757 0.00569117395207286 0.00569998333230615 0.00570553448051214 0.00571108609437943 0.00571663724258542 0.0057221888564527 0.00572774047031999 0.00573329161852598 0.00573884323239326 0.0057474048808217 0.00575697049498558 0.00576653610914946 0.00577610172331333 0.00578566687181592 0.0057952324859798 0.00580479810014367 0.00581426033750176
0.00526852300390601 0.00528485933318734 0.00530119566246867 0.00531753199175 0.00533931748941541 0.00536291906610131 0.00538652064278722 0.00541012221947312 0.00543372426182032 0.00545732583850622 0.00548092741519213 0.00550310499966145 0.00552100921049714 0.00553891342133284 0.00555681763216853 0.00557472184300423 0.00559262605383992 0.00561053026467562 0.00562843447551131 0.00564097659662366 0.00565173150971532 0.00566248642280698 0.00567324087023735 0.00568399578332901 0.00569475023075938 0.00570550514385104 0.0057151666842401 0.00572154950350523 0.00572793185710907 0.00573431421071291 0.00574069702997804 0.00574707938358188 0.00575346173718572 0.00575984409078956 0.00576874194666743 0.00577847845852375 0.00578821450471878 0.0057979510165751 0.00580768706277013 0.00581742310896516 0.00582715962082148 0.00583691615611315
0.00526545755565166 0.00528254732489586 0.00529963709414005 0.00531672732904553 0.0053387526422739 0.00536242360249162 0.00538609409704804 0.00540976459160447 0.00543343555182219 0.00545710604637861 0.00548077700659633 0.00550311012193561 0.00552143063396215 0.00553975161164999 0.00555807212367654 0.00557639310136437 0.00559471361339092 0.00561303412541747 0.00563135510310531 0.00564494868740439 0.00565696693956852 0.00566898519173265 0.00568100297823548 0.00569302123039961 0.00570503948256373 0.00571705726906657 0.00572798540815711 0.00573564320802689 0.00574330100789666 0.00575095880776644 0.00575861660763621 0.00576627440750599 0.00577393267303705 0.00578159047290683 0.00579076679423451 0.0058004492893815 0.00581013178452849 0.00581981427967548 0.00582949677482247 0.00583917973563075 0.00584886223077774 0.00585874821990728
0.00526528200134635 0.00528204347938299 0.00529880495741963 0.00531556643545628 0.00533674471080303 0.00535939540714025 0.00538204610347748 0.00540469633415341 0.00542734703049064 0.00544999726116657 0.0054726479575038 0.0054944297298789 0.00551360519602895 0.00553278112784028 0.00555195705965161 0.00557113252580166 0.00559030845761299 0.00560948392376304 0.00562865985557437 0.00564371794462204 0.00565740326419473 0.0056710890494287 0.00568477436900139 0.00569845968857408 0.00571214547380805 0.00572583079338074 0.00573843903839588 0.00574781652539968 0.00575719401240349 0.00576657149940729 0.0057759489864111 0.00578532600775361 0.00579470349475741 0.00580408098176122 0.00581347895786166 0.00582288345322013 0.0058322879485786 0.00584169244393706 0.00585109693929553 0.005860501434654 0.00586990593001246 0.00587975652888417
0.00526510644704103 0.00528153963387012 0.00529797282069921 0.0053144060075283 0.00533473724499345 0.00535636721178889 0.00537799764424562 0.00539962807670236 0.00542125850915909 0.00544288847595453 0.00546451890841126 0.0054857493378222 0.00550578022375703 0.00552581064403057 0.0055458415299654 0.00556587241590023 0.00558590330183506 0.00560593418776989 0.00562596460804343 0.00564248720183969 0.00565784005448222 0.00567319290712476 0.00568854575976729 0.00570389861240983 0.00571925146505237 0.0057346043176949 0.00574889313429594 0.00575998984277248 0.00577108701691031 0.00578218372538686 0.00579328089952469 0.00580437760800123 0.00581547478213906 0.00582657195627689 0.00583619065582752 0.00584531715139747 0.00585444364696741 0.00586357014253736 0.0058726966381073 0.00588182313367724 0.00589094962924719 0.00590076483786106
0.00526493089273572 0.00528103578835726 0.0052971406839788 0.00531324557960033 0.00533272931352258 0.00535333948209882 0.00537394965067506 0.0053945598192513 0.00541516952216625 0.00543577969074249 0.00545638985931873 0.0054770689457655 0.00549795478582382 0.00551884062588215 0.00553972646594048 0.0055606123059988 0.00558149814605713 0.00560238398611546 0.00562326982617378 0.00564125645905733 0.00565827637910843 0.00567529676482081 0.00569231668487191 0.0057093370705843 0.0057263569906354 0.00574337737634778 0.00575934676453471 0.00577216316014528 0.00578497955575585 0.00579779641702771 0.00581061281263828 0.00582342920824885 0.00583624606952071 0.00584906246513128 0.00585890281945467 0.00586775131523609 0.00587659981101751 0.00588544784113765 0.00589429633691907 0.00590314483270049 0.00591199332848191 0.00592177268117666
0.00526475487276912 0.00528053194284439 0.00529630854725838 0.00531208515167236 0.00533072138205171 0.00535031128674746 0.0053699011914432 0.00538949109613895 0.0054090810008347 0.00542867090553045 0.0054482608102262 0.00546838855370879 0.00549012934789062 0.00551187014207244 0.00553361093625426 0.00555535219609737 0.0055770929902792 0.00559883378446102 0.00562057457864285 0.00564002525061369 0.00565871316939592 0.00567740062251687 0.00569608807563782 0.00571477552875876 0.00573346298187971 0.00575215090066195 0.00576980039477348 0.00578433647751808 0.00579887256026268 0.00581340864300728 0.00582794472575188 0.00584248080849648 0.00585701689124107 0.00587155297398567 0.00588161498308182 0.00589018547907472 0.00589875550940633 0.00590732600539923 0.00591589650139213 0.00592446653172374 0.00593303702771664 0.00594278099015355
0.0052645793184638 0.00528002763167024 0.00529547594487667 0.0053109242580831 0.00532871391624212 0.00534728355705738 0.00536585319787264 0.0053844228386879 0.00540299247950315 0.00542156212031841 0.00544013176113367 0.00545970816165209 0.00548230390995741 0.00550490012392402 0.00552749587222934 0.00555009162053466 0.00557268783450127 0.00559528358280659 0.00561787933111191 0.00563879450783134 0.00565914949402213 0.00567950448021293 0.00569985946640372 0.00572021398693323 0.00574056897312403 0.00576092395931482 0.00578025402501225 0.00579650979489088 0.00581276556476951 0.00582902133464813 0.00584527663886547 0.0058615324087441 0.00587778817862272 0.00589404394850135 0.00590432714670897 0.00591261917725205 0.00592091167345643 0.00592920370399952 0.0059374962002039 0.00594578823074698 0.00595408072695136 0.00596378929913044
0.00526597164571285 0.0052814488299191 0.00529692554846406 0.00531240273267031 0.00532998237758875 0.00534826284274459 0.00536654377356172 0.00538482423871756 0.00540310516953468 0.00542138610035181 0.00543966656550765 0.0054590841755271 0.00548191275447607 0.00550474086776376 0.00552756944671273 0.00555039756000042 0.00557322613894939 0.00559605425223708 0.00561888283118606 0.00564041873440146 0.0056615243665874 0.00568262953311205 0.00570373516529799 0.00572484079748392 0.00574594596400857 0.00576705159619451 0.00578717468306422 0.00580435199663043 0.00582152931019664 0.00583870615810156 0.00585588347166777 0.00587306078523397 0.0058902376331389 0.0059074149467051 0.00591840548440814 0.00592733407393098 0.00593626266345382 0.00594519125297666 0.0059541198424995 0.00596304843202233 0.00597197702154517 0.00598236871883273
0.00526893185451627 0.00528479414060712 0.00530065689235926 0.00531651917845011 0.00533452676609159 0.00535325007513165 0.00537197291851044 0.00539069576188922 0.00540941907092929 0.00542814191430807 0.00544686475768685 0.00546651659533381 0.00548895495012403 0.00551139330491424 0.00553383119404316 0.00555626954883337 0.00557870790362358 0.0056011457927525 0.00562358414754272 0.00564489793032408 0.00566583732143044 0.00568677624687552 0.00570771563798189 0.00572865456342697 0.00574959395453334 0.00577053334563971 0.00579056283459067 0.00580786308273673 0.00582516379654408 0.00584246404469013 0.00585976475849748 0.00587706547230482 0.00589436572045088 0.00591166643425822 0.00592385092750192 0.00593433016911149 0.00594480941072106 0.00595528865233064 0.00596576789394021 0.00597624713554978 0.00598672637715936 0.00599851878359914
0.00527189206331968 0.00528813991695642 0.00530438777059317 0.00532063562422991 0.00533907162025571 0.00535823684185743 0.00537740206345916 0.00539656728506088 0.00541573297232389 0.00543489819392562 0.00545406341552734 0.00547394948080182 0.00549599714577198 0.00551804527640343 0.00554009340703487 0.00556214153766632 0.00558418966829777 0.00560623733326793 0.00562828546389937 0.00564937712624669 0.00567015027627349 0.005690922960639 0.0057116961106658 0.00573246879503131 0.00575324194505811 0.00577401462942362 0.00579395052045584 0.00581137416884303 0.00582879828289151 0.0058462219312787 0.00586364604532719 0.00588107015937567 0.00589849380776286 0.00591591792181134 0.00592929637059569 0.005941326264292 0.00595335615798831 0.00596538605168462 0.00597741594538093 0.00598944583907723 0.00600147573277354 0.00601466884836555
0.0052748522721231 0.00529148569330573 0.00530811911448836 0.005324752535671 0.00534361647441983 0.0053632240742445 0.00538283167406917 0.00540243880823255 0.00542204640805721 0.00544165400788188 0.00546126160770655 0.00548138190060854 0.00550303980708122 0.00552469771355391 0.00554635562002659 0.00556801352649927 0.00558967143297195 0.00561132887378335 0.00563298678025603 0.0056538563221693 0.00567446323111653 0.00569506967440248 0.0057156765833497 0.00573628302663565 0.00575688993558288 0.00577749637886882 0.005797338206321 0.00581488572061062 0.00583243276923895 0.00584998028352857 0.0058675273321569 0.00588507438078523 0.00590262189507484 0.00592016894370317 0.00593474134802818 0.00594832189381123 0.00596190243959427 0.00597548298537731 0.00598906353116035 0.00600264454260468 0.00601622508838773 0.00603081891313195
0.00527781248092651 0.00529483146965504 0.00531184999272227 0.0053288689814508 0.00534816086292267 0.00536821084097028 0.00538826081901789 0.00540831033140421 0.00542836030945182 0.00544841028749943 0.00546845979988575 0.00548881432041526 0.00551008200272918 0.0055313496850431 0.00555261736735702 0.00557388504967093 0.00559515319764614 0.00561642087996006 0.00563768856227398 0.00565833551809192 0.00567877618595958 0.00569921638816595 0.00571965705603361 0.00574009725823998 0.00576053746044636 0.00578097812831402 0.00580072589218616 0.00581839680671692 0.00583606725558639 0.00585373817011714 0.00587140861898661 0.00588907906785607 0.00590674998238683 0.00592442043125629 0.00594018679112196 0.00595531798899174 0.00597044918686152 0.00598558038473129 0.00600071158260107 0.00601584278047085 0.00603097397834063 0.00604696897789836
0.00528077268972993 0.00529817724600434 0.00531558133661747 0.0053329854272306 0.00535270571708679 0.00537319807335734 0.00539368996396661 0.00541418185457587 0.00543467421084642 0.00545516610145569 0.00547565845772624 0.00549624674022198 0.00551712419837713 0.00553800212219357 0.00555887958034873 0.00557975703850389 0.00560063496232033 0.00562151242047548 0.00564238987863064 0.00566281471401453 0.00568308914080262 0.00570336310192943 0.00572363752871752 0.00574391148984432 0.00576418545097113 0.00578445987775922 0.00580411404371262 0.00582190789282322 0.00583970174193382 0.00585749605670571 0.00587528990581632 0.00589308375492692 0.00591087806969881 0.00592867191880941 0.00594563176855445 0.00596231361851096 0.00597899546846747 0.00599567778408527 0.00601235963404179 0.0060290414839983 0.00604572333395481 0.00606311904266477
0.00528707774356008 0.00530457310378551 0.00532206846401095 0.00533956335857511 0.00535959331318736 0.0053804675117135 0.00540134217590094 0.00542221637442708 0.00544309103861451 0.00546396523714066 0.00548483990132809 0.00550568336620927 0.00552643463015556 0.00554718589410186 0.00556793669238687 0.00558868795633316 0.00560943922027946 0.00563019048422575 0.00565094128251076 0.00567139917984605 0.00569175882264972 0.00571211846545339 0.00573247810825706 0.00575283821672201 0.00577319785952568 0.00579355750232935 0.00581336487084627 0.0058315135538578 0.00584966270253062 0.00586781185120344 0.00588596099987626 0.00590411014854908 0.00592225883156061 0.00594040798023343 0.00595806632190943 0.00597556121647358 0.00599305611103773 0.0060105505399406 0.00602804543450475 0.00604553986340761 0.00606303475797176 0.0060812383890152
