resources/Exp000_Example-Run/Run01_M2/TimeSeries/1990/selection_set/qv2m_avg.asc
NCOLS 265 
NROWS 230 
XLLCORNER -115.5625 
YLLCORNER 24.8333333333333 
CELLSIZE 0.0833333333333333 
NODATA_value -9999 
[rows 114 to 132 of 230, columns 126 to 167 of 265]
0.00530827464535832 0.00534581672400236 0.00538686476647854 0.00542791280895472 0.00546896038576961 0.00551000842824578 0.00555105647072196 0.00559210451319814 0.00562990829348564 0.0056579802185297 0.00568605214357376 0.00571412406861782 0.00574219599366188 0.00577026791870594 0.00579833984375 0.00582641176879406 0.00584975071251392 0.00587151199579239 0.00589327327907085 0.00591503456234932 0.00593679584562778 0.00595855712890625 0.005980318877846 0.00600433256477118 0.00603510346263647 0.00606587482616305 0.00609664618968964 0.00612741708755493 0.00615818845108151 0.0061889598146081 0.00621973071247339 0.00625152746215463 0.00628366600722075 0.00631580408662558 0.00634794263169169 0.00638008117675781 0.00641221925616264 0.00644435780122876 0.00647829938679934 0.00651765009388328 0.00655700080096722 0.00659635150805116
0.00533193768933415 0.00536954402923584 0.00541046122089028 0.00545137841254473 0.00549229513853788 0.00553321233019233 0.00557412905618548 0.00561504624783993 0.00565248541533947 0.00567949004471302 0.00570649467408657 0.00573349930346012 0.00576050393283367 0.00578750856220722 0.00581451365724206 0.00584151828661561 0.00586458761245012 0.00588634517043829 0.00590810319408774 0.00592986075207591 0.00595161831006408 0.00597337586805224 0.0059951338917017 0.00601931614801288 0.00605077296495438 0.00608222978189588 0.00611368659883738 0.00614514341577888 0.00617660023272038 0.00620805658400059 0.00623951340094209 0.00627200491726398 0.00630484148859978 0.00633767805993557 0.00637051463127136 0.00640335120260715 0.00643618777394295 0.00646902434527874 0.00650344137102365 0.0065426011569798 0.00658176047727466 0.0066209202632308
0.00535560073330998 0.00539327180013061 0.00543405767530203 0.00547484401613474 0.00551562989130616 0.00555641576647758 0.0055972021073103 0.00563798798248172 0.00567506207153201 0.00570099940523505 0.00572693720459938 0.00575287453830242 0.00577881187200546 0.00580474967136979 0.00583068700507283 0.00585662433877587 0.00587942451238632 0.00590117834508419 0.00592293264344335 0.00594468647614121 0.00596644077450037 0.00598819460719824 0.00600994890555739 0.00603430019691586 0.00606644246727228 0.0060985847376287 0.00613072700798512 0.00616286927834153 0.00619501154869795 0.00622715381905437 0.00625929608941078 0.00629248283803463 0.0063260174356401 0.00635955203324556 0.00639308663085103 0.0064266212284565 0.00646015582606196 0.00649369042366743 0.00652858382090926 0.00656755222007632 0.00660652061924338 0.00664548901841044
0.00537926331162453 0.00541699910536408 0.00545765459537506 0.00549830961972475 0.00553896464407444 0.00557961966842413 0.00562027469277382 0.0056609301827848 0.00569763872772455 0.00572250923141837 0.0057473792694509 0.00577224977314472 0.00579712027683854 0.00582199031487107 0.00584686081856489 0.00587173085659742 0.00589426141232252 0.00591601198539138 0.00593776209279895 0.0059595126658678 0.00598126323893666 0.00600301334634423 0.00602476391941309 0.00604928378015757 0.0060821115039289 0.00611493969336152 0.00614776741713285 0.00618059514090419 0.00621342333033681 0.00624625105410814 0.00627907877787948 0.00631296029314399 0.00634719291701913 0.00638142600655556 0.0064156586304307 0.00644989125430584 0.00648412434384227 0.00651835696771741 0.00655372580513358 0.00659250328317285 0.00663128076121211 0.00667005777359009
0.00540292635560036 0.00544072687625885 0.00548125104978681 0.00552177522331476 0.00556229939684272 0.00560282357037067 0.00564334774389863 0.00568387191742659 0.00572021584957838 0.0057440185919404 0.00576782179996371 0.00579162500798702 0.00581542821601033 0.00583923142403364 0.00586303416639566 0.00588683737441897 0.00590909831225872 0.00593084516003728 0.00595259200781584 0.0059743388555944 0.00599608570337296 0.00601783208549023 0.00603957893326879 0.00606426736339927 0.0060977810062468 0.00613129418343306 0.00616480782628059 0.00619832146912813 0.00623183464631438 0.00626534828916192 0.00629886146634817 0.00633343821391463 0.00636836886405945 0.00640329997986555 0.00643823063001037 0.00647316128015518 0.00650809239596128 0.0065430230461061 0.0065788677893579 0.00661745434626937 0.00665604043751955 0.00669462699443102
0.00542658939957619 0.00546445418149233 0.00550484750419855 0.00554524082690477 0.005585634149611 0.00562602700665593 0.00566642032936215 0.00570681365206838 0.00574279250577092 0.00576552841812372 0.00578826433047652 0.00581100024282932 0.00583373615518212 0.00585647206753492 0.00587920797988772 0.00590194389224052 0.00592393521219492 0.00594567833468318 0.00596742145717144 0.0059891645796597 0.00601090770214796 0.00603265082463622 0.00605439441278577 0.00607925141230226 0.00611345050856471 0.00614764913916588 0.00618184823542833 0.00621604733169079 0.00625024642795324 0.00628444505855441 0.00631864415481687 0.00635391566902399 0.00638954481109977 0.00642517348751426 0.00646080262959003 0.00649643177166581 0.0065320604480803 0.00656768959015608 0.00660401023924351 0.00664240540936589 0.00668080057948828 0.00671919574961066
0.00544716464355588 0.00548529159277678 0.00552569376304746 0.00556609546765685 0.00560649763792753 0.00564689934253693 0.00568730151280761 0.005727703217417 0.00576345575973392 0.00578525988385081 0.00580706354230642 0.00582886766642332 0.00585067179054022 0.00587247544899583 0.00589427957311273 0.00591608369722962 0.00593797862529755 0.00595990335568786 0.00598182855173945 0.00600375374779105 0.00602567847818136 0.00604760367423296 0.00606952887028456 0.00609470391646028 0.00612963084131479 0.00616455730050802 0.00619948375970125 0.00623441021889448 0.00626933667808771 0.00630426360294223 0.00633919006213546 0.00637554563581944 0.00641237758100033 0.00644920999184251 0.0064860419370234 0.00652287388220429 0.00655970629304647 0.00659653823822737 0.00663377763703465 0.00667223753407598 0.0067106974311173 0.00674915732815862
0.00546465255320072 0.00550323911011219 0.00554378936067224 0.00558434007689357 0.00562489032745361 0.00566544057801366 0.0057059908285737 0.00574654107913375 0.00578220561146736 0.00580321298912168 0.00582422036677599 0.0058452277444303 0.00586623465642333 0.00588724203407764 0.00590824941173196 0.00592925678938627 0.00595122808590531 0.00597352022305131 0.00599581282585859 0.00601810542866588 0.00604039756581187 0.00606269016861916 0.00608498277142644 0.0061106258071959 0.00614632200449705 0.0061820182017982 0.00621771439909935 0.0062534105964005 0.00628910632804036 0.00632480252534151 0.00636049872264266 0.00639832811430097 0.0064368681050837 0.00647540856152773 0.00651394855231047 0.00655248900875449 0.00659102946519852 0.00662956945598125 0.00666816998273134 0.00670695072039962 0.00674573145806789 0.00678451219573617
0.00548214046284556 0.0055211866274476 0.0055618854239583 0.005602584220469 0.00564328255131841 0.0056839813478291 0.0057246801443398 0.00576537847518921 0.00580095546320081 0.00582116609439254 0.00584137672558427 0.005861587356776 0.00588179798796773 0.00590200861915946 0.00592221925035119 0.00594242988154292 0.00596447754651308 0.00598713755607605 0.00600979709997773 0.0060324571095407 0.00605511665344238 0.00607777666300535 0.00610043620690703 0.00612654769793153 0.0061630136333406 0.00619947910308838 0.00623594457283616 0.00627241050824523 0.00630887597799301 0.00634534191340208 0.00638180738314986 0.00642111012712121 0.00646135862916708 0.00650160713121295 0.00654185563325882 0.0065821036696434 0.00662235217168927 0.00666260067373514 0.00670256232842803 0.00674166390672326 0.00678076548501849 0.00681986706331372
0.00549962837249041 0.00553913414478302 0.00557998148724437 0.00562082836404443 0.00566167524084449 0.00570252211764455 0.0057433694601059 0.00578421633690596 0.00581970531493425 0.0058391191996634 0.00585853308439255 0.0058779469691217 0.00589736131951213 0.00591677520424128 0.00593618908897042 0.00595560297369957 0.00597772700712085 0.0060007544234395 0.00602378137409687 0.00604680879041553 0.00606983574107289 0.00609286315739155 0.00611589010804892 0.00614246958866715 0.00617970479652286 0.00621694000437856 0.00625417521223426 0.00629141042008996 0.00632864562794566 0.00636588130146265 0.00640311650931835 0.00644389260560274 0.00648584915325046 0.00652780570089817 0.00656976224854589 0.0066117187961936 0.00665367534384131 0.00669563189148903 0.00673695467412472 0.0067763770930469 0.0068157990463078 0.00685522146522999
0.00551711581647396 0.00555708166211843 0.00559807708486915 0.00563907250761986 0.00568006793037057 0.00572106335312128 0.00576205877587199 0.0058030541986227 0.00583845470100641 0.00585707230493426 0.00587568944320083 0.00589430704712868 0.00591292418539524 0.00593154178932309 0.00595015892758965 0.00596877653151751 0.00599097646772861 0.00601437129080296 0.00603776564821601 0.00606116047129035 0.0060845548287034 0.00610794965177774 0.0061313440091908 0.00615839147940278 0.00619639595970511 0.00623440090566874 0.00627240585163236 0.00631041079759598 0.0063484157435596 0.00638642022386193 0.00642442516982555 0.00646667508408427 0.00651033967733383 0.00655400427058339 0.00659766886383295 0.00664133345708251 0.00668499805033207 0.00672866310924292 0.0067713470198214 0.00681109027937055 0.0068508330732584 0.00689057633280754
0.0055346037261188 0.00557502917945385 0.00561617314815521 0.00565731665119529 0.00569846061989665 0.00573960412293673 0.00578074809163809 0.00582189159467816 0.00585720455273986 0.00587502541020513 0.00589284580200911 0.00591066665947437 0.00592848751693964 0.00594630790874362 0.00596412876620889 0.00598194962367415 0.00600422639399767 0.00602798815816641 0.00605175038799644 0.00607551215216517 0.00609927391633391 0.00612303614616394 0.00614679791033268 0.00617431337013841 0.00621308758854866 0.00625186180695891 0.00629063649103045 0.00632941070944071 0.00636818539351225 0.0064069596119225 0.00644573383033276 0.00648945709690452 0.00653483020141721 0.00658020284026861 0.00662557547912002 0.00667094858363271 0.00671632122248411 0.00676169386133552 0.00680573983117938 0.00684580346569419 0.006885867100209 0.00692593073472381
0.00555238779634237 0.00559328496456146 0.00563485687598586 0.00567642878741026 0.00571800023317337 0.00575957214459777 0.00580114359036088 0.00584271550178528 0.00587828457355499 0.00589584512636065 0.0059134061448276 0.00593096716329455 0.00594852771610022 0.00596608873456717 0.00598364975303411 0.00600121030583978 0.00602373527362943 0.00604791473597288 0.00607209419831634 0.00609627366065979 0.00612045312300324 0.00614463305100799 0.00616881251335144 0.00619677267968655 0.00623607588931918 0.0062753795646131 0.00631468277424574 0.00635398598387837 0.00639328919351101 0.00643259240314364 0.00647189561277628 0.00651697209104896 0.00656397361308336 0.00661097466945648 0.0066579757258296 0.00670497724786401 0.00675197830423713 0.00679897936061025 0.00684424070641398 0.00688428059220314 0.00692432094365358 0.00696436129510403
0.00557046849280596 0.00561184948310256 0.00565412873402238 0.0056964079849422 0.00573868723586202 0.00578096648678184 0.00582324573770165 0.00586552498862147 0.00590169429779053 0.00591953191906214 0.00593737000599504 0.00595520762726665 0.00597304524853826 0.00599088333547115 0.00600872095674276 0.00602655904367566 0.00604950403794646 0.00607415102422237 0.00609879847615957 0.00612344546243548 0.00614809291437268 0.00617273990064859 0.00619738735258579 0.00622577033936977 0.00626536179333925 0.00630495324730873 0.00634454423561692 0.0063841356895864 0.00642372714355588 0.00646331859752536 0.00650291005149484 0.00654922006651759 0.0065977699123323 0.006646319758147 0.00669486960396171 0.00674341944977641 0.00679196929559112 0.00684051914140582 0.00688684964552522 0.00692652212455869 0.00696619460359216 0.00700586708262563
0.00558854872360826 0.00563041400164366 0.00567340105772018 0.00571638764813542 0.00575937470421195 0.00580236129462719 0.00584534835070372 0.00588833494111896 0.00592510402202606 0.00594321871176362 0.00596133340150118 0.00597944809123874 0.00599756324663758 0.00601567793637514 0.0060337926261127 0.00605190778151155 0.00607527233660221 0.00610038731247187 0.00612550228834152 0.00615061726421118 0.00617573224008083 0.00620084721595049 0.00622596219182014 0.006254767999053 0.00629464723169804 0.00633452693000436 0.00637440616264939 0.00641428586095572 0.00645416509360075 0.00649404479190707 0.00653392402455211 0.00658146804198623 0.00663156621158123 0.00668166484683752 0.00673176348209381 0.0067818621173501 0.0068319602869451 0.0068820589222014 0.00692945905029774 0.00696876365691423 0.00700806826353073 0.00704737287014723
0.00560662942007184 0.00564897852018476 0.0056926729157567 0.00573636731132865 0.0057800617069006 0.00582375610247254 0.00586745049804449 0.00591114489361644 0.0059485137462616 0.0059669055044651 0.00598529726266861 0.00600368902087212 0.00602208077907562 0.00604047253727913 0.00605886429548264 0.00607725605368614 0.00610104110091925 0.00612662360072136 0.00615220610052347 0.00617778906598687 0.00620337156578898 0.0062289540655911 0.00625453656539321 0.00628376565873623 0.00632393313571811 0.00636410061269999 0.00640426808968186 0.00644443556666374 0.00648460350930691 0.00652477098628879 0.00656493846327066 0.00661371555179358 0.00666536297649145 0.00671700993552804 0.00676865736022592 0.0068203043192625 0.00687195174396038 0.00692359870299697 0.00697206845507026 0.00701100518926978 0.0070499419234693 0.00708887912333012
0.00562470965087414 0.00566754303872585 0.00571194477379322 0.00575634697452188 0.00580074870958924 0.0058451509103179 0.00588955264538527 0.00593395484611392 0.00597192347049713 0.00599059229716659 0.00600926065817475 0.00602792948484421 0.00604659831151366 0.00606526713818312 0.00608393596485257 0.00610260479152203 0.006126809399575 0.00615285988897085 0.00617891037836671 0.00620496040210128 0.00623101089149714 0.00625706138089299 0.00628311140462756 0.00631276331841946 0.00635321903973818 0.00639367429539561 0.00643413001671433 0.00647458573803306 0.00651504145935178 0.0065554971806705 0.00659595290198922 0.00664596352726221 0.00669915927574039 0.00675235502421856 0.00680555077269673 0.0068587469868362 0.00691194273531437 0.00696513848379254 0.00701467739418149 0.00705324672162533 0.00709181604906917 0.00713038491085172
0.00564278988167644 0.00568610709160566 0.00573121663182974 0.00577632617205381 0.00582143571227789 0.00586654525250196 0.00591165479272604 0.00595676433295012 0.00599533319473267 0.00601427862420678 0.00603322451934218 0.00605217041447759 0.0060711158439517 0.0060900617390871 0.00610900763422251 0.00612795306369662 0.00615257816389203 0.00617909617722034 0.00620561419054866 0.00623213220387697 0.00625865021720529 0.0062851682305336 0.00631168624386191 0.00634176097810268 0.00638250447809696 0.00642324844375253 0.0064639919437468 0.00650473590940237 0.00654547940939665 0.00658622337505221 0.00662696687504649 0.00667821103706956 0.00673295557498932 0.00678770011290908 0.00684244465082884 0.0068971891887486 0.00695193372666836 0.00700667826458812 0.00705728679895401 0.00709548825398088 0.00713368970900774 0.00717189069837332
0.00566604221239686 0.0057089445181191 0.00575382215902209 0.00579870026558638 0.00584357790648937 0.00588845554739237 0.00593333365395665 0.00597821129485965 0.00601673265919089 0.00603618519380689 0.00605563726276159 0.0060750893317163 0.00609454186633229 0.006113993935287 0.0061334460042417 0.0061528985388577 0.00617812527343631 0.00620527658611536 0.00623242789879441 0.00625957967713475 0.0062867309898138 0.00631388276815414 0.0063410340808332 0.00637177331373096 0.00641327584162354 0.00645477883517742 0.00649628136307001 0.0065377838909626 0.00657928641885519 0.00662078941240907 0.00666229194030166 0.00671426765620708 0.00676973443478346 0.00682520167902112 0.00688066845759749 0.00693613523617387 0.00699160201475024 0.00704706879332662 0.00709811272099614 0.00713588669896126 0.00717366067692637 0.00721143465489149
