resources/Exp000_Example-Run/Run01_M2/TimeSeries/1990/selection_set/t2m_avg.asc
NCOLS 265 
NROWS 230 
XLLCORNER -115.5625 
YLLCORNER 24.8333333333333 
CELLSIZE 0.0833333333333333 
NODATA_value -9999 
[rows 0 to 19 of 230, columns 138 to 183 of 265]
279.416107177734 279.336730957031 279.257354736328 279.177978515625 279.466400146484 279.877410888672 280.288391113281 280.699401855469 281.110412597656 281.521423339844 281.932434082031 282.251220703125 282.293395996094 282.335540771484 282.377716064453 282.419891357422 282.462036132812 282.504211425781 282.54638671875 282.551300048828 282.543792724609 282.536315917969 282.52880859375 282.521331787109 282.513824462891 282.50634765625 282.504150390625 282.517913818359 282.531707763672 282.545471191406 282.559234619141 282.572998046875 282.586761474609 282.600555419922 282.585174560547 282.56005859375 282.534973144531 282.509857177734 282.484771728516 282.459655761719 282.4345703125 282.410522460938 282.389556884766 282.368621826172 282.34765625 282.326721191406
279.769775390625 279.697082519531 279.624420166016 279.551727294922 279.810668945312 280.180145263672 280.549621582031 280.919097900391 281.288604736328 281.658081054688 282.027557373047 282.314056396484 282.351654052734 282.389251708984 282.426849365234 282.464447021484 282.502044677734 282.539642333984 282.577239990234 282.579803466797 282.570648193359 282.5615234375 282.552398681641 282.543243408203 282.534118652344 282.524993896484 282.520904541016 282.531951904297 282.542999267578 282.554046630859 282.565093994141 282.576141357422 282.587219238281 282.598266601562 282.586791992188 282.567779541016 282.548797607422 282.529815673828 282.510833740234 282.491851806641 282.472839355469 282.454162597656 282.436431884766 282.418701171875 282.400970458984 282.383239746094
280.123443603516 280.057434082031 279.991455078125 279.925476074219 280.154937744141 280.48291015625 280.810852050781 281.138824462891 281.466766357422 281.794738769531 282.122680664062 282.376922607422 282.409942626953 282.442962646484 282.475982666016 282.509033203125 282.542053222656 282.575073242188 282.608093261719 282.608276367188 282.597503662109 282.586730957031 282.575958251953 282.565185546875 282.554412841797 282.543640136719 282.537628173828 282.545959472656 282.554290771484 282.562652587891 282.570983886719 282.579315185547 282.587646484375 282.595977783203 282.588409423828 282.575531005859 282.562652587891 282.549774169922 282.536895751953 282.524017333984 282.511138916016 282.497833251953 282.483306884766 282.468811035156 282.454284667969 282.439758300781
280.477111816406 280.417816162109 280.358520507812 280.299224853516 280.499206542969 280.78564453125 281.072082519531 281.358520507812 281.644958496094 281.931396484375 282.217834472656 282.439758300781 282.468231201172 282.496673583984 282.525146484375 282.553588867188 282.582061767578 282.610504150391 282.638977050781 282.636779785156 282.624359130859 282.611938476562 282.599517822266 282.587127685547 282.57470703125 282.562286376953 282.554382324219 282.559997558594 282.565612792969 282.571228027344 282.576843261719 282.582458496094 282.588073730469 282.593688964844 282.590026855469 282.583251953125 282.576477050781 282.569702148438 282.562957763672 282.556182861328 282.549407958984 282.54150390625 282.530212402344 282.518890380859 282.507568359375 282.496276855469
280.830749511719 280.778167724609 280.725555419922 280.672943115234 280.843475341797 281.088409423828 281.333312988281 281.578216552734 281.823120117188 282.068054199219 282.312957763672 282.502593994141 282.526489257812 282.550384521484 282.574279785156 282.598175048828 282.6220703125 282.645935058594 282.669830322266 282.665283203125 282.651214599609 282.637145996094 282.623107910156 282.609039306641 282.595001220703 282.580932617188 282.571105957031 282.574005126953 282.576904296875 282.579803466797 282.582702636719 282.585601806641 282.588500976562 282.591400146484 282.591644287109 282.590972900391 282.59033203125 282.589660644531 282.588989257812 282.588348388672 282.587677001953 282.585174560547 282.577087402344 282.568969726562 282.560882568359 282.552795410156
281.184417724609 281.138519287109 281.092590332031 281.046691894531 281.187774658203 281.391143798828 281.594543457031 281.797912597656 282.001312255859 282.204711914062 282.408081054688 282.565460205078 282.584777832031 282.604095458984 282.623413085938 282.642730712891 282.662048339844 282.681396484375 282.700714111328 282.693756103516 282.678070068359 282.662384033203 282.646667480469 282.630981445312 282.615295410156 282.599578857422 282.587860107422 282.588043212891 282.588226318359 282.588409423828 282.588592529297 282.588745117188 282.588928222656 282.589111328125 282.59326171875 282.598693847656 282.604156494141 282.609619140625 282.615051269531 282.620513916016 282.6259765625 282.628845214844 282.623962402344 282.619079589844 282.614196777344 282.609313964844
281.420288085938 281.387847900391 281.355438232422 281.322998046875 281.443572998047 281.615112304688 281.786682128906 281.958221435547 282.129791259766 282.301330566406 282.472900390625 282.604064941406 282.614013671875 282.623992919922 282.633972167969 282.643981933594 282.653930664062 282.663940429688 282.673889160156 282.663299560547 282.645812988281 282.628356933594 282.610870361328 282.593414306641 282.575927734375 282.558471679688 282.545837402344 282.547790527344 282.549713134766 282.551666259766 282.553588867188 282.555541992188 282.557464599609 282.559417724609 282.566986083984 282.576416015625 282.585845947266 282.595275878906 282.604675292969 282.614105224609 282.62353515625 282.629852294922 282.626800537109 282.623748779297 282.620697021484 282.617645263672
281.538330078125 281.526184082031 281.514007568359 281.501861572266 281.610870361328 281.760284423828 281.909698486328 282.059112548828 282.208526611328 282.357940673828 282.507354736328 282.618377685547 282.6142578125 282.610107421875 282.605987548828 282.601837158203 282.597717285156 282.593566894531 282.589447021484 282.573852539062 282.554473876953 282.535095214844 282.515716552734 282.496337890625 282.476928710938 282.457550048828 282.445068359375 282.453247070312 282.46142578125 282.469604492188 282.477783203125 282.485961914062 282.494140625 282.502319335938 282.512817382812 282.524078369141 282.535339355469 282.546630859375 282.557891845703 282.569152832031 282.580413818359 282.588226318359 282.585632324219 282.5830078125 282.580413818359 282.577789306641
281.656402587891 281.664520263672 281.672607421875 281.680725097656 281.778198242188 281.905456542969 282.032745361328 282.160003662109 282.287292480469 282.41455078125 282.541839599609 282.632720947266 282.614471435547 282.596221923828 282.577972412109 282.559722900391 282.541473388672 282.523223876953 282.504974365234 282.484436035156 282.463134765625 282.441833496094 282.420532226562 282.399230957031 282.377960205078 282.356658935547 282.344268798828 282.358703613281 282.373107910156 282.387542724609 282.401947021484 282.416381835938 282.430786132812 282.445190429688 282.458648681641 282.471740722656 282.48486328125 282.497985839844 282.511077880859 282.524200439453 282.537292480469 282.546600341797 282.54443359375 282.542266845703 282.540100097656 282.537963867188
281.774475097656 281.802825927734 281.831207275391 281.859588623047 281.945526123047 282.050659179688 282.155792236328 282.260925292969 282.366058349609 282.47119140625 282.576324462891 282.647064208984 282.614715576172 282.582336425781 282.549957275391 282.517608642578 282.485229492188 282.452880859375 282.420501708984 282.394989013672 282.371795654297 282.348571777344 282.325378417969 282.302154541016 282.278961181641 282.255737304688 282.243499755859 282.26416015625 282.284820556641 282.305480957031 282.326141357422 282.346771240234 282.367431640625 282.388092041016 282.404479980469 282.41943359375 282.434387207031 282.449340820312 282.464263916016 282.479217529297 282.494171142578 282.504974365234 282.503234863281 282.501525878906 282.499816894531 282.498107910156
281.892517089844 281.941162109375 281.989807128906 282.038421630859 282.112823486328 282.195831298828 282.27880859375 282.36181640625 282.444793701172 282.527801513672 282.610778808594 282.661407470703 282.614929199219 282.568450927734 282.52197265625 282.475463867188 282.428985595703 282.382507324219 282.336029052734 282.305572509766 282.280456542969 282.255310058594 282.230194091797 282.205078125 282.179962158203 282.154846191406 282.142730712891 282.169616699219 282.196502685547 282.223419189453 282.250305175781 282.277191162109 282.304107666016 282.330993652344 282.350311279297 282.367095947266 282.383880615234 282.400695800781 282.41748046875 282.434265136719 282.451049804688 282.463317871094 282.462066650391 282.460784912109 282.459533691406 282.458251953125
282.010589599609 282.079498291016 282.148376464844 282.21728515625 282.280151367188 282.341003417969 282.40185546875 282.462707519531 282.523559570312 282.584411621094 282.645263671875 282.675750732422 282.615142822266 282.554565429688 282.493957519531 282.433349609375 282.372741699219 282.312164306641 282.251556396484 282.216125488281 282.189086914062 282.162078857422 282.135040283203 282.108001708984 282.080963134766 282.053924560547 282.041931152344 282.075073242188 282.108215332031 282.141357421875 282.174468994141 282.207611083984 282.240753173828 282.273895263672 282.296142578125 282.314758300781 282.333404541016 282.35205078125 282.370666503906 282.389312744141 282.407928466797 282.421691894531 282.420867919922 282.420043945312 282.419219970703 282.418426513672
282.038024902344 282.113708496094 282.189361572266 282.265045166016 282.321350097656 282.371215820312 282.421051025391 282.470916748047 282.520751953125 282.570617675781 282.620452880859 282.642120361328 282.579223632812 282.516326904297 282.453430175781 282.390502929688 282.327606201172 282.264709472656 282.201812744141 282.166656494141 282.140716552734 282.114807128906 282.088897705078 282.06298828125 282.037048339844 282.011138916016 282.000885009766 282.037628173828 282.074371337891 282.111145019531 282.147888183594 282.184631347656 282.221374511719 282.258117675781 282.282440185547 282.302581787109 282.32275390625 282.342895507812 282.363067626953 282.383239746094 282.403381347656 282.418365478516 282.417724609375 282.417083740234 282.416442871094 282.415802001953
281.974822998047 282.043792724609 282.112731933594 282.181701660156 282.236450195312 282.286437988281 282.33642578125 282.386413574219 282.436401367188 282.486419677734 282.536407470703 282.560546875 282.507141113281 282.453765869141 282.400360107422 282.346954345703 282.293579101562 282.240173339844 282.186767578125 282.157104492188 282.135314941406 282.113555908203 282.091796875 282.070007324219 282.048248291016 282.026458740234 282.019561767578 282.057312011719 282.095031738281 282.132781982422 282.170501708984 282.208221435547 282.245971679688 282.28369140625 282.309173583984 282.330535888672 282.351928710938 282.373291015625 282.394683837891 282.416076660156 282.437438964844 282.453308105469 282.452575683594 282.451873779297 282.451171875 282.450469970703
281.91162109375 281.973876953125 282.036102294922 282.098358154297 282.151519775391 282.20166015625 282.251800537109 282.301940917969 282.352081298828 282.402191162109 282.452331542969 282.478973388672 282.435089111328 282.391204833984 282.347290039062 282.303405761719 282.259521484375 282.215637207031 282.171752929688 282.147552490234 282.129913330078 282.1123046875 282.094665527344 282.077056884766 282.059417724609 282.041778564453 282.038238525391 282.076965332031 282.115692138672 282.154418945312 282.193115234375 282.231842041016 282.270568847656 282.309295654297 282.335906982422 282.358520507812 282.381103515625 282.403686523438 282.426300048828 282.448883056641 282.471496582031 282.488250732422 282.487457275391 282.486663818359 282.485900878906 282.485107421875
281.848419189453 281.903961181641 281.95947265625 282.015014648438 282.066619873047 282.116882324219 282.167175292969 282.217437744141 282.267730712891 282.317993164062 282.368286132812 282.397399902344 282.363006591797 282.328643798828 282.294250488281 282.259857177734 282.225494384766 282.191101074219 282.156707763672 282.138000488281 282.12451171875 282.111053466797 282.097564697266 282.084075927734 282.070587158203 282.057098388672 282.056915283203 282.096618652344 282.136322021484 282.176055908203 282.215759277344 282.255462646484 282.295166015625 282.334869384766 282.362640380859 282.386474609375 282.410278320312 282.43408203125 282.457916259766 282.481719970703 282.505554199219 282.523193359375 282.522338867188 282.521484375 282.520629882812 282.519775390625
281.785217285156 281.834045410156 281.882843017578 281.931671142578 281.981689453125 282.032104492188 282.082550048828 282.132965087891 282.183380126953 282.233795166016 282.284210205078 282.315826416016 282.290954589844 282.266052246094 282.241180419922 282.21630859375 282.191436767578 282.166564941406 282.141693115234 282.128479003906 282.119140625 282.109802246094 282.100463867188 282.091125488281 282.081787109375 282.072448730469 282.075592041016 282.116302490234 282.156982421875 282.197692871094 282.238372802734 282.279052734375 282.319763183594 282.360443115234 282.389404296875 282.414428710938 282.439453125 282.464477539062 282.489532470703 282.514556884766 282.539581298828 282.558135986328 282.557189941406 282.556274414062 282.555328369141 282.554412841797
281.722015380859 281.764129638672 281.806213378906 281.848327636719 281.896789550781 281.947357177734 281.997894287109 282.048461914062 282.099029541016 282.149597167969 282.200164794922 282.234252929688 282.218872070312 282.203491210938 282.188140869141 282.172760009766 282.157379150391 282.142028808594 282.126647949219 282.118927001953 282.113739013672 282.108520507812 282.103332519531 282.09814453125 282.092956542969 282.087768554688 282.094268798828 282.135955810547 282.177642822266 282.219329833984 282.260986328125 282.302673339844 282.344360351562 282.386016845703 282.416137695312 282.4423828125 282.468627929688 282.494873046875 282.521148681641 282.547393798828 282.573638916016 282.593078613281 282.592071533203 282.591064453125 282.590057373047 282.589050292969
281.763214111328 281.796478271484 281.829742431641 281.863006591797 281.906158447266 281.952606201172 281.999053955078 282.045532226562 282.091979980469 282.138427734375 282.184875488281 282.217071533203 282.20654296875 282.195983886719 282.185455322266 282.174896240234 282.164367675781 282.153839111328 282.143280029297 282.136535644531 282.131072998047 282.125579833984 282.120086669922 282.114624023438 282.109130859375 282.103668212891 282.110198974609 282.15283203125 282.195465087891 282.238098144531 282.280731201172 282.323364257812 282.365997314453 282.408630371094 282.440063476562 282.467742919922 282.495422363281 282.523101806641 282.55078125 282.578460693359 282.606140136719 282.626800537109 282.626403808594 282.6259765625 282.625579833984 282.625152587891
281.908813476562 281.931121826172 281.953430175781 281.975738525391 282.009857177734 282.047943115234 282.086029052734 282.124114990234 282.162200927734 282.200256347656 282.238342285156 282.264312744141 282.253936767578 282.243530273438 282.233154296875 282.222747802734 282.212341308594 282.201965332031 282.191558837891 282.181335449219 282.171142578125 282.160919189453 282.150726318359 282.140533447266 282.130340576172 282.120147705078 282.123382568359 282.166931152344 282.210479736328 282.254028320312 282.297607421875 282.341156005859 282.384704589844 282.428253173828 282.461120605469 282.490447998047 282.519775390625 282.549102783203 282.578430175781 282.607757568359 282.637084960938 282.659301757812 282.66015625 282.661010742188 282.661865234375 282.662719726562
