resources/Exp000_Example-Run/Run01_M2/TimeSeries/1990/selection_set/t2m_avg.asc
NCOLS 265 
NROWS 230 
XLLCORNER -115.5625 
YLLCORNER 24.8333333333333 
CELLSIZE 0.0833333333333333 
NODATA_value -9999 
[rows 180 to 199 of 230, columns 46 to 91 of 265]
296.450592041016 296.462554931641 296.474548339844 296.486541748047 296.49853515625 296.510528564453 296.464294433594 296.398651123047 296.333038330078 296.267395019531 296.201782226562 296.136169433594 296.070526123047 295.984008789062 295.834808349609 295.685607910156 295.536407470703 295.38720703125 295.238006591797 295.088806152344 294.939605712891 294.815093994141 294.698791503906 294.58251953125 294.466217041016 294.349945068359 294.233642578125 294.117370605469 293.915588378906 293.457366943359 292.999145507812 292.540924072266 292.082702636719 291.624481201172 291.166259765625 290.708038330078 290.139404296875 289.533935546875 288.928497314453 288.323028564453 287.717590332031 287.112121582031 286.506683349609 286.031829833984 285.948822021484 285.865783691406
296.408721923828 296.428100585938 296.447479248047 296.466857910156 296.486236572266 296.505615234375 296.462829589844 296.399383544922 296.335906982422 296.272430419922 296.208984375 296.1455078125 296.08203125 296.003479003906 295.879608154297 295.755767822266 295.631896972656 295.508026123047 295.384185791016 295.260314941406 295.136444091797 294.994689941406 294.846984863281 294.699279785156 294.551544189453 294.403839111328 294.256103515625 294.1083984375 293.878875732422 293.403991699219 292.929107666016 292.454223632812 291.979339599609 291.504455566406 291.029571533203 290.5546875 289.993591308594 289.403747558594 288.813934326172 288.22412109375 287.63427734375 287.044464111328 286.454620361328 285.988861083984 285.895202636719 285.801544189453
296.366882324219 296.393646240234 296.42041015625 296.447174072266 296.473937988281 296.500701904297 296.461395263672 296.400085449219 296.338775634766 296.277465820312 296.216156005859 296.154846191406 296.093566894531 296.02294921875 295.924407958984 295.825897216797 295.727386474609 295.628875732422 295.530334472656 295.431823730469 295.333312988281 295.17431640625 294.995178222656 294.816009521484 294.636871337891 294.457733154297 294.278564453125 294.099426269531 293.842163085938 293.350616455078 292.859069824219 292.367523193359 291.8759765625 291.384429931641 290.892852783203 290.401306152344 289.847778320312 289.273590087891 288.699371337891 288.125183105469 287.550964355469 286.976776123047 286.402587890625 285.945861816406 285.841583251953 285.737335205078
296.325042724609 296.359191894531 296.393341064453 296.427490234375 296.461639404297 296.495788574219 296.4599609375 296.400787353516 296.341644287109 296.282501220703 296.223358154297 296.164215087891 296.105072021484 296.042419433594 295.96923828125 295.896057128906 295.822875976562 295.749694824219 295.676513671875 295.603332519531 295.530151367188 295.353912353516 295.143341064453 294.932769775391 294.722198486328 294.511596679688 294.301025390625 294.090454101562 293.805480957031 293.297241210938 292.789031982422 292.280822753906 291.772613525391 291.264373779297 290.756164550781 290.247955322266 289.701965332031 289.143402099609 288.584808349609 288.026245117188 287.467681884766 286.909118652344 286.350524902344 285.902893066406 285.787994384766 285.673095703125
296.283172607422 296.32470703125 296.366241455078 296.407775878906 296.449310302734 296.490844726562 296.45849609375 296.401519775391 296.344512939453 296.287536621094 296.230560302734 296.173553466797 296.116577148438 296.061889648438 296.014038085938 295.966186523438 295.918365478516 295.870513916016 295.822662353516 295.774841308594 295.726989746094 295.533538818359 295.291534423828 295.049499511719 294.807495117188 294.565490722656 294.323486328125 294.081481933594 293.768768310547 293.243865966797 292.718994140625 292.194122314453 291.669219970703 291.144348144531 290.619476318359 290.094604492188 289.55615234375 289.013214111328 288.470275878906 287.927337646484 287.384368896484 286.841430664062 286.298492431641 285.859893798828 285.734375 285.608856201172
296.241333007812 296.290252685547 296.339172363281 296.388092041016 296.43701171875 296.485931396484 296.457061767578 296.402221679688 296.347412109375 296.292572021484 296.237731933594 296.182922363281 296.128082275391 296.081359863281 296.058837890625 296.036346435547 296.013854980469 295.991333007812 295.968841552734 295.946350097656 295.923828125 295.713134765625 295.439697265625 295.166259765625 294.892822265625 294.619384765625 294.345947265625 294.072509765625 293.732055664062 293.190490722656 292.648956298828 292.107421875 291.565856933594 291.024322509766 290.482788085938 289.941223144531 289.410369873047 288.883026123047 288.355712890625 287.828399658203 287.301086425781 286.773742675781 286.246429443359 285.81689453125 285.680755615234 285.544616699219
-9999 296.261108398438 296.313873291016 296.366607666016 296.419372558594 296.472106933594 296.454284667969 296.412902832031 296.371551513672 296.330169677734 296.288818359375 296.247436523438 296.206085205078 296.172729492188 296.163513183594 296.154296875 296.145080566406 296.135864257812 296.126617431641 296.117401123047 296.108184814453 295.890808105469 295.604064941406 295.317291259766 295.030548095703 294.743804931641 294.45703125 294.170288085938 293.818969726562 293.273986816406 292.72900390625 292.184020996094 291.639007568359 291.094024658203 290.549041748047 290.004058837891 289.466339111328 288.930999755859 288.395690917969 287.860382080078 287.325073242188 286.789764404297 286.254455566406 285.814392089844 285.660095214844 285.505828857422
-9999 -9999 -9999 296.343322753906 296.396331787109 296.449340820312 296.450164794922 296.433563232422 296.416931152344 296.400329589844 296.383728027344 296.367126464844 296.350524902344 296.336059570312 296.328063964844 296.320068359375 296.312042236328 296.304046630859 296.296051025391 296.288024902344 296.280029296875 296.066558837891 295.784606933594 295.502624511719 295.220672607422 294.938720703125 294.656768798828 294.374786376953 294.029510498047 293.494323730469 292.959106445312 292.423889160156 291.888702392578 291.353485107422 290.818267822266 290.283081054688 289.724090576172 289.157165527344 288.590240478516 288.023315429688 287.456390380859 286.889465332031 286.322540283203 285.852355957031 285.672393798828 285.492462158203
-9999 -9999 -9999 -9999 296.373321533203 296.426605224609 296.446044921875 296.454193115234 296.462341308594 296.470489501953 296.478668212891 296.48681640625 296.494964599609 296.499389648438 296.492614746094 296.485809326172 296.479034423828 296.472229003906 296.465454101562 296.458679199219 296.451873779297 296.242309570312 295.965148925781 295.687957763672 295.410797119141 295.133636474609 294.856475830078 294.579315185547 294.240081787109 293.714630126953 293.189208984375 292.663787841797 292.138366699219 291.612945556641 291.087524414062 290.562072753906 289.981811523438 289.38330078125 288.784759521484 288.186218261719 287.587677001953 286.989135742188 286.390594482422 285.890289306641 285.684722900391 285.479125976562
-9999 -9999 -9999 -9999 -9999 296.403839111328 296.441925048828 296.474822998047 296.507751464844 296.540679931641 296.573577880859 296.606506347656 296.639404296875 296.662719726562 296.657135009766 296.651580810547 296.64599609375 296.640441894531 296.634857177734 296.629302978516 296.623718261719 296.418060302734 296.145690917969 295.873291015625 295.600921630859 295.328552246094 295.056182861328 294.783813476562 294.450622558594 293.934967041016 293.419342041016 292.903686523438 292.388031005859 291.872375488281 291.356750488281 290.841094970703 290.239562988281 289.609436035156 288.979278564453 288.34912109375 287.718963623047 287.088836669922 286.458679199219 285.928253173828 285.697021484375 285.465789794922
-9999 -9999 -9999 -9999 -9999 -9999 296.437805175781 296.495483398438 296.553161621094 296.61083984375 296.668518066406 296.726196289062 296.783874511719 296.826049804688 296.821685791016 296.817321777344 296.81298828125 296.808624267578 296.804260253906 296.799926757812 296.795562744141 296.593780517578 296.326202392578 296.058624267578 295.791046142578 295.523468017578 295.255889892578 294.988311767578 294.661163330078 294.155303955078 293.649444580078 293.143585205078 292.6376953125 292.1318359375 291.6259765625 291.1201171875 290.497314453125 289.835571289062 289.173797607422 288.512054443359 287.850280761719 287.188507080078 286.526763916016 285.966217041016 285.709320068359 285.452423095703
-9999 -9999 -9999 -9999 -9999 -9999 -9999 296.51611328125 296.598571777344 296.680999755859 296.763427734375 296.845886230469 296.928314208984 296.989349365234 296.986236572266 296.983093261719 296.979949951172 296.976806640625 296.973693847656 296.970550537109 296.967407226562 296.76953125 296.506744384766 296.243957519531 295.981170654297 295.718414306641 295.455627441406 295.192840576172 294.871704101562 294.375640869141 293.879547119141 293.383453369141 292.887390136719 292.391296386719 291.895202636719 291.399139404297 290.755065917969 290.061706542969 289.368316650391 288.674957275391 287.981567382812 287.288208007812 286.594818115234 286.004180908203 285.721618652344 285.439086914062
-9999 -9999 -9999 -9999 -9999 -9999 -9999 -9999 296.615142822266 296.709350585938 296.803558349609 296.897766113281 296.991973876953 297.063751220703 297.068176269531 297.072601318359 297.077026367188 297.081481933594 297.085906982422 297.09033203125 297.094787597656 296.91015625 296.662506103516 296.414855957031 296.167205810547 295.919586181641 295.671936035156 295.424285888672 295.117034912109 294.630981445312 294.144958496094 293.658905029297 293.1728515625 292.686798095703 292.200744628906 291.714721679688 291.062744140625 290.35546875 289.648193359375 288.940948486328 288.233673095703 287.526397705078 286.819122314453 286.211181640625 285.901275634766 285.591339111328
-9999 -9999 -9999 -9999 -9999 -9999 -9999 -9999 -9999 -9999 -9999 -9999 -9999 297.049163818359 297.067535400391 297.085876464844 297.104248046875 297.122589111328 297.140930175781 297.159301757812 297.177642822266 297.015625 296.79345703125 296.571319580078 296.349151611328 296.127014160156 295.904846191406 295.682708740234 295.397155761719 294.92138671875 294.445648193359 293.969879150391 293.494140625 293.018371582031 292.542633056641 292.066864013672 291.420349121094 290.716888427734 290.013427734375 289.309997558594 288.606536865234 287.903076171875 287.199645996094 286.587280273438 286.248260498047 285.909210205078
-9999 -9999 -9999 -9999 -9999 -9999 -9999 -9999 -9999 -9999 -9999 -9999 -9999 297.034606933594 297.06689453125 297.099151611328 297.131439208984 297.163696289062 297.195983886719 297.228240966797 297.260528564453 297.12109375 296.924438476562 296.727752685547 296.531097412109 296.334442138672 296.137786865234 295.941101074219 295.67724609375 295.211791992188 294.746337890625 294.280853271484 293.815399169922 293.349945068359 292.884490966797 292.419036865234 291.777923583984 291.078308105469 290.378662109375 289.679046630859 288.979400634766 288.27978515625 287.580139160156 286.96337890625 286.595245361328 286.227081298828
-9999 -9999 -9999 -9999 -9999 -9999 -9999 -9999 -9999 -9999 -9999 -9999 -9999 297.020050048828 297.066223144531 297.112426757812 297.158630371094 297.204803466797 297.251007080078 297.297210693359 297.343383789062 297.2265625 297.055389404297 296.884216308594 296.713043212891 296.541870117188 296.370697021484 296.199523925781 295.957336425781 295.502166748047 295.047027587891 294.591857910156 294.136688232422 293.681518554688 293.226348876953 292.771179199219 292.135528564453 291.439727783203 290.743896484375 290.048095703125 289.352294921875 288.656463623047 287.960662841797 287.339477539062 286.942199707031 286.544952392578
-9999 -9999 -9999 -9999 -9999 -9999 -9999 -9999 -9999 -9999 -9999 -9999 -9999 297.005462646484 297.065582275391 297.125701904297 297.185821533203 297.245941162109 297.306030273438 297.366149902344 297.42626953125 297.33203125 297.186340332031 297.040679931641 296.894989013672 296.749298095703 296.603607177734 296.457916259766 296.237457275391 295.792572021484 295.347686767578 294.90283203125 294.457946777344 294.013092041016 293.568206787109 293.123352050781 292.493133544922 291.801147460938 291.109130859375 290.417144775391 289.725158691406 289.033172607422 288.341186523438 287.715576171875 287.289184570312 286.86279296875
-9999 -9999 -9999 -9999 -9999 -9999 -9999 -9999 -9999 -9999 -9999 -9999 -9999 296.990905761719 297.06494140625 297.138977050781 297.213012695312 297.287048339844 297.361083984375 297.435119628906 297.509155273438 297.4375 297.317321777344 297.197113037109 297.076934814453 296.956726074219 296.836517333984 296.716339111328 296.517547607422 296.082977294922 295.648376464844 295.213806152344 294.779235839844 294.344665527344 293.910064697266 293.475494384766 292.850738525391 292.162567138672 291.474365234375 290.786193847656 290.098022460938 289.409851074219 288.7216796875 288.091674804688 287.636169433594 287.1806640625
-9999 -9999 -9999 -9999 -9999 -9999 -9999 -9999 -9999 -9999 -9999 -9999 -9999 -9999 297.033874511719 297.114440917969 297.195007324219 297.275573730469 297.356140136719 297.436706542969 297.517272949219 297.465454101562 297.369537353516 297.273590087891 297.177673339844 297.081726074219 296.985809326172 296.889862060547 296.714660644531 296.301605224609 295.888519287109 295.475463867188 295.062408447266 294.649322509766 294.236267089844 293.823211669922 293.216705322266 292.545776367188 291.874816894531 291.203857421875 290.532897949219 289.861938476562 289.190979003906 288.567474365234 288.086364746094 287.605255126953
-9999 -9999 -9999 -9999 -9999 -9999 -9999 -9999 -9999 -9999 -9999 -9999 -9999 -9999 -9999 297.052093505859 297.131805419922 297.211517333984 297.291229248047 297.370910644531 297.450622558594 297.415893554688 297.342987060547 297.270111083984 297.197204589844 297.124328613281 297.051422119141 296.978515625 296.828765869141 296.448455810547 296.068115234375 295.687774658203 295.307434082031 294.927124023438 294.546783447266 294.166442871094 293.591094970703 292.950775146484 292.310424804688 291.670074462891 291.029724121094 290.389404296875 289.749053955078 289.142974853516 288.639770507812 288.136566162109
