resources/Exp000_Example-Run/Run01_M2/TimeSeries/1990/selection_set/t2m_avg.asc
NCOLS 265 
NROWS 230 
XLLCORNER -115.5625 
YLLCORNER 24.8333333333333 
CELLSIZE 0.0833333333333333 
NODATA_value -9999 
[rows 140 to 159 of 230, columns 46 to 91 of 265]
293.109771728516 292.993438720703 292.877075195312 292.760711669922 292.644348144531 292.527984619141 292.241790771484 291.898986816406 291.556182861328 291.21337890625 290.870574951172 290.527770996094 290.184967041016 289.891571044922 289.746429443359 289.601257324219 289.456085205078 289.310943603516 289.165771484375 289.020599365234 288.875457763672 288.848327636719 288.860565185547 288.872802734375 288.885040283203 288.897277832031 288.909484863281 288.921722412109 288.911651611328 288.834594726562 288.757568359375 288.680511474609 288.603485107422 288.526428222656 288.449401855469 288.372344970703 288.327911376953 288.294342041016 288.260772705078 288.227172851562 288.193603515625 288.160034179688 288.12646484375 288.127349853516 288.231658935547 288.335968017578
292.920257568359 292.799743652344 292.679229736328 292.558746337891 292.438232421875 292.317718505859 292.044738769531 291.720947265625 291.397186279297 291.073394775391 290.749603271484 290.425811767578 290.102020263672 289.82568359375 289.691711425781 289.557769775391 289.423797607422 289.289825439453 289.155853271484 289.021911621094 288.887939453125 288.845611572266 288.833801269531 288.822021484375 288.810241699219 288.798431396484 288.786651611328 288.774871826172 288.753479003906 288.703247070312 288.653015136719 288.602783203125 288.552551269531 288.502319335938 288.452087402344 288.40185546875 288.384826660156 288.378875732422 288.372924804688 288.366973876953 288.361022949219 288.355072021484 288.34912109375 288.369049072266 288.466583251953 288.564117431641
292.730712890625 292.606079101562 292.481414794922 292.356750488281 292.232086181641 292.107452392578 291.847686767578 291.542938232422 291.238159179688 290.933380126953 290.628601074219 290.323822021484 290.019073486328 289.759796142578 289.637023925781 289.514251708984 289.391479492188 289.268737792969 289.145965576172 289.023193359375 288.900421142578 288.842864990234 288.807067871094 288.771240234375 288.735443115234 288.699615478516 288.663818359375 288.627990722656 288.595275878906 288.571868896484 288.548431396484 288.525024414062 288.501586914062 288.478179931641 288.454742431641 288.431335449219 288.441741943359 288.463409423828 288.485076904297 288.506774902344 288.528442382812 288.550109863281 288.571807861328 288.610748291016 288.701507568359 288.792266845703
292.541198730469 292.412384033203 292.283569335938 292.15478515625 292.025970458984 291.897155761719 291.650634765625 291.364898681641 291.079132080078 290.793365478516 290.507629394531 290.221862792969 289.936096191406 289.693908691406 289.582336425781 289.470764160156 289.359191894531 289.247619628906 289.136047363281 289.024475097656 288.912902832031 288.840148925781 288.780303955078 288.720489501953 288.66064453125 288.600799560547 288.540985107422 288.481140136719 288.437103271484 288.440490722656 288.443878173828 288.447265625 288.450653076172 288.454040527344 288.457427978516 288.460815429688 288.498657226562 288.547943115234 288.597259521484 288.646545410156 288.695861816406 288.745147705078 288.794464111328 288.852447509766 288.936431884766 289.020446777344
292.395874023438 292.257049560547 292.118225097656 291.979400634766 291.840545654297 291.701721191406 291.462554931641 291.18994140625 290.917358398438 290.644744873047 290.372131347656 290.099517822266 289.826934814453 289.597381591797 289.497039794922 289.396697998047 289.296356201172 289.196014404297 289.095672607422 288.995330810547 288.894989013672 288.822540283203 288.759399414062 288.696258544922 288.633117675781 288.569976806641 288.5068359375 288.443664550781 288.398681640625 288.408203125 288.417694091797 288.427215576172 288.436706542969 288.446228027344 288.455718994141 288.465240478516 288.518463134766 288.586303710938 288.654113769531 288.721923828125 288.789764404297 288.857574462891 288.925384521484 288.997131347656 289.080627441406 289.164093017578
292.294799804688 292.140075683594 291.985321044922 291.830596923828 291.675842285156 291.521087646484 291.283416748047 291.018096923828 290.752777099609 290.487457275391 290.222137451172 289.956817626953 289.691497802734 289.470245361328 289.381164550781 289.292083740234 289.203002929688 289.113922119141 289.024841308594 288.935729980469 288.846649169922 288.790069580078 288.744323730469 288.698608398438 288.652862548828 288.607116699219 288.561370849609 288.515625 288.480041503906 288.474975585938 288.469909667969 288.46484375 288.459747314453 288.454681396484 288.449615478516 288.444549560547 288.501190185547 288.578430175781 288.655670166016 288.73291015625 288.810150146484 288.887390136719 288.964630126953 289.044860839844 289.134063720703 289.223266601562
292.193725585938 292.023071289062 291.852416992188 291.681793212891 291.511138916016 291.340484619141 291.104309082031 290.846252441406 290.588226318359 290.330200195312 290.072174072266 289.814147949219 289.556091308594 289.343109130859 289.265289306641 289.187469482422 289.109649658203 289.031799316406 288.953979492188 288.876159667969 288.798309326172 288.757598876953 288.729278564453 288.700927734375 288.672576904297 288.644256591797 288.615905761719 288.587554931641 288.561401367188 288.541748046875 288.522094726562 288.50244140625 288.482818603516 288.463165283203 288.443511962891 288.423858642578 288.483947753906 288.570587158203 288.6572265625 288.743896484375 288.830535888672 288.917175292969 289.003845214844 289.092559814453 289.1875 289.282440185547
292.092651367188 291.906097412109 291.719543457031 291.532989501953 291.346405029297 291.159851074219 290.925170898438 290.674407958984 290.423675537109 290.172943115234 289.922180175781 289.671447753906 289.420684814453 289.216003417969 289.1494140625 289.082855224609 289.016265869141 288.94970703125 288.883117675781 288.816558837891 288.75 288.725128173828 288.714202880859 288.703277587891 288.692321777344 288.681396484375 288.670440673828 288.659515380859 288.642761230469 288.608520507812 288.574310302734 288.540069580078 288.505859375 288.471618652344 288.437408447266 288.403167724609 288.466674804688 288.562744140625 288.658782958984 288.754852294922 288.850921630859 288.946990966797 289.043060302734 289.140258789062 289.240936279297 289.341613769531
291.991577148438 291.789093017578 291.586639404297 291.384185791016 291.181701660156 290.979248046875 290.746032714844 290.502563476562 290.259124755859 290.015655517578 289.772186279297 289.528747558594 289.285278320312 289.0888671875 289.033538818359 288.978240966797 288.922912597656 288.867584228516 288.812286376953 288.756958007812 288.70166015625 288.692657470703 288.699127197266 288.705596923828 288.712066650391 288.718536376953 288.725006103516 288.7314453125 288.724090576172 288.67529296875 288.626495361328 288.577697753906 288.528900146484 288.480102539062 288.431304931641 288.382507324219 288.449401855469 288.554870605469 288.660369873047 288.765838623047 288.871307373047 288.976806640625 289.082275390625 289.18798828125 289.294403076172 289.400787353516
291.890472412109 291.672119140625 291.453735351562 291.235382080078 291.016998291016 290.798614501953 290.56689453125 290.330718994141 290.094573974609 289.8583984375 289.622222900391 289.386047363281 289.149871826172 288.961730957031 288.917663574219 288.873626708984 288.829559326172 288.785491943359 288.741424560547 288.697387695312 288.6533203125 288.660186767578 288.684051513672 288.707946777344 288.731811523438 288.755676269531 288.779541015625 288.803405761719 288.805450439453 288.742065429688 288.6787109375 288.615325927734 288.551940917969 288.488555908203 288.425201416016 288.36181640625 288.43212890625 288.547027587891 288.661926269531 288.776824951172 288.891693115234 289.006591796875 289.121490478516 289.235687255859 289.347839355469 289.4599609375
291.953735351562 291.726806640625 291.499847412109 291.272918701172 291.045989990234 290.819030761719 290.581939697266 290.341461181641 290.100982666016 289.860473632812 289.619995117188 289.379516601562 289.139038085938 288.948089599609 288.905792236328 288.863525390625 288.821228027344 288.778930664062 288.736633300781 288.6943359375 288.652069091797 288.670440673828 288.709045410156 288.747619628906 288.786224365234 288.824829101562 288.863433837891 288.902038574219 288.912872314453 288.840423583984 288.767944335938 288.695495605469 288.623046875 288.550598144531 288.478149414062 288.405700683594 288.472991943359 288.586822509766 288.70068359375 288.814514160156 288.928375244141 289.042205810547 289.156066894531 289.26953125 289.381805419922 289.494110107422
292.181304931641 291.953125 291.724975585938 291.496795654297 291.268646240234 291.040496826172 290.791137695312 290.534729003906 290.278350830078 290.021942138672 289.765533447266 289.509155273438 289.252746582031 289.047943115234 288.997924804688 288.947937011719 288.897918701172 288.847900390625 288.797912597656 288.747894287109 288.697875976562 288.723388671875 288.774047851562 288.82470703125 288.875366210938 288.925994873047 288.976654052734 289.027313232422 289.046325683594 288.970306396484 288.894287109375 288.818267822266 288.742248535156 288.666229248047 288.590209960938 288.514190673828 288.571929931641 288.674285888672 288.776611328125 288.878967285156 288.981292724609 289.083648681641 289.186004638672 289.289459228516 289.396331787109 289.503204345703
292.408874511719 292.179473876953 291.950103759766 291.720703125 291.491333007812 291.261932373047 291.000335693359 290.72802734375 290.455718994141 290.183410644531 289.911071777344 289.638763427734 289.366455078125 289.147796630859 289.090057373047 289.032348632812 288.974609375 288.916900634766 288.859161376953 288.801452636719 288.743713378906 288.776336669922 288.839050292969 288.901763916016 288.964477539062 289.027191162109 289.089904785156 289.152618408203 289.179748535156 289.100189208984 289.020599365234 288.941009521484 288.861419677734 288.781829833984 288.702239990234 288.622650146484 288.6708984375 288.76171875 288.852569580078 288.943389892578 289.034240722656 289.125091552734 289.215911865234 289.309417724609 289.410858154297 289.512329101562
292.636444091797 292.405822753906 292.175201416016 291.944610595703 291.713989257812 291.483367919922 291.209564208984 290.921325683594 290.633087158203 290.344848632812 290.056640625 289.768402099609 289.480163574219 289.247619628906 289.182189941406 289.116760253906 289.051300048828 288.985870361328 288.920440673828 288.85498046875 288.78955078125 288.829254150391 288.904052734375 288.978820800781 289.053588867188 289.128356933594 289.203155517578 289.277923583984 289.313201904297 289.230072021484 289.146911621094 289.063751220703 288.980590820312 288.897430419922 288.814300537109 288.731140136719 288.769836425781 288.849182128906 288.928497314453 289.007843017578 289.087188720703 289.16650390625 289.245849609375 289.329345703125 289.425384521484 289.521423339844
292.864013671875 292.632171630859 292.400329589844 292.168487548828 291.936645507812 291.704833984375 291.418762207031 291.114624023438 290.810455322266 290.506317138672 290.202178955078 289.898010253906 289.593872070312 289.347473144531 289.274322509766 289.201171875 289.127990722656 289.054840087891 288.981689453125 288.908538818359 288.835388183594 288.882202148438 288.969055175781 289.055877685547 289.142700195312 289.229553222656 289.316375732422 289.403228759766 289.446655273438 289.359954833984 289.273223876953 289.186492919922 289.099792480469 289.013061523438 288.926330566406 288.839599609375 288.868804931641 288.936614990234 289.004455566406 289.072296142578 289.140106201172 289.207946777344 289.275756835938 289.349304199219 289.439910888672 289.530517578125
293.091552734375 292.858520507812 292.625457763672 292.392395019531 292.159332275391 291.92626953125 291.627960205078 291.307891845703 290.987823486328 290.667785644531 290.347717285156 290.027648925781 289.707580566406 289.447326660156 289.366455078125 289.285583496094 289.204711914062 289.123840332031 289.042938232422 288.962066650391 288.881195068359 288.935150146484 289.034057617188 289.132934570312 289.231842041016 289.330718994141 289.429626464844 289.528503417969 289.580108642578 289.489837646484 289.399536132812 289.309234619141 289.218963623047 289.128662109375 289.038391113281 288.948089599609 288.9677734375 289.024078369141 289.080413818359 289.13671875 289.193054199219 289.249359130859 289.305694580078 289.369232177734 289.454437255859 289.539611816406
293.277252197266 293.052398681641 292.827545166016 292.602661132812 292.377807617188 292.152923583984 291.853698730469 291.529724121094 291.205718994141 290.881744384766 290.557739257812 290.233764648438 289.909759521484 289.645599365234 289.560913085938 289.476226806641 289.391540527344 289.306854248047 289.22216796875 289.137481689453 289.052795410156 289.102569580078 289.197143554688 289.291717529297 289.386291503906 289.480865478516 289.575439453125 289.670043945312 289.714294433594 289.607604980469 289.500915527344 289.394226074219 289.287536621094 289.180847167969 289.074157714844 288.967468261719 288.973907470703 289.018005371094 289.062133789062 289.106262207031 289.150390625 289.194488525391 289.238616943359 289.295104980469 289.388702392578 289.482330322266
293.421112060547 293.213836669922 293.006561279297 292.79931640625 292.592041015625 292.384796142578 292.096008300781 291.780090332031 291.464141845703 291.148193359375 290.832275390625 290.516326904297 290.200378417969 289.942291259766 289.857696533203 289.773101806641 289.688537597656 289.603942871094 289.519348144531 289.434753417969 289.350158691406 289.384429931641 289.458312988281 289.5322265625 289.606109619141 289.679992675781 289.753875732422 289.827758789062 289.849182128906 289.713287353516 289.577362060547 289.441436767578 289.305541992188 289.169616699219 289.03369140625 288.897766113281 288.88720703125 288.918426513672 288.949645996094 288.980865478516 289.012084960938 289.043304443359 289.074523925781 289.126922607422 289.242767333984 289.358612060547
293.56494140625 293.375274658203 293.185607910156 292.995971679688 292.806304931641 292.616638183594 292.338317871094 292.030426025391 291.722564697266 291.414672851562 291.106781005859 290.798889160156 290.490997314453 290.238983154297 290.154479980469 290.070007324219 289.985504150391 289.901000976562 289.816528320312 289.732025146484 289.647552490234 289.666320800781 289.719512939453 289.772705078125 289.825897216797 289.879089355469 289.932281494141 289.985473632812 289.984100341797 289.818939208984 289.65380859375 289.488647460938 289.323516845703 289.158355712891 288.993225097656 288.828094482422 288.800537109375 288.81884765625 288.837188720703 288.855499267578 288.873809814453 288.892150878906 288.910461425781 288.958709716797 289.096801757812 289.234893798828
293.708770751953 293.536712646484 293.364654541016 293.192626953125 293.020568847656 292.848510742188 292.580627441406 292.280792236328 291.98095703125 291.681121826172 291.381286621094 291.081481933594 290.781646728516 290.535675048828 290.451263427734 290.366882324219 290.282470703125 290.198089599609 290.113708496094 290.029296875 289.944915771484 289.948181152344 289.980682373047 290.01318359375 290.045684814453 290.078216552734 290.110717773438 290.143218994141 290.118988037109 289.924621582031 289.730255126953 289.535858154297 289.341491699219 289.147125244141 288.952758789062 288.758392333984 288.7138671875 288.719268798828 288.724700927734 288.730133056641 288.735534667969 288.740966796875 288.746398925781 288.79052734375 288.950836181641 289.111175537109
