resources/Exp000_Example-Run/Run01_M2/TimeSeries/1990/selection_set/t2m_avg.asc
NCOLS 265 
NROWS 230 
XLLCORNER -115.5625 
YLLCORNER 24.8333333333333 
CELLSIZE 0.0833333333333333 
NODATA_value -9999 
[rows 200 to 219 of 230, columns 92 to 137 of 265]
288.142578125 287.617279052734 287.091979980469 286.566680908203 286.041381835938 285.909881591797 285.90966796875 285.909454345703 285.909210205078 285.908996582031 285.908782958984 285.908538818359 286.006713867188 286.400054931641 286.793395996094 287.186737060547 287.580078125 287.973419189453 288.366790771484 288.760131835938 289.030059814453 289.258880615234 289.487670898438 289.716491699219 289.945281982422 290.174102783203 290.402893066406 290.602600097656 290.714904785156 290.827239990234 290.939575195312 291.051879882812 291.164215087891 291.276550292969 291.388854980469 291.411712646484 291.404693603516 291.397705078125 291.390716552734 291.383728027344 291.376739501953 291.369750976562 291.388549804688 291.484802246094 291.581024169922 291.67724609375
288.651824951172 288.104431152344 287.557006835938 287.009613037109 286.462219238281 286.268981933594 286.193786621094 286.118560791016 286.043365478516 285.968170166016 285.892944335938 285.817749023438 285.857788085938 286.243530273438 286.629272460938 287.015014648438 287.400756835938 287.786499023438 288.172241210938 288.557983398438 288.822448730469 289.046508789062 289.270538330078 289.494598388672 289.718627929688 289.942687988281 290.166717529297 290.369049072266 290.506225585938 290.643402099609 290.780578613281 290.917755126953 291.054931640625 291.192108154297 291.329284667969 291.375640869141 291.391723632812 291.407836914062 291.423919677734 291.440002441406 291.456085205078 291.47216796875 291.51123046875 291.619171142578 291.727111816406 291.835052490234
289.161041259766 288.591552734375 288.022064208984 287.452575683594 286.883087158203 286.628051757812 286.477874755859 286.327697753906 286.177520751953 286.027313232422 285.877136230469 285.726959228516 285.708862304688 286.087005615234 286.465148925781 286.843292236328 287.221435546875 287.599578857422 287.977722167969 288.355865478516 288.614868164062 288.834136962891 289.053405761719 289.272705078125 289.491973876953 289.711273193359 289.930541992188 290.135528564453 290.297546386719 290.459564208984 290.62158203125 290.783630371094 290.945648193359 291.107666015625 291.269714355469 291.339599609375 291.378753662109 291.417938232422 291.457092285156 291.496276855469 291.535430908203 291.574615478516 291.633911132812 291.753540039062 291.873199462891 291.992858886719
289.670257568359 289.078674316406 288.487091064453 287.8955078125 287.303924560547 286.987152099609 286.761993408203 286.536804199219 286.311645507812 286.086486816406 285.861328125 285.636169433594 285.559906005859 285.930450439453 286.300994873047 286.671539306641 287.042083740234 287.412628173828 287.783172607422 288.153717041016 288.407257080078 288.621765136719 288.836303710938 289.050811767578 289.265319824219 289.479858398438 289.694366455078 289.901977539062 290.0888671875 290.275726318359 290.462615966797 290.649505615234 290.836364746094 291.023254394531 291.210113525391 291.303527832031 291.365783691406 291.428039550781 291.490295410156 291.552551269531 291.614776611328 291.677032470703 291.756561279297 291.887939453125 292.019287109375 292.150634765625
290.132171630859 289.524047851562 288.915924072266 288.307800292969 287.699676513672 287.330902099609 287.041900634766 286.752899169922 286.463897705078 286.174896240234 285.885894775391 285.596893310547 285.464294433594 285.800903320312 286.137512207031 286.47412109375 286.810729980469 287.147338867188 287.483947753906 287.820556640625 288.075775146484 288.303894042969 288.531982421875 288.760070800781 288.988159179688 289.216278076172 289.444366455078 289.667266845703 289.874603271484 290.081939697266 290.289306640625 290.496643066406 290.703979492188 290.911315917969 291.11865234375 291.235443115234 291.322052001953 291.408630371094 291.495239257812 291.581817626953 291.668426513672 291.755004882812 291.853546142578 291.98779296875 292.122039794922 292.256317138672
290.546752929688 289.927673339844 289.308563232422 288.689483642578 288.070404052734 287.659362792969 287.317657470703 286.975982666016 286.63427734375 286.292602539062 285.950897216797 285.609191894531 285.422027587891 285.698364257812 285.974700927734 286.251007080078 286.52734375 286.803680419922 287.080017089844 287.356353759766 287.620452880859 287.880462646484 288.140472412109 288.400482177734 288.660491943359 288.920501708984 289.180511474609 289.431396484375 289.654815673828 289.878234863281 290.101623535156 290.325042724609 290.548461914062 290.771881103516 290.995300292969 291.135314941406 291.247528076172 291.359710693359 291.471923828125 291.584136962891 291.696350097656 291.808532714844 291.924774169922 292.053131103516 292.181457519531 292.309814453125
290.961334228516 290.331268310547 289.701232910156 289.071166992188 288.441101074219 287.98779296875 287.593414306641 287.199035644531 286.804656982422 286.410278320312 286.015899658203 285.621490478516 285.379730224609 285.595794677734 285.811859130859 286.027923583984 286.243957519531 286.460021972656 286.676086425781 286.892150878906 287.165100097656 287.45703125 287.748962402344 288.040893554688 288.332824707031 288.624755859375 288.916687011719 289.195495605469 289.434997558594 289.674499511719 289.913970947266 290.153472900391 290.392974853516 290.632446289062 290.871948242188 291.035186767578 291.173004150391 291.310821533203 291.448638916016 291.58642578125 291.724243164062 291.862060546875 291.996032714844 292.118469238281 292.240905761719 292.363311767578
291.375915527344 290.734893798828 290.093872070312 289.452850341797 288.811828613281 288.316253662109 287.869171142578 287.422088623047 286.975036621094 286.527954101562 286.080871582031 285.6337890625 285.337432861328 285.493225097656 285.649017333984 285.804809570312 285.960571289062 286.116363525391 286.272155761719 286.427947998047 286.709777832031 287.033630371094 287.357482910156 287.681304931641 288.005157470703 288.329010009766 288.652862548828 288.959625244141 289.215179443359 289.470764160156 289.726318359375 289.981903076172 290.237457275391 290.493011474609 290.748596191406 290.93505859375 291.098480224609 291.261901855469 291.425323486328 291.588745117188 291.752166748047 291.915588378906 292.067291259766 292.183807373047 292.300323486328 292.416839599609
291.79052734375 291.138519287109 290.486511230469 289.834533691406 289.182525634766 288.644683837891 288.144927978516 287.645172119141 287.145385742188 286.645629882812 286.145874023438 285.646087646484 285.295135498047 285.390655517578 285.486175537109 285.581695556641 285.677215576172 285.772705078125 285.868225097656 285.963745117188 286.254425048828 286.610198974609 286.965972900391 287.321716308594 287.677490234375 288.033264160156 288.389007568359 288.723754882812 288.995391845703 289.267028808594 289.538665771484 289.810302734375 290.081939697266 290.353576660156 290.625213623047 290.834899902344 291.023956298828 291.212982177734 291.402008056641 291.591064453125 291.780090332031 291.969116210938 292.138549804688 292.249145507812 292.359741210938 292.470336914062
292.205108642578 291.542144775391 290.879180908203 290.216186523438 289.55322265625 288.97314453125 288.420684814453 287.868225097656 287.315765380859 286.763305664062 286.210845947266 285.658386230469 285.252868652344 285.2880859375 285.323333740234 285.358581542969 285.393829345703 285.429046630859 285.464294433594 285.499542236328 285.799102783203 286.186798095703 286.574462890625 286.962127685547 287.349822998047 287.737487792969 288.125183105469 288.487854003906 288.775573730469 289.063293457031 289.351013183594 289.638732910156 289.926452636719 290.214141845703 290.501861572266 290.734771728516 290.949432373047 291.1640625 291.378723144531 291.593353271484 291.808013916016 292.022644042969 292.209808349609 292.314483642578 292.419158935547 292.523864746094
292.608032226562 291.945434570312 291.282867431641 290.620300292969 289.957702636719 289.341888427734 288.741638183594 288.141387939453 287.541137695312 286.940887451172 286.340637207031 285.740386962891 285.286804199219 285.273193359375 285.259613037109 285.246002197266 285.232421875 285.218811035156 285.205200195312 285.191619873047 285.4951171875 285.904296875 286.3134765625 286.722686767578 287.131866455078 287.541046142578 287.950256347656 288.330200195312 288.622497558594 288.914764404297 289.207061767578 289.499359130859 289.791625976562 290.083923339844 290.376190185547 290.614868164062 290.835693359375 291.056488037109 291.277282714844 291.498107910156 291.718902587891 291.939697265625 292.134002685547 292.248748779297 292.363494873047 292.478210449219
292.999298095703 292.348449707031 291.697631835938 291.046813964844 290.395965576172 289.750915527344 289.107788085938 288.464630126953 287.821502685547 287.178375244141 286.535217285156 285.89208984375 285.39697265625 285.345977783203 285.294982910156 285.243988037109 285.192993164062 285.141967773438 285.090972900391 285.039978027344 285.342437744141 285.762756347656 286.183044433594 286.603332519531 287.023620605469 287.443939208984 287.864227294922 288.250793457031 288.5361328125 288.821472167969 289.106811523438 289.392181396484 289.677520751953 289.962860107422 290.248199462891 290.475189208984 290.682708740234 290.890228271484 291.097747802734 291.305267333984 291.512756347656 291.720275878906 291.9111328125 292.051910400391 292.192687988281 292.333465576172
293.390533447266 292.75146484375 292.112396240234 291.473327636719 290.834228515625 290.159942626953 289.473907470703 288.787902832031 288.101867675781 287.415832519531 286.729827880859 286.043792724609 285.507171630859 285.418762207031 285.330352783203 285.241943359375 285.153564453125 285.065155029297 284.976745605469 284.888336181641 285.189788818359 285.621185302734 286.052581787109 286.484008789062 286.915405273438 287.346801757812 287.778198242188 288.171356201172 288.449768066406 288.728179931641 289.006591796875 289.285003662109 289.563415527344 289.841827392578 290.120239257812 290.335510253906 290.529724121094 290.723968505859 290.918182373047 291.112396240234 291.306640625 291.500854492188 291.688232421875 291.855072021484 292.021881103516 292.188690185547
293.781799316406 293.154479980469 292.527160644531 291.899810791016 291.272491455078 290.568969726562 289.840057373047 289.111145019531 288.382232666016 287.6533203125 286.924407958984 286.195495605469 285.617340087891 285.491546630859 285.365753173828 285.239929199219 285.114135742188 284.988311767578 284.862518310547 284.736724853516 285.037139892578 285.479644775391 285.922149658203 286.364654541016 286.807159423828 287.249664306641 287.692169189453 288.091918945312 288.363403320312 288.634857177734 288.906341552734 289.177825927734 289.449279785156 289.720764160156 289.992248535156 290.19580078125 290.376739501953 290.557678222656 290.738616943359 290.919555664062 291.100494384766 291.281433105469 291.465362548828 291.658203125 291.85107421875 292.043914794922
294.173065185547 293.557495117188 292.941925048828 292.326324462891 291.710754394531 290.977996826172 290.206207275391 289.434387207031 288.66259765625 287.890808105469 287.118988037109 286.347198486328 285.7275390625 285.564331054688 285.401123046875 285.237915039062 285.07470703125 284.911499023438 284.748291015625 284.585083007812 284.884490966797 285.338104248047 285.791687011719 286.245300292969 286.698913574219 287.152526855469 287.606140136719 288.012481689453 288.277008056641 288.541564941406 288.806091308594 289.070648193359 289.335174560547 289.599700927734 289.8642578125 290.056121826172 290.223785400391 290.391418457031 290.55908203125 290.726715087891 290.894378662109 291.062042236328 291.242492675781 291.461364746094 291.680267333984 291.899139404297
294.564331054688 293.960510253906 293.356658935547 292.752838134766 292.149017333984 291.387054443359 290.572357177734 289.757659912109 288.942962646484 288.128265380859 287.313568115234 286.498870849609 285.837707519531 285.637115478516 285.436492919922 285.235870361328 285.035278320312 284.834655761719 284.634063720703 284.433441162109 284.731811523438 285.196533203125 285.661254882812 286.1259765625 286.590698242188 287.055389404297 287.520111083984 287.933044433594 288.190643310547 288.4482421875 288.705871582031 288.963470458984 289.221069335938 289.478668212891 289.736267089844 289.916442871094 290.07080078125 290.225158691406 290.379516601562 290.533874511719 290.688262939453 290.842620849609 291.019622802734 291.264526367188 291.509460449219 291.75439453125
294.970733642578 294.394714355469 293.818695068359 293.24267578125 292.666656494141 291.894439697266 291.056823730469 290.21923828125 289.381622314453 288.544006347656 287.706390380859 286.868804931641 286.179595947266 285.935638427734 285.691650390625 285.447692871094 285.203735351562 284.959747314453 284.715789794922 284.471832275391 284.746673583984 285.194458007812 285.642242431641 286.090026855469 286.537811279297 286.985595703125 287.433380126953 287.834411621094 288.095184326172 288.35595703125 288.616729736328 288.877502441406 289.138244628906 289.399017333984 289.659790039062 289.835144042969 289.982025146484 290.12890625 290.275787353516 290.422698974609 290.569580078125 290.716461181641 290.890625 291.146606445312 291.402587890625 291.658569335938
295.392272949219 294.860107421875 294.327972412109 293.795806884766 293.263671875 292.500213623047 291.65966796875 290.819122314453 289.978576660156 289.138000488281 288.297454833984 287.456909179688 286.753173828125 286.459899902344 286.166595458984 285.873321533203 285.580047607422 285.286773681641 284.993499755859 284.7001953125 284.929016113281 285.331817626953 285.734649658203 286.137481689453 286.540313720703 286.943145751953 287.345947265625 287.716583251953 287.990631103516 288.2646484375 288.538696289062 288.812713623047 289.086761474609 289.360809326172 289.634826660156 289.812255859375 289.957458496094 290.102691650391 290.247894287109 290.393127441406 290.538330078125 290.683563232422 290.85546875 291.107543945312 291.359619140625 291.611694335938
295.813781738281 295.325531005859 294.837249755859 294.348968505859 293.860687255859 293.105987548828 292.262512207031 291.419006347656 290.575500488281 289.731994628906 288.888519287109 288.045013427734 287.326751708984 286.984161376953 286.641540527344 286.298950195312 285.956359863281 285.61376953125 285.271179199219 284.928588867188 285.111328125 285.469207763672 285.827056884766 286.184936523438 286.542816162109 286.900665283203 287.258544921875 287.598754882812 287.886047363281 288.173370361328 288.460662841797 288.747955322266 289.035247802734 289.322570800781 289.60986328125 289.789367675781 289.932891845703 290.076446533203 290.220001220703 290.363555908203 290.507110595703 290.650665283203 290.820343017578 291.068511962891 291.316650390625 291.564819335938
296.235321044922 295.790924072266 295.346527099609 294.902130126953 294.457702636719 293.711791992188 292.865325927734 292.018890380859 291.172454833984 290.326019287109 289.479553222656 288.633117675781 287.900299072266 287.508422851562 287.116516113281 286.724609375 286.332702636719 285.940795898438 285.548889160156 285.156982421875 285.293670654297 285.606597900391 285.919494628906 286.232391357422 286.545288085938 286.858184814453 287.171112060547 287.480926513672 287.781494140625 288.082061767578 288.382629394531 288.683197021484 288.983764648438 289.284332275391 289.584899902344 289.766448974609 289.908325195312 290.050231933594 290.192108154297 290.333984375 290.475860595703 290.617767333984 290.785217285156 291.029449462891 291.273712158203 291.517944335938
